0	42.220373
50	2.020724
100	0.939762
150	0.170366
200	0.276586
250	0.088681
300	0.123756
350	0.242012
400	0.152367
450	0.275617
500	0.103676
550	0.052540
600	0.140641
650	0.009849
700	0.303513
750	0.227058
800	-0.107574
850	0.152252
900	0.060279
950	-0.036918
1000	-0.079505
1050	0.146717
1100	-0.052104
1150	0.187985
1200	0.050550
1250	0.072236
1300	-0.022223
1350	0.140832
1400	0.102989
1450	0.172378
1500	0.350501
1550	0.288011
1600	0.258304
1650	-0.024140
1700	0.243798
1750	0.317176
1800	0.090702
1850	0.140736
1900	-0.036690
1950	-0.078885
2000	-0.180884
2050	0.170958
2100	0.029579
2150	0.149261
2200	0.181813
2250	0.284721
2300	-0.041047
2350	-0.081369
2400	0.088570
2450	0.072340
2500	-0.094075
2550	-0.014499
2600	0.008039
2650	0.073282
2700	0.169022
2750	0.132547
2800	0.119617
2850	0.160688
2900	-0.032078
2950	-0.044958
3000	0.041510
3050	0.028443
3100	0.064153
3150	0.010010
3200	0.073417
3250	0.070769
3300	0.028637
3350	0.113001
3400	0.139531
3450	0.118221
3500	0.101962
3550	0.016455
3600	-0.161798
3650	-0.072996
3700	-0.008453
3750	0.029787
3800	-0.019736
3850	0.061728
3900	0.057657
3950	0.390782
4000	0.196632
4050	0.052972
4100	-0.013818
4150	0.089503
4200	0.088255
4250	0.041692
4300	0.008720
4350	0.160195
4400	0.013042
4450	0.012968
4500	-0.134759
4550	-0.004065
4600	0.108168
4650	0.068860
4700	-0.023643
4750	0.096681
4800	-0.012958
4850	0.101508
4900	-0.155686
4950	-0.076992
5000	-0.007078
5050	0.130028
5100	-0.217078
5150	0.215354
5200	0.131542
5250	-0.015510
5300	0.041530
5350	0.010864
5400	-0.037036
5450	-0.001588
5500	-0.031289
5550	-0.075283
5600	-0.083582
5650	-0.064691
5700	0.114570
5750	-0.020148
5800	-0.006535
5850	-0.108705
5900	-0.073822
5950	-0.080151
6000	0.159284
6050	0.023684
6100	-0.227361
6150	0.072602
6200	0.098921
6250	-0.039498
6300	-0.019523
6350	0.008650
6400	-0.024790
6450	0.083948
6500	0.075302
6550	-0.037928
6600	0.108698
6650	0.147863
6700	0.035455
6750	0.168583
6800	0.453471
6850	0.308617
6900	0.178331
6950	-0.037930
7000	-0.166240
7050	-0.226175
7100	0.053022
7150	0.259376
7200	0.138024
7250	-0.018168
7300	-0.041701
7350	0.174756
7400	0.122604
7450	-0.174858
7500	0.103780
7550	-0.044857
7600	0.020547
7650	-0.030460
7700	-0.109247
7750	0.071901
7800	-0.056968
7850	0.069242
7900	-0.031346
7950	0.155138
8000	0.206603
8050	0.077329
8100	0.147601
8150	0.090869
8200	0.361598
8250	0.063398
8300	0.197420
8350	-0.223656
8400	-0.140324
8450	-0.056785
8500	0.154150
8550	0.124951
8600	0.090751
8650	0.003506
8700	0.214647
8750	0.064300
8800	-0.113944
8850	0.169147
8900	0.169683
8950	-0.001370
9000	0.127270
9050	0.204032
9100	0.095438
9150	-0.043841
9200	0.068156
9250	-0.009253
9300	-0.134099
9350	0.126363
9400	0.031599
9450	0.084936
9500	0.105715
9550	-0.097788
9600	-0.160478
9650	0.131068
9700	-0.079387
9750	-0.216965
9800	-0.107976
9850	0.216351
9900	0.023654
9950	0.023572
10000	-0.041391
10050	-0.019564
10100	0.190195
10150	0.043061
10200	0.142945
10250	0.058984
10300	-0.014290
10350	-0.186704
10400	-0.012806
10450	0.140607
10500	0.098673
10550	0.049913
10600	0.229183
10650	0.071069
10700	-0.053806
10750	-0.176788
10800	0.085423
10850	0.106577
10900	-0.023030
10950	0.088850
11000	-0.038216
11050	-0.051097
11100	-0.073431
11150	0.013219
11200	-0.106716
11250	-0.046591
11300	-0.102475
11350	-0.001989
11400	-0.064000
11450	0.058326
11500	0.073366
11550	0.123035
11600	-0.172249
11650	-0.284339
11700	-0.075181
11750	0.129526
11800	-0.035861
11850	-0.125112
11900	-0.152311
11950	0.028000
12000	-0.132801
12050	0.006818
12100	0.072742
12150	0.048432
12200	-0.018699
12250	-0.149350
12300	0.112801
12350	-0.050820
12400	0.141746
12450	0.016260
12500	-0.339082
12550	0.157434
12600	0.081270
12650	0.116683
12700	0.317783
12750	0.076287
12800	-0.177218
12850	0.030591
12900	0.154677
12950	0.181687
13000	0.155922
13050	-0.041489
13100	0.051631
13150	0.116947
13200	0.004867
13250	-0.269336
13300	0.127191
13350	0.165112
13400	0.129093
13450	-0.003044
13500	0.368656
13550	0.180061
13600	-0.076421
13650	0.105579
13700	-0.022073
13750	-0.039722
13800	-0.097635
13850	-0.133806
13900	0.147555
13950	-0.187244
14000	-0.237837
14050	0.098382
14100	0.343571
14150	0.087038
14200	0.044678
14250	-0.082181
14300	-0.055414
14350	-0.048471
14400	-0.009680
14450	-0.066451
14500	-0.160802
14550	-0.022983
14600	0.091784
14650	-0.083281
14700	0.061388
14750	-0.119634
14800	0.061792
14850	-0.058982
14900	0.034416
14950	0.187842
15000	-0.144616
15050	-0.128320
15100	0.129374
15150	-0.042127
15200	-0.071636
15250	-0.106758
15300	-0.305644
15350	0.014666
15400	-0.024006
15450	0.123148
15500	0.064342
15550	-0.015467
15600	0.055967
15650	0.030481
15700	0.005473
15750	-0.004559
15800	-0.024419
15850	-0.039837
15900	0.136982
15950	-0.278950
16000	-0.140282
16050	0.026480
16100	-0.120522
16150	0.010001
16200	-0.053552
16250	0.082065
16300	-0.120599
16350	0.021615
16400	-0.068885
16450	-0.198479
16500	0.012970
16550	-0.083598
16600	0.119076
16650	-0.026769
16700	-0.288367
16750	-0.200888
16800	0.117655
16850	0.152964
16900	-0.126501
16950	-0.014529
17000	0.040455
17050	-0.057019
17100	0.044535
17150	-0.015370
17200	-0.161235
17250	-0.057141
17300	0.056132
17350	0.192464
17400	-0.112728
17450	0.196172
17500	-0.045450
17550	0.138031
17600	0.179530
17650	-0.042055
17700	0.021103
17750	-0.042018
17800	-0.164788
17850	0.027159
17900	0.140038
17950	0.231260
18000	0.100340
18050	0.190089
18100	0.001435
18150	0.088979
18200	0.036858
18250	-0.055224
18300	0.044952
18350	-0.072774
18400	0.009832
18450	0.038456
18500	-0.140849
18550	-0.029991
18600	0.034521
18650	-0.154309
18700	-0.049679
18750	-0.040924
18800	-0.078282
18850	-0.018105
18900	0.034616
18950	0.007009
19000	-0.111072
19050	0.035964
19100	0.275430
19150	-0.147354
19200	-0.138629
19250	-0.005919
19300	-0.152143
19350	-0.340548
19400	-0.082652
19450	0.166255
19500	-0.113187
19550	-0.198342
19600	-0.276109
19650	0.073718
19700	0.088627
19750	0.032867
19800	0.078011
19850	-0.104919
19900	-0.188265
19950	-0.081449
20000	-0.009675
20050	-0.045172
20100	-0.077930
20150	-0.101473
20200	0.086926
20250	-0.037445
20300	0.037605
20350	-0.163307
20400	0.086289
20450	0.114610
20500	-0.119999
20550	0.011519
20600	0.008417
20650	0.019344
20700	-0.026364
20750	-0.160895
20800	0.200208
20850	-0.025141
20900	-0.122432
20950	0.198242
21000	0.035815
21050	-0.286620
21100	0.017126
21150	0.129040
21200	0.228996
21250	0.089197
21300	0.051447
21350	0.125917
21400	-0.194778
21450	0.189350
21500	-0.021057
21550	0.016839
21600	0.209935
21650	0.104722
21700	0.017262
21750	-0.173306
21800	0.066712
21850	-0.143286
21900	0.093647
21950	-0.093388
22000	0.074493
22050	0.068118
22100	0.188860
22150	-0.061789
22200	0.054258
22250	-0.198411
22300	0.020585
22350	0.116769
22400	0.146667
22450	-0.167184
22500	-0.004543
22550	0.096816
22600	0.289672
22650	-0.087754
22700	0.027115
22750	-0.140755
22800	-0.073945
22850	-0.113102
22900	0.123782
22950	0.000831
23000	-0.089258
23050	0.082316
23100	0.145413
23150	-0.014119
23200	0.049628
23250	-0.129766
23300	-0.149183
23350	0.179825
23400	-0.221440
23450	-0.091600
23500	-0.111216
23550	0.050359
23600	0.066892
23650	-0.113054
23700	0.086049
23750	-0.078738
23800	0.071924
23850	0.020598
23900	0.084525
23950	0.003398
24000	0.117035
24050	0.129759
24100	0.152199
24150	0.196790
24200	-0.185165
24250	0.006650
24300	0.024334
24350	0.007015
24400	-0.195730
24450	0.078246
24500	0.185941
24550	0.249104
24600	0.260851
24650	-0.080932
24700	-0.066252
24750	-0.112151
24800	0.186942
24850	-0.034906
24900	-0.125659
24950	-0.108354
25000	-0.001971
25050	-0.170170
25100	-0.043690
25150	-0.058783
25200	0.078185
25250	0.102628
25300	0.111011
25350	-0.000552
25400	0.147001
25450	-0.061907
25500	0.121464
25550	0.112113
25600	0.095149
25650	-0.005278
25700	0.073874
25750	-0.195183
25800	0.132760
25850	-0.038133
25900	-0.201425
25950	-0.247804
26000	0.162605
26050	-0.196363
26100	-0.113919
26150	0.011290
26200	-0.010630
26250	0.035860
26300	0.016979
26350	0.103711
26400	0.294067
26450	-0.040857
26500	0.046630
26550	0.030059
26600	-0.012833
26650	0.189771
26700	-0.031370
26750	0.208896
26800	-0.097669
26850	-0.109837
26900	-0.099604
26950	0.001611
27000	-0.094353
27050	0.146294
27100	-0.082388
27150	0.035411
27200	-0.101978
27250	0.086433
27300	-0.107087
27350	-0.031115
27400	-0.052674
27450	0.170245
27500	-0.049983
27550	0.260219
27600	0.068923
27650	0.097706
27700	0.165412
27750	-0.024836
27800	0.045837
27850	-0.095859
27900	0.042196
27950	-0.185322
28000	-0.021440
28050	0.026643
28100	0.084810
28150	0.019715
28200	-0.070090
28250	0.107044
28300	-0.042937
28350	-0.264740
28400	0.177346
28450	-0.098303
28500	-0.102524
28550	0.162088
28600	0.028293
28650	-0.123708
28700	0.106738
28750	-0.012677
28800	-0.077843
28850	0.010684
28900	0.127223
28950	-0.005459
29000	0.097881
29050	-0.106117
29100	-0.178753
29150	0.054228
29200	0.218896
29250	-0.042707
29300	-0.007847
29350	0.039401
29400	-0.054491
29450	-0.108192
29500	0.065514
29550	0.092220
29600	-0.077245
29650	-0.169233
29700	0.038826
29750	-0.005456
29800	0.046932
29850	0.084839
29900	0.166972
29950	-0.145579
30000	-0.217285
30050	-0.143132
30100	-0.164065
30150	-0.094776
30200	0.175154
30250	0.117417
30300	0.053314
30350	-0.010943
30400	0.112156
30450	-0.090187
30500	0.096100
30550	0.112884
30600	0.027183
30650	0.133140
30700	0.159609
30750	0.064245
30800	-0.028897
30850	-0.011342
30900	-0.050534
30950	0.132585
31000	0.160795
31050	-0.129186
31100	-0.053604
31150	0.015688
31200	0.134610
31250	-0.068017
31300	-0.194425
31350	0.121460
31400	0.078463
31450	-0.158567
31500	-0.091288
31550	-0.025859
31600	0.125541
31650	-0.065104
31700	0.109987
31750	-0.191769
31800	-0.040931
31850	0.152094
31900	-0.075507
31950	-0.023632
32000	0.087666
32050	0.016582
32100	0.004579
32150	-0.147582
32200	0.013280
32250	0.153179
32300	0.123898
32350	-0.058320
32400	0.219427
32450	0.134295
32500	0.067548
32550	0.172846
32600	0.079300
32650	0.072682
32700	0.076013
32750	-0.086687
32800	-0.066293
32850	-0.311807
32900	0.074436
32950	-0.009466
33000	-0.273410
33050	0.092810
33100	0.105928
33150	0.109979
33200	0.191245
33250	-0.256703
33300	0.022433
33350	-0.010254
33400	0.029344
33450	0.096768
33500	-0.004777
33550	-0.138167
33600	0.116454
33650	0.186606
33700	-0.164324
33750	0.065041
33800	-0.102852
33850	-0.018614
33900	0.269985
33950	0.095496
34000	0.195487
34050	0.056254
34100	0.061597
34150	0.078997
34200	-0.148702
34250	-0.036228
34300	-0.064431
34350	0.122889
34400	0.160829
34450	0.134160
34500	0.109105
34550	0.278165
34600	0.089040
34650	-0.113323
34700	-0.149051
34750	0.083395
34800	-0.123239
34850	-0.047627
34900	0.124958
34950	-0.002943
35000	-0.066262
35050	0.158197
35100	-0.055504
35150	0.274056
35200	-0.100013
35250	0.036159
35300	-0.080700
35350	0.054430
35400	-0.127392
35450	0.068590
35500	-0.070807
35550	0.016104
35600	0.017857
35650	0.093006
35700	0.156610
35750	0.213369
35800	0.359110
35850	-0.134076
35900	0.018414
35950	-0.015534
36000	-0.031034
36050	-0.055287
36100	0.049604
36150	-0.086671
36200	0.059779
36250	-0.073190
36300	-0.009620
36350	-0.070555
36400	0.015507
36450	-0.000639
36500	0.022161
36550	0.150197
36600	0.014980
36650	0.177485
36700	0.150515
36750	0.074492
36800	-0.204133
36850	0.196327
36900	0.101431
36950	0.012208
37000	0.105375
37050	-0.013984
37100	0.040308
37150	0.046121
37200	-0.019676
37250	-0.043531
37300	-0.168427
37350	-0.026990
37400	0.085217
37450	-0.033134
37500	0.015977
37550	0.104402
37600	0.093366
37650	0.039358
37700	-0.059910
37750	0.157407
37800	-0.000879
37850	0.009966
37900	-0.135517
37950	-0.040710
38000	-0.036824
38050	-0.050795
38100	0.062785
38150	-0.091275
38200	-0.007668
38250	0.068337
38300	0.064862
38350	0.169627
38400	0.135070
38450	0.141543
38500	-0.000435
38550	0.040762
38600	0.252720
38650	-0.107178
38700	0.023111
38750	0.162708
38800	0.046157
38850	0.218387
38900	0.142784
38950	0.124100
39000	0.015388
39050	-0.191066
39100	-0.002470
39150	0.040747
39200	0.130772
39250	0.132541
39300	0.053894
39350	0.114164
39400	-0.151485
39450	-0.088806
39500	-0.164338
39550	-0.210394
39600	0.123426
39650	-0.086852
39700	0.043997
39750	0.031559
39800	-0.187429
39850	0.140444
39900	0.006408
39950	-0.183168
40000	-0.004411
40050	0.322160
40100	0.089620
40150	-0.022139
40200	0.173579
40250	-0.001107
40300	0.325785
40350	0.090084
40400	0.087392
40450	-0.054850
40500	0.327504
40550	0.260590
40600	0.163542
40650	0.139472
40700	-0.080171
40750	-0.000734
40800	-0.056646
40850	0.080431
40900	0.182138
40950	-0.072645
41000	-0.103653
41050	0.050548
41100	0.012921
41150	-0.127104
41200	0.170558
41250	0.345160
41300	0.079283
41350	-0.031430
41400	0.171342
41450	0.100644
41500	-0.212225
41550	0.080941
41600	-0.167055
41650	-0.034544
41700	-0.135683
41750	-0.084505
41800	-0.064220
41850	0.125736
41900	0.009105
41950	0.216244
42000	0.093191
42050	0.018119
42100	0.132969
42150	0.049072
42200	0.046141
42250	-0.058902
42300	0.007290
42350	0.260630
42400	0.206120
42450	-0.135621
42500	0.016244
42550	-0.024851
42600	0.008948
42650	-0.095686
42700	-0.018871
42750	0.038200
42800	0.086489
42850	-0.106060
42900	0.134970
42950	0.006569
43000	-0.011267
43050	0.048889
43100	-0.026550
43150	0.136360
43200	0.157226
43250	-0.004224
43300	-0.327657
43350	-0.082231
43400	-0.152468
43450	-0.166153
43500	-0.019257
43550	0.221851
43600	-0.023738
43650	0.245225
43700	0.092004
43750	-0.017933
43800	-0.045679
43850	-0.020352
43900	0.062855
43950	-0.018218
44000	0.096312
44050	0.080377
44100	-0.006393
44150	0.083540
44200	-0.065769
44250	-0.074476
44300	0.017477
44350	0.025342
44400	0.005579
44450	0.279744
44500	-0.104788
44550	0.135625
44600	0.205239
44650	0.216998
44700	0.089434
44750	0.112293
44800	0.106548
44850	-0.009667
44900	0.246840
44950	-0.024219
45000	-0.118602
45050	-0.014716
45100	-0.026016
45150	0.160392
45200	0.023834
45250	0.209346
45300	-0.029858
45350	0.142743
45400	0.047893
45450	0.078618
45500	0.145781
45550	0.151349
45600	-0.039969
45650	-0.042758
45700	0.186261
45750	0.239201
45800	0.048564
45850	0.214778
45900	-0.070734
45950	0.032799
46000	0.054690
46050	-0.092811
46100	0.104061
46150	0.084003
46200	-0.344019
46250	0.117800
46300	0.144132
46350	0.093420
46400	-0.003030
46450	-0.012736
46500	0.204591
46550	0.000573
46600	-0.055144
46650	0.207124
46700	-0.018838
46750	-0.235737
46800	0.022868
46850	-0.065640
46900	-0.166038
46950	-0.055847
47000	0.137695
47050	0.022635
47100	-0.024356
47150	0.029272
47200	0.053883
47250	-0.074860
47300	-0.015006
47350	0.193943
47400	0.094414
47450	0.033366
47500	-0.043612
47550	0.012797
47600	-0.183215
47650	0.080737
47700	0.159257
47750	-0.088022
47800	0.141016
47850	0.069943
47900	0.057282
47950	-0.031249
48000	-0.064265
48050	0.167988
48100	-0.078942
48150	-0.065347
48200	0.058394
48250	0.188380
48300	-0.142986
48350	0.026349
48400	-0.099282
48450	0.056049
48500	0.014324
48550	-0.120774
48600	-0.033852
48650	0.181753
48700	0.215048
48750	0.040567
48800	-0.157807
48850	-0.070964
48900	0.002480
48950	0.142256
49000	0.041282
49050	0.079916
49100	-0.075956
49150	0.021399
49200	-0.167584
49250	-0.108740
49300	-0.124741
49350	0.039337
49400	0.176740
49450	0.221838
49500	0.303191
49550	0.139114
49600	0.176333
49650	-0.054158
49700	0.068895
49750	-0.230586
49800	0.185487
49850	0.099864
49900	-0.049905
49950	0.213875
50000	0.023203
50050	0.225058
50100	0.202003
50150	0.003600
50200	-0.030429
50250	-0.139166
50300	0.001050
50350	0.203477
50400	-0.272025
50450	-0.282742
50500	0.135971
50550	0.041882
50600	0.064820
50650	-0.006695
50700	0.267882
50750	0.052145
50800	-0.052859
50850	-0.249297
50900	-0.019634
50950	0.058890
51000	0.050613
51050	-0.072270
51100	0.072684
51150	0.008168
51200	0.065005
51250	-0.104596
51300	0.020521
51350	-0.067662
51400	-0.061249
51450	-0.129726
51500	0.065705
51550	-0.158692
51600	-0.030497
51650	-0.333191
51700	0.045791
51750	-0.218086
51800	-0.065549
51850	-0.178604
51900	-0.095747
51950	-0.005396
52000	-0.042088
52050	0.016326
52100	-0.102229
52150	0.185463
52200	0.029831
52250	0.109894
52300	0.132420
52350	0.099185
52400	-0.157931
52450	-0.104107
52500	-0.147255
52550	-0.126303
52600	-0.044409
52650	-0.037222
52700	0.155926
52750	-0.009682
52800	0.147514
52850	0.058751
52900	0.077056
52950	-0.006406
53000	0.065625
53050	-0.127147
53100	0.133419
53150	0.095753
53200	-0.191758
53250	0.167221
53300	-0.073700
53350	-0.159763
53400	-0.056438
53450	0.156982
53500	0.017497
53550	-0.199800
53600	-0.072468
53650	-0.325207
53700	-0.069505
53750	-0.161994
53800	-0.088410
53850	0.079189
53900	-0.077022
53950	-0.157790
54000	-0.155472
54050	0.253649
54100	0.216578
54150	0.080245
54200	-0.180981
54250	0.044372
54300	-0.209175
54350	0.017621
54400	-0.018312
54450	0.014905
54500	-0.032197
54550	0.000551
54600	0.218274
54650	0.127643
54700	-0.003005
54750	-0.119047
54800	-0.096613
54850	0.027401
54900	-0.038348
54950	-0.021159
55000	-0.065422
55050	-0.041021
55100	0.008897
55150	-0.219535
55200	-0.103548
55250	0.025725
55300	0.051096
55350	-0.007575
55400	0.159701
55450	-0.022825
55500	0.079027
55550	0.192178
55600	0.089825
55650	0.154770
55700	0.030393
55750	0.166079
55800	-0.069562
55850	-0.122138
55900	0.180517
55950	0.025721
56000	-0.150042
56050	0.072540
56100	-0.021516
56150	0.146136
56200	0.142029
56250	0.061461
56300	-0.082036
56350	0.274731
56400	0.083731
56450	0.004746
56500	-0.044261
56550	-0.101826
56600	0.084823
56650	0.094355
56700	-0.185708
56750	0.010467
56800	-0.104849
56850	0.147426
56900	-0.141290
56950	-0.115953
57000	-0.068453
57050	-0.203737
57100	0.198416
57150	-0.040818
57200	0.155766
57250	-0.046002
57300	0.002821
57350	-0.096306
57400	-0.024168
57450	0.022489
57500	0.135365
57550	-0.068019
57600	0.144382
57650	0.167544
57700	0.160825
57750	-0.130047
57800	0.157168
57850	0.246812
57900	-0.044511
57950	-0.157536
58000	-0.170061
58050	-0.117451
58100	-0.076724
58150	-0.129028
58200	-0.042728
58250	0.118606
58300	0.129065
58350	-0.013378
58400	-0.128964
58450	-0.078025
58500	-0.079099
58550	0.157262
58600	-0.068449
58650	0.123562
58700	0.113843
58750	-0.057314
58800	0.050817
58850	0.184407
58900	-0.007828
58950	0.000568
59000	-0.122878
59050	-0.018581
59100	-0.073960
59150	0.018038
59200	0.193006
59250	-0.077955
59300	0.105634
59350	-0.068086
59400	0.196681
59450	-0.020024
59500	-0.179504
59550	0.071823
59600	0.019773
59650	0.042240
59700	-0.014528
59750	-0.344256
59800	0.027465
59850	-0.183542
59900	-0.133637
59950	-0.182556
60000	0.163393
60050	0.302519
60100	0.019070
60150	0.143954
60200	0.104648
60250	-0.042835
60300	-0.116936
60350	0.037078
60400	0.217838
60450	-0.141994
60500	0.150392
60550	0.245125
60600	-0.081064
60650	0.105752
60700	0.021545
60750	-0.079435
60800	-0.035573
60850	-0.277461
60900	-0.066957
60950	-0.072211
61000	-0.081253
61050	0.080013
61100	-0.035049
61150	0.089925
61200	-0.205106
61250	-0.134956
61300	0.024168
61350	-0.042522
61400	-0.005656
61450	-0.061106
61500	0.185305
61550	-0.044911
61600	-0.013191
61650	-0.014008
61700	-0.014320
61750	-0.054986
61800	0.078083
61850	0.124479
61900	0.151607
61950	-0.079486
62000	0.195600
62050	0.048114
62100	0.174132
62150	0.058264
62200	-0.145945
62250	-0.059635
62300	0.355373
62350	0.047859
62400	-0.086193
62450	-0.190789
62500	-0.103711
62550	0.004735
62600	0.005370
62650	-0.072245
62700	-0.029938
62750	0.037749
62800	0.218696
62850	-0.002011
62900	-0.154976
62950	-0.059905
63000	0.072926
63050	-0.017882
63100	0.027307
63150	0.009592
63200	-0.079789
63250	0.212335
63300	-0.030595
63350	0.029076
63400	0.048300
63450	0.076039
63500	-0.181102
63550	-0.012787
63600	-0.140041
63650	0.078046
63700	0.074558
63750	0.162337
63800	-0.053751
63850	0.166698
63900	-0.033584
63950	0.206565
64000	0.037661
64050	-0.082169
64100	0.026523
64150	0.100834
64200	0.064690
64250	0.151306
64300	-0.145792
64350	0.054529
64400	-0.184496
64450	0.033222
64500	-0.121983
64550	0.158799
64600	0.141689
64650	-0.006338
64700	-0.013766
64750	-0.071622
64800	0.162006
64850	0.115374
64900	-0.044181
64950	-0.042232
65000	0.151050
65050	0.047128
65100	0.126549
65150	0.158018
65200	-0.059568
65250	0.045005
65300	-0.027207
65350	-0.027497
65400	0.144724
65450	0.068388
65500	0.172926
65550	0.147554
65600	-0.086671
65650	-0.000361
65700	0.087332
65750	0.107284
65800	0.140800
65850	-0.068017
65900	-0.077698
65950	-0.178708
66000	0.028372
66050	0.015102
66100	-0.001900
66150	-0.081009
66200	-0.010457
66250	0.180857
66300	0.010514
66350	0.126402
66400	0.008752
66450	0.228775
66500	0.110632
66550	-0.013752
66600	0.052101
66650	-0.107444
66700	-0.087964
66750	-0.006178
66800	0.185577
66850	-0.086096
66900	-0.130791
66950	0.057429
67000	-0.102294
67050	-0.066142
67100	-0.009954
67150	0.082280
67200	0.050260
67250	-0.036465
67300	-0.066424
67350	-0.077844
67400	-0.082189
67450	-0.194014
67500	0.140851
67550	-0.052689
67600	-0.143159
67650	-0.047948
67700	0.091333
67750	0.306591
67800	-0.107578
67850	0.036564
67900	-0.087148
67950	0.019385
68000	0.065294
68050	0.053950
68100	-0.140744
68150	0.020480
68200	-0.258715
68250	-0.035248
68300	-0.071316
68350	0.001151
68400	0.051162
68450	-0.140035
68500	0.002063
68550	-0.006275
68600	0.004600
68650	0.021448
68700	0.177566
68750	-0.187376
68800	0.071796
68850	-0.027380
68900	-0.009541
68950	0.021661
69000	0.106032
69050	0.092888
69100	0.096888
69150	-0.042338
69200	-0.263380
69250	-0.118392
69300	-0.148470
69350	-0.195706
69400	-0.243557
69450	-0.153682
69500	-0.038681
69550	-0.156403
69600	-0.062205
69650	0.156159
69700	-0.101791
69750	-0.001715
69800	0.146758
69850	-0.117790
69900	-0.020644
69950	0.031968
70000	0.122315
70050	0.037358
70100	-0.011095
70150	0.093188
70200	-0.088907
70250	0.159360
70300	-0.088861
70350	0.105489
70400	0.228799
70450	0.057077
70500	-0.218270
70550	0.016741
70600	0.258085
70650	0.028779
70700	0.013771
70750	-0.197743
70800	0.104829
70850	0.132818
70900	-0.079775
70950	0.171544
71000	0.330846
71050	0.044100
71100	-0.097603
71150	0.116263
71200	0.131214
71250	-0.024385
71300	-0.073602
71350	0.014510
71400	0.092797
71450	0.032618
71500	0.169701
71550	-0.007207
71600	-0.278777
71650	0.043447
71700	-0.051625
71750	0.176424
71800	-0.127084
71850	0.017143
71900	0.028323
71950	-0.056517
72000	-0.115714
72050	-0.149667
72100	0.109746
72150	0.140998
72200	0.268626
72250	0.129091
72300	0.013800
72350	-0.046056
72400	0.121995
72450	-0.040319
72500	0.126701
72550	-0.001128
72600	-0.112314
72650	-0.130665
72700	-0.155616
72750	-0.129495
72800	-0.040285
72850	0.037464
72900	0.100080
72950	0.112643
73000	0.125027
73050	-0.000247
73100	0.185665
73150	0.026200
73200	0.076784
73250	0.125848
73300	-0.023107
73350	-0.048536
73400	0.099824
73450	-0.014347
73500	-0.017680
73550	0.335283
73600	-0.014787
73650	-0.143510
73700	0.065956
73750	-0.090333
73800	-0.164216
73850	0.053617
73900	0.037532
73950	0.014050
74000	-0.016070
74050	-0.163430
74100	0.080260
74150	0.008084
74200	-0.026424
74250	0.104815
74300	0.222191
74350	0.100319
74400	0.053245
74450	-0.010105
74500	0.155733
74550	0.015742
74600	-0.178645
74650	0.068118
74700	0.030654
74750	-0.075433
74800	0.106818
74850	0.085746
74900	-0.023778
74950	0.071895
75000	-0.160913
75050	0.119773
75100	0.101902
75150	-0.049256
75200	0.134036
75250	0.097035
75300	0.130057
75350	-0.102264
75400	0.236576
75450	-0.176238
75500	0.125368
75550	-0.022135
75600	0.099034
75650	0.017835
75700	-0.054092
75750	-0.148993
75800	0.177594
75850	0.079836
75900	-0.172375
75950	0.113908
76000	-0.027011
76050	0.055990
76100	0.052555
76150	-0.034018
76200	-0.004589
76250	0.002644
76300	-0.016690
76350	0.038642
76400	0.059864
76450	-0.006844
76500	-0.100661
76550	0.074978
76600	0.144000
76650	-0.231955
76700	0.109152
76750	0.138440
76800	-0.087830
76850	-0.093553
76900	-0.057463
76950	0.110994
77000	0.207515
77050	0.073383
77100	0.385926
77150	0.244187
77200	0.175222
77250	0.057703
77300	-0.121168
77350	-0.063379
77400	0.045229
77450	0.025167
77500	0.183292
77550	-0.074968
77600	0.132953
77650	0.124452
77700	0.094381
77750	0.070683
77800	-0.037813
77850	0.094985
77900	-0.031058
77950	0.161170
78000	0.148466
78050	0.118036
78100	-0.070067
78150	-0.030276
78200	0.211447
78250	0.099555
78300	-0.100483
78350	0.165775
78400	0.221488
78450	0.060962
78500	0.019992
78550	0.080385
78600	0.369038
78650	0.035870
78700	-0.101740
78750	-0.140152
78800	-0.159419
78850	0.100595
78900	0.164567
78950	-0.070654
79000	-0.217941
79050	0.050788
79100	0.039719
79150	-0.105452
79200	0.174403
79250	-0.035330
79300	0.021021
79350	0.018257
79400	0.125911
79450	-0.028726
79500	0.025265
79550	-0.028534
79600	-0.132536
79650	0.284796
79700	0.103472
79750	0.087708
79800	-0.187102
79850	0.320615
79900	-0.017492
79950	0.064502
80000	-0.176887
80050	-0.258301
80100	-0.010194
80150	-0.235288
80200	0.139781
80250	-0.097983
80300	0.233385
80350	0.073274
80400	0.076947
80450	0.292357
80500	-0.130497
80550	-0.144685
80600	0.190544
80650	0.119926
80700	0.055223
80750	-0.135408
80800	-0.104544
80850	0.136660
80900	-0.098560
80950	-0.086399
81000	0.105399
81050	-0.125678
81100	0.281376
81150	-0.076627
81200	0.113342
81250	-0.167028
81300	-0.023197
81350	-0.198992
81400	-0.023967
81450	0.188380
81500	0.070691
81550	0.278162
81600	0.333702
81650	0.039935
81700	0.161987
81750	0.057047
81800	0.136300
81850	-0.208524
81900	0.045254
81950	0.057639
82000	-0.079412
82050	-0.039855
82100	-0.038262
82150	0.078514
82200	0.066558
82250	0.027377
82300	-0.211239
82350	-0.119476
82400	0.049538
82450	-0.097934
82500	0.191998
82550	0.137911
82600	0.049450
82650	0.060166
82700	-0.044519
82750	0.135668
82800	0.137353
82850	-0.100908
82900	-0.067404
82950	0.238995
83000	0.134953
83050	-0.119066
83100	0.087479
83150	0.095706
83200	0.106726
83250	0.027786
83300	0.013180
83350	-0.116069
83400	0.095615
83450	0.141702
83500	0.140775
83550	0.001847
83600	0.109953
83650	-0.074309
83700	0.294772
83750	-0.073519
83800	-0.001902
83850	0.036670
83900	0.122235
83950	0.080663
84000	-0.080632
84050	0.030479
84100	0.055706
84150	-0.038604
84200	0.021502
84250	0.205421
84300	0.224360
84350	0.129305
84400	0.044002
84450	0.131481
84500	-0.099390
84550	-0.153526
84600	-0.120287
84650	0.078984
84700	-0.190103
84750	-0.030275
84800	0.065834
84850	-0.007356
84900	-0.141794
84950	0.017320
85000	0.128035
85050	-0.306484
85100	-0.115288
85150	-0.173148
85200	0.081695
85250	-0.186857
85300	-0.004704
85350	-0.025932
85400	0.171779
85450	0.128326
85500	0.160411
85550	0.006363
85600	0.028970
85650	0.230907
85700	0.003377
85750	0.168175
85800	0.114165
85850	0.173836
85900	0.142209
85950	0.132643
86000	-0.187014
86050	-0.108795
86100	-0.045618
86150	0.033119
86200	0.018411
86250	0.067896
86300	0.021286
86350	0.038531
86400	-0.077520
86450	0.111781
86500	0.094762
86550	-0.088515
86600	-0.147948
86650	0.149350
86700	0.095340
86750	0.120717
86800	0.028888
86850	-0.084908
86900	-0.009757
86950	-0.248326
87000	-0.155644
87050	0.084833
87100	-0.032186
87150	-0.052013
87200	-0.244037
87250	-0.014832
87300	0.010154
87350	-0.220724
87400	-0.089445
87450	0.047214
87500	-0.036747
87550	-0.026532
87600	-0.075208
87650	-0.189755
87700	0.040492
87750	0.230990
87800	-0.063716
87850	-0.099630
87900	-0.006626
87950	0.003459
88000	-0.049624
88050	0.013439
88100	0.188927
88150	-0.241970
88200	0.063573
88250	0.011753
88300	-0.094286
88350	-0.016976
88400	0.100315
88450	-0.091053
88500	0.052931
88550	-0.062756
88600	0.074906
88650	-0.023122
88700	-0.071457
88750	-0.090263
88800	-0.101624
88850	0.014209
88900	0.078732
88950	-0.011570
89000	-0.157830
89050	-0.143066
89100	0.090964
89150	0.173158
89200	-0.080498
89250	0.021418
89300	0.200841
89350	0.120782
89400	-0.070008
89450	-0.012980
89500	0.048885
89550	-0.133422
89600	-0.035387
89650	-0.141199
89700	0.094086
89750	0.050249
89800	-0.024293
89850	0.151553
89900	0.021533
89950	0.047953
90000	-0.017276
90050	0.211627
90100	0.044926
90150	-0.275346
90200	-0.089921
90250	0.012024
90300	-0.018166
90350	-0.119933
90400	0.057492
90450	-0.139912
90500	0.082882
90550	-0.166668
90600	-0.035217
90650	-0.021799
90700	-0.093461
90750	-0.103387
90800	-0.071047
90850	0.121698
90900	-0.253197
90950	0.038683
91000	-0.072015
91050	0.061934
91100	0.048610
91150	0.032772
91200	-0.132012
91250	-0.180275
91300	0.016913
91350	0.043995
91400	0.003705
91450	-0.089069
91500	-0.001276
91550	0.113412
91600	0.106931
91650	0.049662
91700	-0.085351
91750	0.049199
91800	-0.112564
91850	0.142616
91900	0.061785
91950	0.050844
92000	-0.044915
92050	-0.105151
92100	0.060901
92150	-0.092215
92200	0.119193
92250	-0.035035
92300	0.066646
92350	-0.011593
92400	-0.257374
92450	-0.083925
92500	0.034211
92550	-0.096090
92600	-0.003039
92650	0.020570
92700	0.086074
92750	0.268346
92800	-0.042830
92850	0.114713
92900	-0.047454
92950	-0.098024
93000	0.170897
93050	0.186696
93100	0.021612
93150	0.079296
93200	0.127884
93250	-0.282162
93300	0.088181
93350	-0.207933
93400	0.082433
93450	-0.104439
93500	0.146232
93550	-0.080137
93600	0.049156
93650	-0.155344
93700	-0.107074
93750	-0.013261
93800	-0.103705
93850	-0.048055
93900	-0.037422
93950	-0.035727
94000	-0.101732
94050	-0.020550
94100	0.077676
94150	0.091564
94200	0.044996
94250	-0.108683
94300	-0.168764
94350	0.436121
94400	-0.167216
94450	0.047265
94500	0.009254
94550	-0.021310
94600	-0.161397
94650	-0.131361
94700	-0.160420
94750	-0.020026
94800	0.056934
94850	-0.324271
94900	0.032151
94950	0.079207
95000	0.113756
95050	0.063584
95100	-0.021786
95150	0.080879
95200	0.099021
95250	0.105616
95300	0.086949
95350	-0.007145
95400	0.163988
95450	-0.078090
95500	-0.168123
95550	-0.072085
95600	-0.298517
95650	-0.118174
95700	0.021218
95750	-0.042529
95800	-0.087341
95850	-0.232076
95900	0.015708
95950	-0.137247
96000	-0.060948
96050	0.266720
96100	-0.088757
96150	0.057514
96200	-0.018913
96250	0.003677
96300	0.140521
96350	-0.075026
96400	0.118805
96450	-0.122850
96500	0.102493
96550	-0.025578
96600	-0.017480
96650	-0.347149
96700	-0.105762
96750	0.044847
96800	0.097276
96850	0.155433
96900	-0.297922
96950	0.086905
97000	-0.097468
97050	0.157218
97100	0.158556
97150	-0.063933
97200	-0.019162
97250	0.155760
97300	0.242974
97350	-0.062579
97400	0.123780
97450	0.102538
97500	0.028720
97550	0.236077
97600	-0.081150
97650	0.024042
97700	-0.017071
97750	-0.084647
97800	0.106494
97850	0.154834
97900	-0.033203
97950	-0.229569
98000	0.049807
98050	-0.156519
98100	-0.263602
98150	0.139878
98200	-0.020461
98250	0.054577
98300	0.073205
98350	-0.169222
98400	-0.087581
98450	-0.075226
98500	0.128469
98550	-0.023854
98600	0.184187
98650	0.103078
98700	0.063285
98750	-0.009806
98800	0.097650
98850	-0.187250
98900	0.055903
98950	0.062785
99000	-0.171325
99050	-0.088728
99100	0.038856
99150	-0.076943
99200	-0.020640
99250	0.000063
99300	0.138688
99350	0.050527
99400	0.226084
99450	0.009569
99500	0.186415
99550	0.067361
99600	-0.049587
99650	0.150439
99700	-0.023376
99750	-0.191031
99800	0.174515
99850	-0.119845
99900	0.044016
99950	-0.042985
100000	0.067114
100050	-0.130417
100100	0.309157
100150	-0.059535
100200	0.091603
100250	-0.018412
100300	-0.048968
100350	0.094446
100400	-0.314453
100450	-0.103601
100500	0.087447
100550	0.033511
100600	-0.068142
100650	-0.006897
100700	0.042034
100750	0.064159
100800	0.041070
100850	-0.037298
100900	-0.017957
100950	0.095012
101000	-0.020477
101050	0.166759
101100	-0.171356
101150	0.001961
101200	-0.157773
101250	0.109869
101300	-0.020998
101350	-0.170761
101400	0.030805
101450	-0.120007
101500	0.054211
101550	-0.086211
101600	0.001296
101650	-0.162304
101700	-0.002048
101750	0.067998
101800	0.112652
101850	-0.099239
101900	0.032630
101950	0.046959
102000	0.262676
102050	0.158356
102100	-0.052693
102150	0.007364
102200	0.021832
102250	0.057835
102300	0.065992
102350	0.087625
102400	0.075712
102450	0.085606
102500	0.132067
102550	0.254365
102600	-0.315470
102650	-0.153353
102700	0.033828
102750	0.125455
102800	0.168170
102850	-0.131525
102900	0.059317
102950	0.181638
103000	0.272275
103050	0.097110
103100	0.072488
103150	-0.167186
103200	-0.003991
103250	-0.070331
103300	-0.001274
103350	-0.022979
103400	-0.077072
103450	0.054285
103500	0.113289
103550	-0.062624
103600	-0.012911
103650	-0.094471
103700	-0.063039
103750	0.076183
103800	-0.103485
103850	-0.029768
103900	0.117769
103950	-0.110204
104000	-0.045482
104050	0.102064
104100	0.209172
104150	-0.155430
104200	0.032462
104250	-0.139695
104300	-0.109739
104350	-0.182953
104400	-0.091182
104450	-0.147511
104500	0.006820
104550	-0.054227
104600	-0.266749
104650	0.090757
104700	-0.006886
104750	0.083847
104800	0.068892
104850	0.034061
104900	0.144117
104950	-0.084791
105000	0.035636
105050	-0.056203
105100	-0.127775
105150	0.091067
105200	-0.023553
105250	0.016515
105300	-0.127846
105350	0.018657
105400	-0.076761
105450	0.037327
105500	-0.138225
105550	0.052860
105600	0.073250
105650	-0.224495
105700	-0.050553
105750	0.063421
105800	-0.101335
105850	-0.009197
105900	-0.096612
105950	-0.183412
106000	-0.009126
106050	0.304252
106100	-0.094528
106150	0.140701
106200	-0.037496
106250	0.071678
106300	-0.126427
106350	0.200057
106400	-0.259162
106450	-0.053709
106500	0.024393
106550	-0.017359
106600	0.084388
106650	-0.196214
106700	-0.134810
106750	0.021485
106800	0.141516
106850	0.085466
106900	0.054548
106950	0.263505
107000	-0.024133
107050	0.080789
107100	0.045983
107150	0.117799
107200	0.161613
107250	0.009042
107300	0.112022
107350	0.016780
107400	0.271426
107450	-0.060536
107500	0.233929
107550	0.013725
107600	0.019922
107650	-0.158890
107700	-0.032984
107750	-0.021586
107800	-0.063201
107850	0.145962
107900	-0.035761
107950	-0.033098
108000	-0.149023
108050	-0.087406
108100	-0.009748
108150	-0.177776
108200	0.003936
108250	0.109229
108300	0.080693
108350	-0.117513
108400	0.162666
108450	-0.019583
108500	-0.020042
108550	0.110654
108600	-0.061494
108650	0.184998
108700	-0.157267
108750	-0.016147
108800	0.163653
108850	-0.118425
108900	-0.014533
108950	-0.314841
109000	0.232799
109050	-0.088910
109100	0.054816
109150	0.146163
109200	-0.154937
109250	0.002506
109300	0.012248
109350	-0.069327
109400	-0.132115
109450	0.131504
109500	0.015329
109550	-0.012380
109600	0.302136
109650	-0.229518
109700	-0.063164
109750	-0.224447
109800	-0.037766
109850	0.170793
109900	-0.172184
109950	-0.015117
110000	-0.081009
110050	-0.130768
110100	0.104071
110150	-0.209212
110200	-0.058382
110250	0.109476
110300	0.007413
110350	0.256731
110400	-0.097807
110450	-0.057326
110500	0.030753
110550	0.075429
110600	0.095342
110650	0.074185
110700	-0.078417
110750	-0.155961
110800	-0.013083
110850	-0.070339
110900	0.082508
110950	0.317034
111000	-0.047073
111050	0.137619
111100	0.115232
111150	0.142803
111200	0.131755
111250	0.073833
111300	0.028599
111350	0.193827
111400	0.064819
111450	0.285818
111500	-0.045457
111550	0.098919
111600	0.112229
111650	-0.033981
111700	0.054496
111750	0.129370
111800	-0.170389
111850	0.039669
111900	-0.033960
111950	0.131507
112000	0.020777
112050	0.437007
112100	-0.053389
112150	-0.067623
112200	-0.017796
112250	0.167932
112300	-0.172582
112350	-0.135622
112400	0.049410
112450	0.003825
112500	-0.090565
112550	-0.013110
112600	0.043719
112650	-0.239818
112700	0.109508
112750	0.191261
112800	-0.257536
112850	0.116974
112900	0.298250
112950	0.154134
113000	-0.108404
113050	-0.109433
113100	-0.036149
113150	0.060873
113200	0.053183
113250	-0.143376
113300	0.006999
113350	0.046697
113400	0.052665
113450	0.267293
113500	-0.217782
113550	0.049021
113600	0.227752
113650	-0.155479
113700	0.209573
113750	0.044537
113800	-0.003071
113850	-0.004754
113900	-0.215403
113950	-0.355191
114000	-0.080777
114050	0.061515
114100	0.000369
114150	-0.099541
114200	0.036156
114250	0.108987
114300	0.085584
114350	-0.151278
114400	0.129396
114450	-0.071763
114500	-0.199850
114550	-0.149032
114600	-0.255664
114650	-0.103754
114700	-0.213551
114750	0.077009
114800	0.165548
114850	0.090791
114900	-0.019621
114950	0.107552
115000	0.088800
115050	-0.056932
115100	0.027583
115150	0.112376
115200	0.045376
115250	-0.124062
115300	-0.074692
115350	-0.055691
115400	0.267399
115450	0.041144
115500	-0.070513
115550	-0.023354
115600	0.150750
115650	-0.195403
115700	-0.086218
115750	0.118635
115800	-0.097979
115850	0.151023
115900	0.008584
115950	0.210822
116000	-0.064369
116050	0.229427
116100	0.176606
116150	0.073912
116200	-0.056174
116250	0.025030
116300	-0.080968
116350	0.133018
116400	-0.089516
116450	-0.209361
116500	0.066973
116550	-0.069912
116600	-0.049725
116650	-0.006043
116700	-0.131308
116750	-0.145827
116800	-0.246501
116850	-0.099269
116900	0.032020
116950	-0.113248
117000	0.040956
117050	0.086163
117100	0.098113
117150	0.215545
117200	-0.142520
117250	-0.172127
117300	-0.095341
117350	0.135128
117400	0.102548
117450	-0.143997
117500	-0.014394
117550	-0.094161
117600	0.039108
117650	-0.126989
117700	0.116566
117750	-0.359789
117800	0.100724
117850	0.132867
117900	0.068183
117950	0.047100
118000	-0.087647
118050	0.026857
118100	-0.015467
118150	-0.039859
118200	-0.108610
118250	-0.138298
118300	-0.001115
118350	0.060956
118400	-0.165525
118450	-0.102719
118500	0.122500
118550	-0.199093
118600	-0.005212
118650	0.281180
118700	0.042959
118750	0.018927
118800	-0.033943
118850	-0.085513
118900	0.024931
118950	-0.231870
119000	-0.037375
119050	-0.023239
119100	0.115065
119150	0.186112
119200	-0.083673
119250	-0.186623
119300	-0.124569
119350	0.131177
119400	-0.063512
119450	0.081561
119500	0.352569
119550	0.021097
119600	-0.061239
119650	-0.177153
119700	0.013109
119750	-0.051265
119800	0.009867
119850	0.182639
119900	-0.059316
119950	0.074275
120000	0.125466
120050	0.081573
120100	0.173725
120150	0.121104
120200	0.014607
120250	-0.097422
120300	0.098683
120350	-0.088281
120400	-0.162822
120450	0.143984
120500	0.044836
120550	0.177551
120600	-0.227167
120650	0.042648
120700	0.299099
120750	0.007832
120800	0.291830
120850	0.171530
120900	-0.010354
120950	0.077103
121000	-0.249159
121050	0.165748
121100	0.061201
121150	0.004785
121200	0.055460
121250	-0.222278
121300	-0.006762
121350	0.191182
121400	0.105088
121450	-0.132061
121500	0.064131
121550	-0.164657
121600	-0.116493
121650	-0.012978
121700	0.116984
121750	0.009643
121800	0.144483
121850	-0.044321
121900	0.272076
121950	0.019749
122000	-0.002940
122050	0.026293
122100	-0.171041
122150	0.077625
122200	0.057327
122250	-0.188177
122300	-0.079948
122350	-0.101228
122400	-0.225608
122450	-0.064158
122500	0.005327
122550	-0.008826
122600	-0.238736
122650	-0.167371
122700	-0.040659
122750	-0.284916
122800	-0.037886
122850	-0.192386
122900	-0.112689
122950	-0.029545
123000	-0.038573
123050	-0.079096
123100	-0.050141
123150	-0.064373
123200	-0.062870
123250	0.287985
123300	0.050073
123350	0.110801
123400	0.013824
123450	-0.113930
123500	0.011901
123550	0.028731
123600	-0.041949
123650	0.005379
123700	-0.061115
123750	-0.085430
123800	-0.048715
123850	0.170849
123900	0.075561
123950	-0.010342
124000	0.144399
124050	0.088976
124100	0.169391
124150	0.092072
124200	0.040439
124250	-0.080292
124300	0.108096
124350	0.077430
124400	0.010607
124450	-0.056504
124500	-0.038575
124550	-0.112782
124600	-0.050805
124650	0.120452
124700	0.080358
124750	0.140856
124800	-0.083287
124850	0.009038
124900	-0.008082
124950	0.001632
125000	0.146361
125050	0.135755
125100	0.103276
125150	0.066928
125200	-0.134365
125250	-0.095054
125300	-0.050431
125350	-0.054834
125400	0.197374
125450	-0.009488
125500	0.020380
125550	-0.124241
125600	-0.023526
125650	-0.003184
125700	-0.021356
125750	0.006690
125800	-0.031601
125850	-0.112410
125900	-0.088529
125950	-0.016402
126000	-0.038337
126050	-0.036750
126100	-0.088878
126150	0.231607
126200	-0.144431
126250	0.086595
126300	-0.020549
126350	0.061385
126400	-0.115084
126450	-0.185342
126500	0.109638
126550	0.003164
126600	0.136843
126650	0.032045
126700	-0.131582
126750	0.139639
126800	0.002293
126850	0.211084
126900	-0.068447
126950	-0.160786
127000	0.212919
127050	-0.350469
127100	0.141130
127150	-0.095711
127200	-0.111046
127250	0.121709
127300	-0.066803
127350	-0.006228
127400	-0.045317
127450	-0.078768
127500	-0.073246
127550	-0.092850
127600	0.054290
127650	0.047039
127700	-0.197557
127750	0.032532
127800	0.002576
127850	-0.295762
127900	-0.186955
127950	0.013212
128000	0.246591
128050	-0.002268
128100	-0.224680
128150	-0.161675
128200	-0.113022
128250	0.138649
128300	0.100526
128350	0.203291
128400	-0.018786
128450	-0.156746
128500	0.092566
128550	0.394929
128600	0.126234
128650	0.161216
128700	-0.036992
128750	0.020751
128800	-0.050872
128850	-0.016514
128900	0.190389
128950	-0.026108
129000	0.028389
129050	-0.001751
129100	-0.201811
129150	0.132045
129200	0.100851
129250	-0.045665
129300	-0.048384
129350	0.060557
129400	-0.058050
129450	0.052556
129500	-0.016105
129550	0.041924
129600	0.058289
129650	-0.098721
129700	-0.015086
129750	0.017676
129800	0.215423
129850	0.107473
129900	0.038232
129950	0.030584
130000	0.008192
130050	0.000883
130100	0.068855
130150	0.223564
130200	-0.052607
130250	-0.175428
130300	-0.057872
130350	-0.059002
130400	0.151691
130450	-0.000335
130500	0.211317
130550	-0.000859
130600	0.014899
130650	0.022394
130700	0.058758
130750	-0.055766
130800	-0.165011
130850	-0.012353
130900	-0.077149
130950	-0.088614
131000	-0.126105
131050	0.056332
131100	-0.264465
131150	-0.047161
131200	0.024497
131250	-0.085944
131300	-0.032847
131350	-0.181055
131400	0.111321
131450	0.188958
131500	-0.004014
131550	-0.051917
131600	-0.026678
131650	0.043448
131700	-0.108805
131750	-0.184786
131800	0.127968
131850	-0.027382
131900	0.001986
131950	-0.171199
132000	-0.166253
132050	-0.079181
132100	-0.302155
132150	0.001350
132200	0.085463
132250	-0.121827
132300	-0.223876
132350	-0.008198
132400	-0.227175
132450	0.083124
132500	0.124064
132550	0.089087
132600	0.159940
132650	0.024597
132700	0.022806
132750	0.075152
132800	0.135339
132850	-0.043063
132900	-0.014805
132950	-0.016532
133000	0.164666
133050	0.091264
133100	-0.127964
133150	0.023964
133200	0.164390
133250	0.293675
133300	0.049077
133350	0.131548
133400	-0.102872
133450	-0.004428
133500	-0.007249
133550	-0.235726
133600	-0.029221
133650	0.223436
133700	0.140495
133750	0.246589
133800	0.043664
133850	-0.001328
133900	0.257460
133950	0.117347
134000	-0.018830
134050	-0.127345
134100	0.064573
134150	-0.241710
134200	-0.200794
134250	-0.076218
134300	-0.176703
134350	0.037174
134400	-0.076095
134450	0.065259
134500	-0.070139
134550	0.013871
134600	0.039517
134650	-0.069175
134700	0.002458
134750	-0.093447
134800	-0.029795
134850	0.180768
134900	0.128330
134950	-0.053034
135000	-0.182808
135050	-0.124275
135100	-0.027716
135150	0.267720
135200	0.088293
135250	0.006040
135300	0.001494
135350	-0.316393
135400	0.122689
135450	0.114931
135500	0.178652
135550	-0.010421
135600	0.105658
135650	-0.192336
135700	0.089546
135750	0.304440
135800	0.236777
135850	0.010630
135900	-0.090780
135950	-0.051631
136000	0.121854
136050	-0.030036
136100	-0.063447
136150	0.035018
136200	-0.131897
136250	-0.089479
136300	0.164802
136350	0.144575
136400	0.100552
136450	-0.064852
136500	0.257819
136550	0.253808
136600	0.071836
136650	-0.112475
136700	0.099569
136750	-0.044635
136800	-0.043446
136850	0.002177
136900	-0.126238
136950	-0.220985
137000	-0.002052
137050	0.037997
137100	-0.045565
137150	0.406785
137200	0.060776
137250	-0.005561
137300	0.065309
137350	0.083066
137400	-0.192953
137450	0.230921
137500	-0.214890
137550	-0.027011
137600	0.208649
137650	-0.035454
137700	-0.018211
137750	0.003129
137800	-0.009941
137850	-0.084671
137900	-0.081732
137950	0.019206
138000	-0.017172
138050	0.201459
138100	0.026736
138150	0.206072
138200	-0.075947
138250	0.058372
138300	-0.082460
138350	0.001346
138400	-0.094707
138450	0.073212
138500	0.134172
138550	0.073151
138600	-0.044038
138650	0.071675
138700	0.198001
138750	-0.055217
138800	-0.166063
138850	-0.033305
138900	0.116601
138950	0.218068
139000	-0.000921
139050	0.080340
139100	-0.276275
139150	-0.165278
139200	-0.145430
139250	0.198011
139300	0.139865
139350	0.004104
139400	-0.021787
139450	-0.016442
139500	0.098778
139550	-0.031854
139600	-0.014660
139650	-0.095696
139700	-0.112228
139750	-0.035922
139800	0.189033
139850	0.007294
139900	-0.092464
139950	0.042493
140000	0.320343
140050	-0.081549
140100	0.144880
140150	0.303035
140200	-0.119541
140250	-0.137664
140300	-0.103214
140350	0.019910
140400	-0.188027
140450	0.319219
140500	0.206289
140550	-0.139453
140600	0.106253
140650	0.120866
140700	-0.002259
140750	-0.271135
140800	-0.113794
140850	0.108648
140900	0.043775
140950	0.254878
141000	0.017128
141050	-0.018518
141100	0.099235
141150	-0.062373
141200	-0.113534
141250	0.233319
141300	-0.085641
141350	-0.042111
141400	0.195093
141450	0.139334
141500	-0.127409
141550	0.119024
141600	0.050268
141650	0.042453
141700	-0.001806
141750	0.015819
141800	-0.102048
141850	0.017900
141900	-0.025806
141950	0.072051
142000	0.161620
142050	0.045053
142100	0.074213
142150	-0.081212
142200	0.112437
142250	0.057057
142300	0.056706
142350	0.116299
142400	0.083979
142450	0.053097
142500	-0.028321
142550	0.276455
142600	0.073378
142650	0.111088
142700	0.035385
142750	-0.024461
142800	-0.100438
142850	0.229613
142900	0.235489
142950	-0.048699
143000	0.074419
143050	0.037783
143100	0.063668
143150	0.146948
143200	0.027438
143250	-0.133714
143300	0.162290
143350	-0.010521
143400	0.168467
143450	-0.079486
143500	-0.231256
143550	0.014661
143600	-0.108387
143650	-0.069600
143700	-0.155489
143750	-0.108215
143800	0.149193
143850	-0.039846
143900	-0.119471
143950	-0.113807
144000	0.153938
144050	-0.402867
144100	-0.024283
144150	0.154883
144200	-0.058776
144250	0.120438
144300	0.121713
144350	-0.043454
144400	0.118498
144450	0.055096
144500	-0.085357
144550	0.255797
144600	0.238318
144650	0.117599
144700	-0.009461
144750	0.089786
144800	-0.059661
144850	-0.121567
144900	0.026518
144950	0.100899
145000	-0.037113
145050	0.095209
145100	-0.098821
145150	0.244434
145200	0.205376
145250	-0.024088
145300	0.039910
145350	-0.068620
145400	0.089412
145450	0.125017
145500	-0.152890
145550	-0.081114
145600	-0.036063
145650	0.021995
145700	-0.026931
145750	0.073310
145800	0.004814
145850	-0.046397
145900	-0.083416
145950	0.162686
146000	-0.093545
146050	0.079837
146100	-0.004864
146150	-0.013494
146200	0.111552
146250	0.101809
146300	-0.246305
146350	0.080367
146400	-0.017319
146450	0.006381
146500	-0.085807
146550	0.112594
146600	0.119209
146650	0.065252
146700	0.024279
146750	0.277756
146800	0.015103
146850	0.080620
146900	-0.063123
146950	0.127976
147000	0.004677
147050	-0.072638
147100	0.073166
147150	0.165514
147200	-0.139409
147250	0.019266
147300	0.173224
147350	-0.233575
147400	-0.026903
147450	-0.134247
147500	-0.155602
147550	-0.108631
147600	0.138873
147650	-0.043105
147700	0.104407
147750	0.055862
147800	0.015955
147850	-0.277965
147900	-0.326598
147950	-0.211491
148000	-0.035882
148050	0.155663
148100	-0.036566
148150	0.099338
148200	0.036822
148250	0.290626
148300	0.013835
148350	0.094987
148400	-0.011228
148450	-0.204834
148500	-0.040356
148550	-0.132564
148600	-0.128830
148650	0.080081
148700	0.022503
148750	-0.062172
148800	-0.041884
148850	0.234725
148900	-0.142690
148950	0.189400
149000	-0.008858
149050	-0.125717
149100	-0.200088
149150	-0.091745
149200	0.051226
149250	0.202672
149300	0.075947
149350	-0.017955
149400	0.112324
149450	0.138391
149500	0.232521
149550	-0.086104
149600	-0.039904
149650	-0.065455
149700	0.021471
149750	-0.112567
149800	0.153486
149850	0.176061
149900	0.196234
149950	-0.046313
150000	-0.125262
150050	-0.010607
150100	0.103620
150150	-0.172398
150200	-0.028612
150250	-0.048755
150300	-0.109064
150350	-0.096287
150400	-0.128540
150450	-0.016329
150500	-0.031190
150550	-0.076899
150600	0.141570
150650	0.004883
150700	0.042086
150750	0.233362
150800	-0.130248
150850	-0.104320
150900	-0.017564
150950	-0.055066
151000	-0.035725
151050	-0.161983
151100	-0.012528
151150	-0.143206
151200	0.094033
151250	0.074902
151300	0.060480
151350	0.013726
151400	0.086718
151450	0.062276
151500	-0.182483
151550	0.202363
151600	0.038995
151650	-0.045487
151700	0.008544
151750	-0.049612
151800	-0.039144
151850	0.018241
151900	-0.123471
151950	0.237831
152000	-0.059939
152050	0.169201
152100	0.151165
152150	0.189596
152200	-0.267370
152250	-0.144372
152300	0.007585
152350	-0.101747
152400	0.102829
152450	0.000671
152500	-0.005333
152550	0.044610
152600	0.191448
152650	0.077463
152700	0.038397
152750	-0.152378
152800	-0.082124
152850	-0.093280
152900	0.033420
152950	0.105272
153000	-0.005271
153050	-0.117656
153100	-0.001493
153150	0.215018
153200	-0.124032
153250	-0.179620
153300	0.028232
153350	-0.075781
153400	0.108512
153450	-0.102094
153500	0.154982
153550	0.143721
153600	0.094633
153650	-0.062786
153700	0.007503
153750	-0.154585
153800	-0.216553
153850	0.026087
153900	0.063101
153950	0.038037
154000	0.062848
154050	-0.039958
154100	-0.032670
154150	0.009507
154200	-0.002549
154250	0.147160
154300	-0.233651
154350	0.023341
154400	-0.055065
154450	0.381913
154500	0.059491
154550	0.323700
154600	0.268701
154650	0.006867
154700	0.198997
154750	0.019524
154800	-0.123509
154850	0.044028
154900	0.180281
154950	0.049438
155000	0.164432
155050	0.205629
155100	-0.066990
155150	0.061939
155200	-0.167402
155250	-0.283329
155300	0.093276
155350	0.025329
155400	0.188315
155450	-0.277529
155500	-0.052100
155550	0.121307
155600	0.015282
155650	0.018428
155700	0.208796
155750	0.083769
155800	0.115313
155850	0.053815
155900	0.234960
155950	0.008241
156000	-0.071064
156050	0.149665
156100	-0.057634
156150	-0.029827
156200	0.195617
156250	0.046392
156300	0.015027
156350	0.106592
156400	0.150561
156450	-0.074587
156500	0.036586
156550	0.099605
156600	0.133112
156650	-0.127577
156700	0.105335
156750	-0.068070
156800	-0.034017
156850	0.140971
156900	-0.210532
156950	-0.007615
157000	0.055200
157050	0.183227
157100	0.224022
157150	0.133280
157200	0.006799
157250	0.139921
157300	-0.143071
157350	-0.086985
157400	0.086694
157450	0.201595
157500	-0.204479
157550	0.101173
157600	-0.040273
157650	0.054176
157700	-0.010695
157750	0.245214
157800	0.087840
157850	0.108733
157900	-0.077614
157950	0.004484
158000	0.065602
158050	-0.075229
158100	0.129041
158150	-0.070388
158200	0.138516
158250	0.037992
158300	0.087671
158350	-0.062502
158400	0.075698
158450	0.194819
158500	0.188038
158550	0.067297
158600	0.141738
158650	-0.093850
158700	0.072467
158750	0.127503
158800	-0.007040
158850	-0.054073
158900	0.190784
158950	0.042326
159000	0.116847
159050	-0.113434
159100	0.109016
159150	-0.059038
159200	0.086722
159250	-0.085414
159300	0.244840
159350	0.150294
159400	0.000016
159450	0.043392
159500	-0.089947
159550	-0.122217
159600	-0.099756
159650	0.009341
159700	-0.155387
159750	0.167672
159800	-0.084239
159850	0.035393
159900	-0.040860
159950	-0.112411
160000	0.065180
160050	0.142802
160100	0.132360
160150	0.149461
160200	0.072623
160250	0.117839
160300	0.051865
160350	-0.044648
160400	-0.040939
160450	-0.156459
160500	0.052144
160550	0.068803
160600	-0.009053
160650	0.068936
160700	-0.059974
160750	0.054262
160800	0.165825
160850	0.185300
160900	-0.024435
160950	0.066381
161000	0.027690
161050	-0.063562
161100	0.174872
161150	0.128490
161200	-0.000248
161250	0.148760
161300	-0.137510
161350	0.194088
161400	0.239700
161450	0.038625
161500	0.245101
161550	-0.020245
161600	-0.160658
161650	0.230018
161700	-0.046440
161750	-0.130865
161800	0.101178
161850	-0.061336
161900	-0.116995
161950	0.003955
162000	0.058950
162050	0.302009
162100	0.133761
162150	0.090090
162200	0.058996
162250	-0.085390
162300	0.151652
162350	-0.019304
162400	-0.190580
162450	-0.025111
162500	0.006565
162550	0.099522
162600	-0.211806
162650	0.070059
162700	-0.047293
162750	-0.022607
162800	0.282633
162850	0.142599
162900	0.039167
162950	0.034379
163000	0.164255
163050	0.335638
163100	0.069137
163150	-0.124469
163200	0.102289
163250	0.054630
163300	-0.051374
163350	-0.199042
163400	-0.131293
163450	0.219739
163500	0.071785
163550	0.275859
163600	-0.200484
163650	0.064986
163700	-0.168061
163750	-0.072322
163800	0.011536
163850	-0.004384
163900	0.050737
163950	-0.026548
164000	0.210726
164050	0.285898
164100	-0.061937
164150	0.212409
164200	0.238122
164250	0.161063
164300	0.298393
164350	0.056516
164400	-0.092223
164450	0.112854
164500	0.017992
164550	0.133727
164600	0.045582
164650	-0.063204
164700	0.183697
164750	0.109665
164800	0.018896
164850	0.093052
164900	0.004604
164950	-0.136180
165000	-0.033719
165050	0.200825
165100	0.072084
165150	-0.083847
165200	-0.152259
165250	0.242207
165300	-0.131478
165350	-0.032056
165400	-0.083304
165450	0.199930
165500	-0.041455
165550	-0.143953
165600	-0.142776
165650	0.049564
165700	-0.014676
165750	-0.001265
165800	-0.013109
165850	-0.176983
165900	-0.200946
165950	-0.109254
166000	0.212972
166050	-0.182350
166100	-0.072065
166150	-0.053229
166200	0.187478
166250	0.034729
166300	0.302631
166350	-0.054334
166400	-0.101367
166450	0.117677
166500	-0.094338
166550	0.168336
166600	-0.113875
166650	-0.183898
166700	0.196207
166750	-0.053714
166800	-0.079879
166850	0.078478
166900	0.157237
166950	0.118756
167000	0.175685
167050	-0.135794
167100	-0.051368
167150	0.049986
167200	0.104939
167250	0.067141
167300	0.149828
167350	0.008829
167400	0.163106
167450	-0.020808
167500	0.074820
167550	0.201425
167600	0.147790
167650	-0.045029
167700	-0.025709
167750	-0.181222
167800	-0.008436
167850	0.121157
167900	0.194683
167950	-0.029601
168000	-0.050532
168050	0.300361
168100	-0.086284
168150	0.028709
168200	-0.191355
168250	-0.179058
168300	0.064390
168350	0.161581
168400	-0.042639
168450	0.048545
168500	0.235280
168550	0.016075
168600	0.113879
168650	-0.225367
168700	-0.092852
168750	-0.032763
168800	0.126645
168850	0.054980
168900	0.073517
168950	0.150332
169000	0.172185
169050	0.098245
169100	0.145455
169150	0.190201
169200	0.125575
169250	0.180577
169300	0.194589
169350	0.025360
169400	0.074064
169450	0.169187
169500	0.043592
169550	0.145477
169600	-0.055547
169650	-0.112311
169700	0.076773
169750	0.259890
169800	0.079290
169850	0.138884
169900	-0.008075
169950	0.111591
170000	-0.033549
170050	-0.164739
170100	-0.264509
170150	0.078777
170200	-0.035534
170250	-0.023190
170300	-0.062809
170350	0.019534
170400	-0.082072
170450	-0.237846
170500	0.240324
170550	0.015914
170600	-0.135988
170650	0.127067
170700	-0.376488
170750	0.084768
170800	-0.051664
170850	-0.025306
170900	0.034311
170950	0.043607
171000	0.145823
171050	0.018390
171100	-0.352110
171150	-0.128503
171200	-0.032398
171250	0.007668
171300	-0.073143
171350	0.165796
171400	0.135804
171450	0.083093
171500	-0.044851
171550	-0.182102
171600	-0.077569
171650	-0.148492
171700	-0.077267
171750	0.037623
171800	-0.020416
171850	-0.206930
171900	-0.112725
171950	0.136156
172000	0.068736
172050	0.148813
172100	0.149977
172150	0.007312
172200	0.052192
172250	-0.003064
172300	0.204120
172350	-0.025930
172400	0.006679
172450	0.021044
172500	0.076507
172550	-0.091712
172600	0.024981
172650	0.014921
172700	0.026285
172750	-0.075296
172800	0.066870
172850	0.029717
172900	0.244957
172950	0.052916
173000	0.209499
173050	0.283408
173100	-0.101066
173150	0.018882
173200	0.014663
173250	0.001187
173300	0.133020
173350	0.182457
173400	0.015035
173450	-0.233314
173500	-0.010945
173550	0.334768
173600	0.095244
173650	0.017405
173700	-0.052121
173750	-0.067157
173800	0.141016
173850	0.002346
173900	-0.009793
173950	-0.030331
174000	-0.039491
174050	0.110407
174100	0.055346
174150	0.085579
174200	0.073378
174250	-0.013667
174300	-0.024954
174350	0.019400
174400	0.005489
174450	0.133859
174500	0.131880
174550	0.335293
174600	0.170270
174650	-0.026533
174700	0.102205
174750	0.060972
174800	0.222271
174850	-0.254615
174900	0.059233
174950	0.032892
175000	0.131209
175050	-0.022849
175100	0.093572
175150	0.061300
175200	0.118449
175250	0.067925
175300	0.062475
175350	-0.134797
175400	0.151252
175450	-0.116815
175500	0.004523
175550	-0.062991
175600	-0.032056
175650	0.083454
175700	-0.006946
175750	0.480142
175800	0.050130
175850	0.266577
175900	-0.080726
175950	0.024752
176000	0.091929
176050	-0.020899
176100	0.228249
176150	0.079962
176200	-0.051173
176250	0.099660
176300	-0.113869
176350	-0.139032
176400	-0.006409
176450	0.097858
176500	-0.086805
176550	-0.033041
176600	-0.050421
176650	-0.062619
176700	-0.092637
176750	0.349281
176800	-0.110375
176850	0.000787
176900	-0.005682
176950	-0.149859
177000	0.033336
177050	-0.080440
177100	-0.192149
177150	0.058854
177200	0.027690
177250	0.048768
177300	0.095301
177350	0.118510
177400	0.103146
177450	-0.110217
177500	-0.168593
177550	-0.052100
177600	-0.083051
177650	0.222686
177700	-0.165149
177750	0.066753
177800	0.176621
177850	0.174764
177900	0.028016
177950	-0.076572
178000	-0.025730
178050	0.033106
178100	-0.053808
178150	-0.082950
178200	0.120691
178250	0.050614
178300	0.011429
178350	0.054766
178400	0.150705
178450	0.097042
178500	-0.018548
178550	0.037558
178600	-0.074748
178650	-0.037039
178700	0.242556
178750	-0.331453
178800	-0.077571
178850	-0.145855
178900	-0.090358
178950	0.227930
179000	0.055237
179050	-0.017884
179100	-0.083478
179150	0.117917
179200	-0.033843
179250	0.192995
179300	0.065687
179350	0.232746
179400	-0.061143
179450	-0.057658
179500	0.304970
179550	0.121961
179600	-0.065893
179650	0.078363
179700	-0.072039
179750	0.027251
179800	-0.182003
179850	0.105439
179900	0.061109
179950	0.167354
180000	0.130219
180050	0.046805
180100	0.009262
180150	-0.004556
180200	0.136370
180250	0.138284
180300	-0.139223
180350	0.036176
180400	0.185597
180450	0.000762
180500	0.135332
180550	-0.195545
180600	0.043449
180650	-0.074434
180700	-0.052612
180750	-0.169220
180800	0.052829
180850	0.171403
180900	-0.019322
180950	0.010092
181000	0.045423
181050	-0.098607
181100	0.073883
181150	0.383408
181200	0.120454
181250	-0.012292
181300	0.115764
181350	0.158997
181400	0.024137
181450	-0.005632
181500	-0.106250
181550	0.011265
181600	0.095981
181650	0.070383
181700	-0.025094
181750	0.155020
181800	0.112787
181850	0.020591
181900	-0.113280
181950	-0.224328
182000	0.113514
182050	-0.028139
182100	0.025614
182150	-0.122433
182200	-0.183559
182250	-0.072160
182300	-0.031875
182350	0.037082
182400	0.045853
182450	0.092588
182500	-0.177192
182550	-0.029318
182600	0.199727
182650	0.034870
182700	0.011896
182750	-0.079613
182800	-0.248281
182850	0.134111
182900	0.047372
182950	0.157236
183000	0.030606
183050	0.088537
183100	0.044519
183150	0.056307
183200	0.176738
183250	0.074835
183300	0.144599
183350	-0.052832
183400	-0.233107
183450	-0.007351
183500	0.077962
183550	-0.047753
183600	0.030196
183650	0.000679
183700	-0.063754
183750	-0.002654
183800	-0.075989
183850	-0.242060
183900	-0.193926
183950	0.138889
184000	0.199579
184050	0.028000
184100	0.080942
184150	-0.170509
184200	-0.117638
184250	-0.057066
184300	0.076284
184350	-0.034596
184400	-0.156607
184450	0.098692
184500	-0.071126
184550	-0.258924
184600	-0.023277
184650	0.167490
184700	-0.117425
184750	0.003508
184800	-0.079397
184850	-0.042112
184900	-0.061893
184950	-0.113166
185000	-0.026231
185050	-0.107787
185100	0.255026
185150	-0.010489
185200	0.162319
185250	0.147978
185300	0.008358
185350	-0.018831
185400	-0.089624
185450	-0.003935
185500	-0.224365
185550	-0.160542
185600	0.308166
185650	0.155466
185700	0.268054
185750	0.014781
185800	0.125931
185850	0.362391
185900	0.066760
185950	0.118361
186000	-0.037852
186050	-0.048539
186100	0.094757
186150	0.058280
186200	0.038862
186250	-0.151494
186300	0.080081
186350	-0.016190
186400	-0.012355
186450	0.083907
186500	0.035652
186550	-0.008208
186600	0.188061
186650	0.056607
186700	-0.019731
186750	-0.174986
186800	0.248127
186850	0.180208
186900	-0.069591
186950	-0.043737
187000	-0.108838
187050	0.039373
187100	-0.085588
187150	0.093639
187200	0.260535
187250	0.094891
187300	0.031481
187350	0.122068
187400	0.260012
187450	-0.011276
187500	0.023053
187550	-0.108946
187600	0.023272
187650	0.075361
187700	0.091113
187750	-0.066057
187800	-0.156893
187850	0.007864
187900	-0.096538
187950	0.038790
188000	0.271506
188050	0.082920
188100	-0.034430
188150	0.136601
188200	0.101958
188250	-0.232209
188300	0.126205
188350	0.023954
188400	0.098702
188450	-0.081371
188500	-0.045546
188550	0.201029
188600	-0.102876
188650	-0.086488
188700	0.066034
188750	-0.134994
188800	0.099804
188850	0.027068
188900	0.257464
188950	-0.066809
189000	-0.157979
189050	0.269520
189100	0.027173
189150	0.214206
189200	-0.057324
189250	0.157835
189300	-0.097406
189350	0.055385
189400	0.008795
189450	0.084957
189500	0.043733
189550	0.054024
189600	0.040144
189650	0.177989
189700	-0.240654
189750	-0.194169
189800	-0.113581
189850	-0.035569
189900	-0.109222
189950	-0.183587
190000	-0.167299
190050	0.210746
190100	0.062565
190150	0.100040
190200	-0.024724
190250	0.113906
190300	0.047411
190350	-0.134853
190400	-0.358963
190450	-0.000072
190500	0.118281
190550	0.258261
190600	-0.029396
190650	0.159593
190700	0.106565
190750	-0.025416
190800	0.196693
190850	-0.077332
190900	0.027887
190950	-0.088505
191000	-0.058314
191050	-0.099779
191100	-0.251481
191150	-0.313076
191200	0.106549
191250	0.132791
191300	0.135109
191350	0.169217
191400	0.003041
191450	-0.061958
191500	-0.043841
191550	0.111283
191600	0.087495
191650	0.037891
191700	-0.132154
191750	0.029397
191800	-0.135183
191850	-0.166616
191900	-0.115134
191950	-0.080271
192000	-0.030590
192050	0.131608
192100	0.064423
192150	-0.050209
192200	0.262993
192250	0.285412
192300	-0.100670
192350	0.254453
192400	0.138136
192450	0.066318
192500	0.111805
192550	0.019832
192600	-0.029040
192650	0.020657
192700	-0.298657
192750	-0.035924
192800	0.004689
192850	0.022096
192900	0.204552
192950	0.004242
193000	0.036292
193050	0.071482
193100	-0.016637
193150	0.059006
193200	-0.005393
193250	-0.012290
193300	-0.149414
193350	-0.150057
193400	0.229517
193450	-0.220746
193500	-0.000269
193550	-0.170320
193600	-0.180846
193650	0.071908
193700	-0.045929
193750	-0.095379
193800	0.259611
193850	-0.033954
193900	-0.046572
193950	-0.031224
194000	-0.075875
194050	0.157838
194100	0.070927
194150	-0.039737
194200	0.050582
194250	-0.045955
194300	-0.035713
194350	-0.236235
194400	-0.051550
194450	-0.077941
194500	-0.090435
194550	0.050978
194600	-0.072798
194650	0.046924
194700	0.000196
194750	0.147870
194800	-0.015711
194850	-0.137974
194900	-0.017101
194950	-0.061253
195000	-0.086034
195050	-0.151808
195100	-0.114392
195150	-0.029193
195200	-0.099032
195250	0.144751
195300	0.026662
195350	-0.020282
195400	0.015591
195450	-0.102458
195500	0.207133
195550	0.184882
195600	-0.081215
195650	-0.300464
195700	-0.135707
195750	-0.001986
195800	0.060466
195850	0.005903
195900	0.039492
195950	0.045704
196000	-0.127111
196050	0.059072
196100	-0.050970
196150	0.016492
196200	-0.112823
196250	0.017761
196300	0.060252
196350	-0.177701
196400	0.091286
196450	0.090387
196500	0.013975
196550	0.047761
196600	0.079306
196650	-0.084864
196700	0.055935
196750	0.030020
196800	-0.005523
196850	0.096898
196900	0.039805
196950	-0.159807
197000	0.135225
197050	-0.109695
197100	0.101231
197150	0.095655
197200	0.140287
197250	-0.020112
197300	0.134571
197350	-0.136977
197400	0.166566
197450	-0.298350
197500	-0.130643
197550	0.053486
197600	-0.043826
197650	0.292029
197700	0.032424
197750	0.024708
197800	0.203208
197850	0.072843
197900	-0.052951
197950	0.073561
198000	-0.028539
198050	-0.074825
198100	0.118087
198150	0.173897
198200	-0.104174
198250	0.225362
198300	-0.065426
198350	-0.055754
198400	-0.001672
198450	0.263542
198500	-0.141934
198550	0.190096
198600	0.109258
198650	0.089100
198700	0.164136
198750	0.077280
198800	-0.101137
198850	-0.201945
198900	-0.020235
198950	-0.034633
199000	0.049346
199050	0.019272
199100	0.099847
199150	-0.081137
199200	0.057345
199250	0.107849
199300	0.112166
199350	0.244306
199400	0.154102
199450	0.070964
199500	0.228817
199550	0.098956
199600	0.030303
199650	-0.102396
199700	-0.040003
199750	-0.047247
199800	-0.005342
199850	0.092345
199900	-0.134823
199950	0.285617
