0.000000 44.479424 56.682957 0.000000 0.000000
50.000000 2.520385 2.609237 0.000000 0.000000
100.000000 0.422856 1.285016 0.000000 0.000000
150.000000 0.384507 0.938478 0.000000 0.000000
200.000000 -0.000074 0.988428 0.000000 0.000000
250.000000 0.267658 0.821426 0.000000 0.000000
300.000000 0.369290 0.772007 0.000000 0.000000
350.000000 0.296716 0.799257 0.000000 0.000000
400.000000 0.085282 0.376429 0.000000 0.000000
450.000000 0.112009 0.478022 0.000000 0.000000
500.000000 0.147920 0.159308 0.000000 0.000000
550.000000 0.028604 0.196190 0.000000 0.000000
600.000000 0.055081 0.090013 0.000000 0.000000
650.000000 0.084035 0.012777 0.000000 0.000000
700.000000 0.112781 0.156255 0.000000 0.000000
750.000000 -0.176572 -0.124435 0.000000 0.000000
800.000000 0.090891 -0.075286 0.000000 0.000000
850.000000 0.226181 -0.111716 0.000000 0.000000
900.000000 0.045706 0.161393 0.000000 0.000000
950.000000 -0.020036 0.124133 0.000000 0.000000
1000.000000 0.128247 0.049194 0.000000 0.000000
1050.000000 0.021670 0.222748 0.000000 0.000000
1100.000000 -0.068896 0.012707 0.000000 0.000000
1150.000000 0.178270 0.286806 0.000000 0.000000
1200.000000 0.214926 0.171342 0.000000 0.000000
1250.000000 0.341393 0.061088 0.000000 0.000000
1300.000000 0.171232 -0.234750 0.000000 0.000000
1350.000000 0.209004 0.242154 0.000000 0.000000
1400.000000 0.217145 -0.012836 0.000000 0.000000
1450.000000 -0.023006 0.234433 0.000000 0.000000
1500.000000 -0.107390 0.042782 0.000000 0.000000
1550.000000 0.062560 0.091646 0.000000 0.000000
1600.000000 0.112526 0.141491 0.000000 0.000000
1650.000000 0.266003 0.043656 0.000000 0.000000
1700.000000 0.408738 -0.091685 0.000000 0.000000
1750.000000 0.214249 -0.180350 0.000000 0.000000
1800.000000 0.000826 0.098141 0.000000 0.000000
1850.000000 -0.095970 0.045829 0.000000 0.000000
1900.000000 -0.019842 0.199095 0.000000 0.000000
1950.000000 0.119492 -0.025457 0.000000 0.000000
2000.000000 0.337299 0.220665 0.000000 0.000000
2100.000000 0.083650 0.036780 0.000000 0.000000
2350.000000 0.027982 0.023886 0.000000 0.000000
2600.000000 0.043022 0.010955 0.000000 0.000000
2850.000000 0.055084 0.096233 0.000000 0.000000
3100.000000 0.093148 0.177565 0.000000 0.000000
3350.000000 -0.129214 0.271975 0.000000 0.000000
3600.000000 0.144139 0.070593 0.000000 0.000000
3850.000000 0.067935 0.213776 0.000000 0.000000
4100.000000 0.098692 0.111362 0.000000 0.000000
4350.000000 0.119677 0.260579 0.000000 0.000000
4600.000000 -0.009776 0.188041 0.000000 0.000000
4850.000000 -0.049644 0.098894 0.000000 0.000000
5100.000000 0.033366 0.140315 0.000000 0.000000
5350.000000 0.100009 0.078704 0.000000 0.000000
5600.000000 -0.025386 0.080048 0.000000 0.000000
5850.000000 0.103130 0.176865 0.000000 0.000000
6100.000000 -0.004167 0.116340 0.000000 0.000000
6350.000000 -0.008191 0.026247 0.000000 0.000000
6600.000000 -0.073502 0.018523 0.000000 0.000000
6850.000000 0.046589 -0.030442 0.000000 0.000000
7100.000000 0.202149 0.225332 0.000000 0.000000
7350.000000 0.053507 0.125253 0.000000 0.000000
7600.000000 -0.043972 0.198731 0.000000 0.000000
7850.000000 0.005286 0.095354 0.000000 0.000000
8100.000000 0.038983 0.072587 0.000000 0.000000
8350.000000 0.154645 0.231824 0.000000 0.000000
8600.000000 0.188729 0.183305 0.000000 0.000000
8850.000000 0.063097 0.201788 0.000000 0.000000
9100.000000 -0.025601 0.150642 0.000000 0.000000
9350.000000 0.111545 0.350407 0.000000 0.000000
9600.000000 0.112377 0.164688 0.000000 0.000000
9850.000000 0.084985 0.081543 0.000000 0.000000
10100.000000 0.082331 0.136887 0.000000 0.000000
10350.000000 0.003664 0.072099 0.000000 0.000000
10600.000000 0.021345 0.178810 0.000000 0.000000
10850.000000 0.067299 0.246562 0.000000 0.000000
11100.000000 0.053394 0.034135 0.000000 0.000000
11350.000000 0.099269 0.042286 0.000000 0.000000
11600.000000 0.161203 0.179983 0.000000 0.000000
11850.000000 -0.006692 0.122138 0.000000 0.000000
12100.000000 0.012548 -0.110159 0.000000 0.000000
12350.000000 -0.044738 -0.005016 0.000000 0.000000
12600.000000 0.017828 0.213189 0.000000 0.000000
12850.000000 -0.035276 0.151920 0.000000 0.000000
13100.000000 0.055353 0.062080 0.000000 0.000000
13350.000000 0.040898 0.080398 0.000000 0.000000
13600.000000 -0.132733 0.165363 0.000000 0.000000
13850.000000 -0.020478 0.100567 0.000000 0.000000
14100.000000 -0.045925 0.174530 0.000000 0.000000
14350.000000 0.045180 0.154772 0.000000 0.000000
14600.000000 -0.015106 0.154363 0.000000 0.000000
14850.000000 -0.095312 0.197574 0.000000 0.000000
15100.000000 -0.017173 0.158834 0.000000 0.000000
15350.000000 -0.065569 0.045117 0.000000 0.000000
15600.000000 -0.035078 0.070075 0.000000 0.000000
15850.000000 -0.019269 0.179708 0.000000 0.000000
16100.000000 -0.020536 0.265728 0.000000 0.000000
16350.000000 -0.050483 0.117840 0.000000 0.000000
16600.000000 -0.107428 -0.084397 0.000000 0.000000
16850.000000 0.062599 -0.071666 0.000000 0.000000
17100.000000 0.073280 0.231772 0.000000 0.000000
17350.000000 0.089663 0.189540 0.000000 0.000000
17600.000000 0.048653 0.196799 0.000000 0.000000
17850.000000 0.060286 0.163055 0.000000 0.000000
18100.000000 -0.022025 -0.055055 0.000000 0.000000
18350.000000 -0.009854 0.133188 0.000000 0.000000
18600.000000 0.086415 0.027866 0.000000 0.000000
18850.000000 -0.009138 0.152456 0.000000 0.000000
19100.000000 0.012102 0.214177 0.000000 0.000000
19350.000000 0.053286 0.179597 0.000000 0.000000
19600.000000 0.054570 0.069993 0.000000 0.000000
19850.000000 -0.102706 0.022810 0.000000 0.000000
20100.000000 -0.068364 0.155907 0.000000 0.000000
20350.000000 -0.004918 -0.043739 0.000000 0.000000
20600.000000 -0.057202 0.087040 0.000000 0.000000
20850.000000 0.011175 0.187977 0.000000 0.000000
21100.000000 0.047001 0.094680 0.000000 0.000000
21350.000000 -0.005425 0.060179 0.000000 0.000000
21600.000000 0.043332 0.039346 0.000000 0.000000
21850.000000 -0.038777 0.130567 0.000000 0.000000
22100.000000 -0.067552 0.112835 0.000000 0.000000
22350.000000 0.026857 0.113542 0.000000 0.000000
22600.000000 0.060383 0.122918 0.000000 0.000000
22850.000000 0.074957 0.089077 0.000000 0.000000
23100.000000 -0.048848 0.367162 0.000000 0.000000
23350.000000 -0.032652 0.181004 0.000000 0.000000
23600.000000 0.032477 0.099384 0.000000 0.000000
23850.000000 -0.022969 0.052550 0.000000 0.000000
24100.000000 0.017982 0.041828 0.000000 0.000000
24350.000000 -0.041360 0.026376 0.000000 0.000000
24600.000000 0.000121 0.192812 0.000000 0.000000
24850.000000 -0.076840 0.131003 0.000000 0.000000
25100.000000 -0.000301 0.163966 0.000000 0.000000
25350.000000 -0.018084 -0.004274 0.000000 0.000000
25600.000000 0.083045 0.107044 0.000000 0.000000
25850.000000 0.023716 0.103476 0.000000 0.000000
26100.000000 -0.072421 0.095529 0.000000 0.000000
26350.000000 -0.091649 0.188943 0.000000 0.000000
26600.000000 -0.014859 0.105933 0.000000 0.000000
26850.000000 0.154352 0.139483 0.000000 0.000000
27100.000000 0.050222 0.000479 0.000000 0.000000
27350.000000 0.007205 0.066570 0.000000 0.000000
27600.000000 -0.025350 0.075190 0.000000 0.000000
27850.000000 0.090400 0.078206 0.000000 0.000000
28100.000000 0.044787 0.165509 0.000000 0.000000
28350.000000 0.181211 0.153636 0.000000 0.000000
28600.000000 0.058898 0.221311 0.000000 0.000000
28850.000000 0.126746 0.302455 0.000000 0.000000
29100.000000 0.037640 0.279231 0.000000 0.000000
29350.000000 0.084894 0.070580 0.000000 0.000000
29600.000000 -0.004186 0.059943 0.000000 0.000000
29850.000000 0.051171 0.083292 0.000000 0.000000
30100.000000 0.051696 0.095405 0.000000 0.000000
30350.000000 0.078001 0.135707 0.000000 0.000000
30600.000000 0.041219 0.088641 0.000000 0.000000
30850.000000 0.050117 0.091998 0.000000 0.000000
31100.000000 0.056677 0.019932 0.000000 0.000000
31350.000000 0.020920 0.115047 0.000000 0.000000
31600.000000 0.039515 0.157714 0.000000 0.000000
31850.000000 0.006151 0.150056 0.000000 0.000000
32100.000000 0.089631 0.205202 0.000000 0.000000
32350.000000 0.074732 0.179841 0.000000 0.000000
32600.000000 -0.050686 0.068128 0.000000 0.000000
32850.000000 -0.086942 0.178873 0.000000 0.000000
33100.000000 -0.050775 0.122970 0.000000 0.000000
33350.000000 -0.030670 0.094474 0.000000 0.000000
33600.000000 -0.092589 0.100973 0.000000 0.000000
33850.000000 -0.019236 0.141426 0.000000 0.000000
34100.000000 -0.073109 0.071119 0.000000 0.000000
34350.000000 -0.055286 0.170096 0.000000 0.000000
34600.000000 0.050928 0.065027 0.000000 0.000000
34850.000000 0.033989 0.241162 0.000000 0.000000
35100.000000 -0.010208 0.073772 0.000000 0.000000
35350.000000 -0.130787 0.144651 0.000000 0.000000
35600.000000 -0.013369 0.003762 0.000000 0.000000
35850.000000 0.028124 0.211799 0.000000 0.000000
36100.000000 -0.046967 0.199348 0.000000 0.000000
36350.000000 0.095926 0.178420 0.000000 0.000000
36600.000000 0.001785 0.076212 0.000000 0.000000
36850.000000 -0.103454 0.046290 0.000000 0.000000
37100.000000 -0.086959 0.148999 0.000000 0.000000
37350.000000 0.087110 0.243630 0.000000 0.000000
37600.000000 0.072833 0.180899 0.000000 0.000000
37850.000000 0.086625 0.088302 0.000000 0.000000
38100.000000 -0.089116 0.177560 0.000000 0.000000
38350.000000 0.047982 0.130429 0.000000 0.000000
38600.000000 -0.075534 0.086478 0.000000 0.000000
38850.000000 0.054717 0.104767 0.000000 0.000000
39100.000000 0.010219 0.047194 0.000000 0.000000
39350.000000 -0.025043 0.153197 0.000000 0.000000
39600.000000 -0.039439 0.116570 0.000000 0.000000
39850.000000 0.040561 0.158792 0.000000 0.000000
40100.000000 0.127440 0.066697 0.000000 0.000000
40350.000000 -0.066065 0.197578 0.000000 0.000000
40600.000000 -0.025072 0.013002 0.000000 0.000000
40850.000000 -0.054111 0.009724 0.000000 0.000000
41100.000000 0.002454 0.153559 0.000000 0.000000
41350.000000 0.075721 0.191197 0.000000 0.000000
41600.000000 0.080766 0.050316 0.000000 0.000000
41850.000000 -0.030243 0.128129 0.000000 0.000000
42100.000000 -0.089124 0.147125 0.000000 0.000000
42350.000000 0.098020 0.121267 0.000000 0.000000
42600.000000 -0.000286 0.019322 0.000000 0.000000
42850.000000 -0.045314 0.229119 0.000000 0.000000
43100.000000 -0.002749 0.173096 0.000000 0.000000
43350.000000 0.027788 0.127468 0.000000 0.000000
43600.000000 -0.008670 0.056916 0.000000 0.000000
43850.000000 -0.136804 0.234689 0.000000 0.000000
44100.000000 -0.030641 0.017279 0.000000 0.000000
44350.000000 -0.005990 0.166783 0.000000 0.000000
44600.000000 0.023493 0.117997 0.000000 0.000000
44850.000000 -0.005214 0.184302 0.000000 0.000000
45100.000000 -0.064116 0.199017 0.000000 0.000000
45350.000000 -0.060469 0.062537 0.000000 0.000000
45600.000000 -0.046101 0.125152 0.000000 0.000000
45850.000000 -0.050207 0.152876 0.000000 0.000000
46100.000000 0.018562 0.275365 0.000000 0.000000
46350.000000 0.033428 0.054677 0.000000 0.000000
46600.000000 -0.028698 0.267791 0.000000 0.000000
46850.000000 -0.004648 0.024908 0.000000 0.000000
47100.000000 0.054227 -0.006217 0.000000 0.000000
47350.000000 -0.006330 0.134387 0.000000 0.000000
47600.000000 0.000028 0.262910 0.000000 0.000000
47850.000000 -0.018754 0.108368 0.000000 0.000000
48100.000000 0.106188 0.111379 0.000000 0.000000
48350.000000 -0.109814 0.156117 0.000000 0.000000
48600.000000 0.143297 0.171461 0.000000 0.000000
48850.000000 0.020563 0.070525 0.000000 0.000000
49100.000000 0.120331 0.143914 0.000000 0.000000
49350.000000 0.058822 0.071527 0.000000 0.000000
49600.000000 0.111567 0.221665 0.000000 0.000000
49850.000000 0.088186 0.181838 0.000000 0.000000
50250.000000 0.038304 0.020891 0.000000 0.000000
50750.000000 0.046131 0.040106 0.000000 0.000000
51250.000000 0.010222 0.209224 0.000000 0.000000
51750.000000 0.060523 0.127874 0.000000 0.000000
52250.000000 -0.050655 0.078407 0.000000 0.000000
52750.000000 -0.000272 0.149988 0.000000 0.000000
53250.000000 0.005776 0.131820 0.000000 0.000000
53750.000000 -0.011640 0.071639 0.000000 0.000000
54250.000000 -0.055956 0.076614 0.000000 0.000000
54750.000000 0.005028 0.050113 0.000000 0.000000
55250.000000 0.068162 0.059477 0.000000 0.000000
55750.000000 -0.002718 0.046195 0.000000 0.000000
56250.000000 -0.096487 0.069934 0.000000 0.000000
56750.000000 0.076833 -0.028536 0.000000 0.000000
57250.000000 0.054160 0.126344 0.000000 0.000000
57750.000000 0.032938 0.042529 0.000000 0.000000
58250.000000 0.044459 0.147777 0.000000 0.000000
58750.000000 0.057699 0.127462 0.000000 0.000000
59250.000000 -0.033302 0.174007 0.000000 0.000000
59750.000000 0.112048 0.072449 0.000000 0.000000
60250.000000 0.042814 0.050375 0.000000 0.000000
60750.000000 -0.037932 0.158666 0.000000 0.000000
61250.000000 0.008323 0.063912 0.000000 0.000000
61750.000000 0.075090 0.162556 0.000000 0.000000
62250.000000 0.005088 0.160582 0.000000 0.000000
62750.000000 -0.035817 0.095557 0.000000 0.000000
63250.000000 -0.057580 0.141206 0.000000 0.000000
63750.000000 -0.016562 0.123831 0.000000 0.000000
64250.000000 0.079452 0.166447 0.000000 0.000000
64750.000000 -0.036347 0.183082 0.000000 0.000000
65250.000000 -0.076341 0.094591 0.000000 0.000000
65750.000000 0.012886 0.271916 0.000000 0.000000
66250.000000 -0.074255 0.066629 0.000000 0.000000
66750.000000 0.024965 0.094263 0.000000 0.000000
67250.000000 0.006789 0.141879 0.000000 0.000000
67750.000000 0.040800 0.173434 0.000000 0.000000
68250.000000 -0.002313 0.153203 0.000000 0.000000
68750.000000 0.007647 0.123742 0.000000 0.000000
69250.000000 -0.006200 0.150306 0.000000 0.000000
69750.000000 0.061370 0.027594 0.000000 0.000000
70250.000000 0.069319 0.092951 0.000000 0.000000
70750.000000 0.019746 0.128234 0.000000 0.000000
71250.000000 -0.071248 0.068621 0.000000 0.000000
71750.000000 0.027258 0.033610 0.000000 0.000000
72250.000000 0.005734 0.045286 0.000000 0.000000
72750.000000 0.089918 0.101092 0.000000 0.000000
73250.000000 -0.088922 0.136141 0.000000 0.000000
73750.000000 0.041172 0.032026 0.000000 0.000000
74250.000000 0.053642 0.015407 0.000000 0.000000
74750.000000 0.042767 0.136378 0.000000 0.000000
75250.000000 -0.043319 0.163644 0.000000 0.000000
75750.000000 0.003550 0.069171 0.000000 0.000000
76250.000000 -0.006205 0.015194 0.000000 0.000000
76750.000000 0.048257 0.112811 0.000000 0.000000
77250.000000 0.049608 0.024892 0.000000 0.000000
77750.000000 -0.000784 0.089282 0.000000 0.000000
78250.000000 -0.050961 -0.034990 0.000000 0.000000
78750.000000 0.048290 0.146625 0.000000 0.000000
79250.000000 0.025185 0.159396 0.000000 0.000000
79750.000000 0.039505 0.066465 0.000000 0.000000
80250.000000 0.014143 0.172545 0.000000 0.000000
80750.000000 -0.083602 0.131259 0.000000 0.000000
81250.000000 0.004330 -0.000995 0.000000 0.000000
81750.000000 0.047620 0.094847 0.000000 0.000000
82250.000000 0.050246 0.108387 0.000000 0.000000
82750.000000 0.045580 0.052382 0.000000 0.000000
83250.000000 -0.005634 0.027665 0.000000 0.000000
83750.000000 0.049330 0.113095 0.000000 0.000000
84250.000000 0.043298 0.087245 0.000000 0.000000
84750.000000 0.065031 0.022847 0.000000 0.000000
85250.000000 0.050794 0.168178 0.000000 0.000000
85750.000000 0.014897 0.018477 0.000000 0.000000
86250.000000 -0.021077 0.064924 0.000000 0.000000
86750.000000 -0.041052 0.128778 0.000000 0.000000
87250.000000 0.043086 0.268656 0.000000 0.000000
87750.000000 0.091189 0.191131 0.000000 0.000000
88250.000000 0.016566 0.226031 0.000000 0.000000
88750.000000 0.167134 0.126464 0.000000 0.000000
89250.000000 0.044602 0.083843 0.000000 0.000000
89750.000000 0.042308 0.168327 0.000000 0.000000
90250.000000 0.003023 0.000376 0.000000 0.000000
90750.000000 0.007174 0.167455 0.000000 0.000000
91250.000000 -0.003295 0.163837 0.000000 0.000000
91750.000000 0.119246 0.176646 0.000000 0.000000
92250.000000 -0.008008 0.148513 0.000000 0.000000
92750.000000 0.017921 0.131507 0.000000 0.000000
93250.000000 0.041802 0.192945 0.000000 0.000000
93750.000000 -0.109134 0.219338 0.000000 0.000000
94250.000000 0.040018 0.140647 0.000000 0.000000
94750.000000 -0.015843 0.167562 0.000000 0.000000
95250.000000 -0.042521 0.062428 0.000000 0.000000
95750.000000 0.041877 0.163533 0.000000 0.000000
96250.000000 0.048840 0.141295 0.000000 0.000000
96750.000000 0.032515 0.200256 0.000000 0.000000
97250.000000 -0.066439 0.032564 0.000000 0.000000
97750.000000 0.035244 0.140417 0.000000 0.000000
98250.000000 0.036471 0.166196 0.000000 0.000000
98750.000000 0.020862 0.108582 0.000000 0.000000
99250.000000 0.041180 0.156777 0.000000 0.000000
99750.000000 -0.003915 0.149582 0.000000 0.000000
100250.000000 0.060022 0.161018 0.000000 0.000000
100750.000000 0.079130 0.172880 0.000000 0.000000
101250.000000 0.052557 0.234057 0.000000 0.000000
101750.000000 0.059120 0.110911 0.000000 0.000000
102250.000000 -0.089335 0.055749 0.000000 0.000000
102750.000000 0.002458 0.014339 0.000000 0.000000
103250.000000 0.059193 0.158662 0.000000 0.000000
103750.000000 -0.011361 0.138494 0.000000 0.000000
104250.000000 0.004920 0.077771 0.000000 0.000000
104750.000000 0.057992 0.160699 0.000000 0.000000
105250.000000 -0.071882 0.157243 0.000000 0.000000
105750.000000 0.100293 0.072246 0.000000 0.000000
106250.000000 0.035696 -0.049621 0.000000 0.000000
106750.000000 0.041054 0.094461 0.000000 0.000000
107250.000000 0.036583 0.195671 0.000000 0.000000
107750.000000 -0.039043 0.104644 0.000000 0.000000
108250.000000 0.028791 0.258951 0.000000 0.000000
108750.000000 -0.004398 0.156234 0.000000 0.000000
109250.000000 0.081712 0.089818 0.000000 0.000000
109750.000000 0.126219 0.088939 0.000000 0.000000
110250.000000 0.034945 0.146891 0.000000 0.000000
110750.000000 0.073464 0.098363 0.000000 0.000000
111250.000000 -0.000568 0.070671 0.000000 0.000000
111750.000000 0.069695 0.116740 0.000000 0.000000
112250.000000 -0.029948 0.067482 0.000000 0.000000
112750.000000 0.033706 0.222532 0.000000 0.000000
113250.000000 -0.050201 0.024570 0.000000 0.000000
113750.000000 0.048405 0.079369 0.000000 0.000000
114250.000000 -0.033570 0.054810 0.000000 0.000000
114750.000000 0.010162 0.050390 0.000000 0.000000
115250.000000 0.071779 -0.073772 0.000000 0.000000
115750.000000 -0.013698 0.129383 0.000000 0.000000
116250.000000 -0.012422 0.045829 0.000000 0.000000
116750.000000 0.021818 0.082765 0.000000 0.000000
117250.000000 -0.085739 0.016009 0.000000 0.000000
117750.000000 0.081291 0.173640 0.000000 0.000000
118250.000000 0.103994 0.144777 0.000000 0.000000
118750.000000 -0.023986 0.038047 0.000000 0.000000
119250.000000 0.081385 0.074298 0.000000 0.000000
119750.000000 -0.009315 0.009973 0.000000 0.000000
120250.000000 -0.024993 0.175131 0.000000 0.000000
120750.000000 -0.073873 0.089044 0.000000 0.000000
121250.000000 0.036056 0.213712 0.000000 0.000000
121750.000000 0.050765 0.097395 0.000000 0.000000
122250.000000 0.119085 0.142547 0.000000 0.000000
122750.000000 0.159567 0.121766 0.000000 0.000000
123250.000000 0.038292 0.098346 0.000000 0.000000
123750.000000 -0.005973 0.070815 0.000000 0.000000
124250.000000 0.039003 0.178838 0.000000 0.000000
124750.000000 0.079166 0.139518 0.000000 0.000000
125250.000000 0.066951 0.081751 0.000000 0.000000
125750.000000 0.004507 0.266688 0.000000 0.000000
126250.000000 0.073643 0.188618 0.000000 0.000000
126750.000000 0.047714 0.036112 0.000000 0.000000
127250.000000 -0.068294 0.178719 0.000000 0.000000
127750.000000 0.093442 0.114994 0.000000 0.000000
128250.000000 0.115991 0.159747 0.000000 0.000000
128750.000000 0.024035 0.067803 0.000000 0.000000
129250.000000 0.045603 0.009719 0.000000 0.000000
129750.000000 -0.031861 0.146240 0.000000 0.000000
130250.000000 -0.006150 0.117315 0.000000 0.000000
130750.000000 -0.013311 0.148445 0.000000 0.000000
131250.000000 0.052117 0.070863 0.000000 0.000000
131750.000000 0.105141 0.195640 0.000000 0.000000
132250.000000 0.052537 0.172416 0.000000 0.000000
132750.000000 0.026760 0.129622 0.000000 0.000000
133250.000000 0.014539 0.113906 0.000000 0.000000
133750.000000 0.085848 0.120677 0.000000 0.000000
134250.000000 0.007628 0.111139 0.000000 0.000000
134750.000000 0.047382 0.076902 0.000000 0.000000
135250.000000 -0.017139 0.111601 0.000000 0.000000
135750.000000 0.018974 0.078418 0.000000 0.000000
136250.000000 -0.041925 0.107658 0.000000 0.000000
136750.000000 0.027626 0.120813 0.000000 0.000000
137250.000000 0.073016 0.111705 0.000000 0.000000
137750.000000 0.010308 0.100170 0.000000 0.000000
138250.000000 -0.015622 -0.012987 0.000000 0.000000
138750.000000 0.070287 0.147665 0.000000 0.000000
139250.000000 0.035118 0.269322 0.000000 0.000000
139750.000000 0.065469 0.165112 0.000000 0.000000
140250.000000 0.025029 0.049839 0.000000 0.000000
140750.000000 -0.012854 0.196140 0.000000 0.000000
141250.000000 0.017730 0.228154 0.000000 0.000000
141750.000000 0.017535 0.160255 0.000000 0.000000
142250.000000 0.070381 0.111857 0.000000 0.000000
142750.000000 -0.023627 0.158521 0.000000 0.000000
143250.000000 -0.008623 0.227028 0.000000 0.000000
143750.000000 0.001925 0.096007 0.000000 0.000000
144250.000000 -0.017179 0.105311 0.000000 0.000000
144750.000000 -0.074999 -0.031399 0.000000 0.000000
145250.000000 0.023142 0.117437 0.000000 0.000000
145750.000000 0.020288 0.129289 0.000000 0.000000
146250.000000 -0.086623 0.077024 0.000000 0.000000
146750.000000 0.099675 0.037887 0.000000 0.000000
147250.000000 0.027892 0.057192 0.000000 0.000000
147750.000000 0.045110 0.122761 0.000000 0.000000
148250.000000 0.028438 0.080081 0.000000 0.000000
148750.000000 0.062802 0.107047 0.000000 0.000000
149250.000000 0.000878 0.147320 0.000000 0.000000
149750.000000 -0.082633 0.173271 0.000000 0.000000
150250.000000 0.044363 0.256310 0.000000 0.000000
150750.000000 -0.042530 0.130584 0.000000 0.000000
151250.000000 0.003539 0.096951 0.000000 0.000000
151750.000000 0.079319 0.032664 0.000000 0.000000
152250.000000 0.032225 0.074244 0.000000 0.000000
152750.000000 -0.007710 0.123075 0.000000 0.000000
153250.000000 0.010857 0.026787 0.000000 0.000000
153750.000000 -0.038558 0.081739 0.000000 0.000000
154250.000000 0.007669 0.105874 0.000000 0.000000
154750.000000 0.005961 0.204541 0.000000 0.000000
155250.000000 -0.020059 0.090183 0.000000 0.000000
155750.000000 -0.007424 0.067066 0.000000 0.000000
156250.000000 -0.003336 0.082982 0.000000 0.000000
156750.000000 0.048573 0.259296 0.000000 0.000000
157250.000000 -0.005206 0.054555 0.000000 0.000000
157750.000000 -0.069812 0.231586 0.000000 0.000000
158250.000000 -0.008899 0.219998 0.000000 0.000000
158750.000000 0.025682 0.221065 0.000000 0.000000
159250.000000 0.021327 0.005818 0.000000 0.000000
159750.000000 0.050841 0.137995 0.000000 0.000000
160250.000000 0.057448 0.168136 0.000000 0.000000
160750.000000 0.009961 0.050577 0.000000 0.000000
161250.000000 0.028097 0.101880 0.000000 0.000000
161750.000000 0.026609 0.012679 0.000000 0.000000
162250.000000 -0.008150 0.010899 0.000000 0.000000
162750.000000 0.068241 -0.013191 0.000000 0.000000
163250.000000 0.004167 0.057605 0.000000 0.000000
163750.000000 0.041902 -0.020293 0.000000 0.000000
164250.000000 0.040798 0.208448 0.000000 0.000000
164750.000000 0.075143 0.157601 0.000000 0.000000
165250.000000 -0.003201 0.056484 0.000000 0.000000
165750.000000 -0.063693 0.091184 0.000000 0.000000
166250.000000 0.065529 0.060482 0.000000 0.000000
166750.000000 0.058035 0.204362 0.000000 0.000000
167250.000000 -0.031868 0.182053 0.000000 0.000000
167750.000000 -0.037699 0.110381 0.000000 0.000000
168250.000000 0.092630 0.131575 0.000000 0.000000
168750.000000 -0.027350 0.123533 0.000000 0.000000
169250.000000 0.001745 0.174350 0.000000 0.000000
169750.000000 0.000454 0.116803 0.000000 0.000000
170250.000000 0.016413 0.205729 0.000000 0.000000
170750.000000 0.066485 -0.041282 0.000000 0.000000
171250.000000 -0.004808 0.091072 0.000000 0.000000
171750.000000 0.030513 0.122274 0.000000 0.000000
172250.000000 -0.016741 0.104560 0.000000 0.000000
172750.000000 -0.010616 0.111036 0.000000 0.000000
173250.000000 -0.003266 0.166144 0.000000 0.000000
173750.000000 0.011988 0.117236 0.000000 0.000000
174250.000000 -0.020859 0.066521 0.000000 0.000000
174750.000000 -0.011331 0.171561 0.000000 0.000000
175250.000000 0.030330 0.000118 0.000000 0.000000
175750.000000 -0.016730 0.201682 0.000000 0.000000
176250.000000 0.031188 0.173483 0.000000 0.000000
176750.000000 -0.020347 0.006660 0.000000 0.000000
177250.000000 -0.048418 0.287958 0.000000 0.000000
177750.000000 0.103241 0.191567 0.000000 0.000000
178250.000000 -0.053262 0.132053 0.000000 0.000000
178750.000000 0.005420 0.089677 0.000000 0.000000
179250.000000 0.041662 0.142111 0.000000 0.000000
179750.000000 0.031066 -0.046998 0.000000 0.000000
180250.000000 0.048461 -0.056252 0.000000 0.000000
180750.000000 -0.041400 0.048807 0.000000 0.000000
181250.000000 0.011786 0.063590 0.000000 0.000000
181750.000000 -0.014007 0.130132 0.000000 0.000000
182250.000000 -0.003971 0.023735 0.000000 0.000000
182750.000000 -0.090502 0.166121 0.000000 0.000000
183250.000000 0.037869 0.032456 0.000000 0.000000
183750.000000 -0.030477 0.033858 0.000000 0.000000
184250.000000 -0.069301 0.066955 0.000000 0.000000
184750.000000 -0.069407 0.094512 0.000000 0.000000
185250.000000 0.032399 0.093886 0.000000 0.000000
185750.000000 -0.019480 -0.048988 0.000000 0.000000
186250.000000 -0.024933 0.129969 0.000000 0.000000
186750.000000 -0.056212 0.152955 0.000000 0.000000
187250.000000 -0.015777 0.253528 0.000000 0.000000
187750.000000 0.048812 0.107930 0.000000 0.000000
188250.000000 0.015841 0.058573 0.000000 0.000000
188750.000000 -0.023095 0.002211 0.000000 0.000000
189250.000000 0.016902 0.242726 0.000000 0.000000
189750.000000 -0.021618 -0.004701 0.000000 0.000000
190250.000000 0.038239 0.262466 0.000000 0.000000
190750.000000 -0.011580 0.224171 0.000000 0.000000
191250.000000 0.015170 0.132854 0.000000 0.000000
191750.000000 -0.045157 0.110749 0.000000 0.000000
192250.000000 0.003687 0.054764 0.000000 0.000000
192750.000000 -0.043466 0.180423 0.000000 0.000000
193250.000000 0.063499 0.161087 0.000000 0.000000
193750.000000 -0.029779 0.107191 0.000000 0.000000
194250.000000 -0.103082 0.057843 0.000000 0.000000
194750.000000 0.040076 0.002844 0.000000 0.000000
195250.000000 -0.005429 0.054488 0.000000 0.000000
195750.000000 0.023141 0.125377 0.000000 0.000000
196250.000000 -0.050294 0.111205 0.000000 0.000000
196750.000000 -0.042095 0.143149 0.000000 0.000000
197250.000000 -0.089360 -0.014350 0.000000 0.000000
197750.000000 -0.012761 0.085354 0.000000 0.000000
198250.000000 -0.022860 0.166864 0.000000 0.000000
198750.000000 0.091573 0.102350 0.000000 0.000000
199250.000000 0.121264 0.079769 0.000000 0.000000
199750.000000 0.058388 -0.008486 0.000000 0.000000
