0	43.711392
50	2.103827
100	0.907795
150	0.489311
200	0.144269
250	0.327190
300	0.582379
350	0.459826
400	0.126870
450	0.194530
500	0.195528
550	0.224014
600	0.379112
650	0.222369
700	0.377007
750	0.317127
800	-0.006025
850	0.330704
900	0.052556
950	0.465713
1000	0.191903
1050	0.011600
1100	0.103127
1150	0.190947
1200	0.133328
1250	0.150140
1300	0.205867
1350	0.377755
1400	0.411722
1450	0.186655
1500	0.184601
1550	0.378778
1600	0.178350
1650	0.262135
1700	0.194593
1750	0.022490
1800	0.412746
1850	0.400253
1900	0.380554
1950	0.345089
2000	0.284967
2050	0.221132
2100	0.104512
2150	0.035832
2200	0.112401
2250	0.008271
2300	0.361231
2350	0.001344
2400	0.090849
2450	0.121897
2500	0.310075
2550	0.155729
2600	0.220355
2650	0.198429
2700	0.215831
2750	0.105140
2800	0.091193
2850	0.214382
2900	0.138660
2950	0.212351
3000	0.239857
3050	0.039367
3100	0.274233
3150	0.107690
3200	0.033835
3250	0.002063
3300	0.196918
3350	0.252020
3400	0.071830
3450	0.256685
3500	0.506387
3550	0.215584
3600	0.194292
3650	0.159919
3700	0.327287
3750	0.323837
3800	0.139327
3850	0.032251
3900	0.187678
3950	0.054213
4000	0.342043
4050	0.079855
4100	0.063249
4150	0.200430
4200	0.128832
4250	0.220638
4300	0.137450
4350	0.052378
4400	0.324835
4450	0.430921
4500	0.371871
4550	0.247853
4600	0.226575
4650	0.279819
4700	0.249029
4750	0.216992
4800	0.031444
4850	0.197856
4900	0.062675
4950	0.147304
5000	0.154357
5050	0.310297
5100	0.337393
5150	0.290147
5200	0.285165
5250	0.163212
5300	0.280083
5350	0.234286
5400	0.344256
5450	0.252298
5500	0.368496
5550	0.345577
5600	0.089169
5650	0.330368
5700	0.402878
5750	0.409109
5800	-0.158881
5850	0.138578
5900	0.319112
5950	0.114669
6000	0.295394
6050	0.340624
6100	0.327743
6150	0.302252
6200	0.224937
6250	0.115347
6300	0.185245
6350	0.226035
6400	0.320909
6450	0.164253
6500	0.189084
6550	0.388358
6600	0.232160
6650	0.003291
6700	0.323102
6750	0.282530
6800	-0.030066
6850	0.101344
6900	0.289065
6950	-0.018198
7000	0.201221
7050	0.330019
7100	0.148321
7150	0.218183
7200	0.168657
7250	0.244078
7300	0.243086
7350	0.249640
7400	0.142566
7450	-0.016729
7500	0.380789
7550	0.207577
7600	0.115088
7650	0.207263
7700	0.166054
7750	0.104081
7800	0.084660
7850	0.478079
7900	0.211899
7950	0.378782
8000	0.243409
8050	0.196081
8100	0.067101
8150	0.225781
8200	0.060998
8250	0.270424
8300	0.029063
8350	0.076748
8400	0.431835
8450	0.115097
8500	0.138243
8550	0.112035
8600	0.099501
8650	0.187864
8700	0.227094
8750	0.187164
8800	-0.038227
8850	0.367304
8900	0.394438
8950	0.272424
9000	0.163973
9050	0.265270
9100	0.152774
9150	0.319612
9200	0.302729
9250	0.296276
9300	0.099495
9350	0.293627
9400	0.286311
9450	0.193618
9500	0.292092
9550	0.290120
9600	0.287474
9650	0.086455
9700	0.169657
9750	0.291541
9800	0.154527
9850	0.239530
9900	0.047046
9950	0.224058
10000	0.084275
10050	0.211727
10100	0.386976
10150	0.080455
10200	0.331385
10250	0.214465
10300	0.021359
10350	0.132566
10400	0.052180
10450	0.163676
10500	0.230111
10550	0.193754
10600	0.125204
10650	-0.017912
10700	0.262766
10750	0.241993
10800	0.229100
10850	0.004841
10900	0.152229
10950	0.161908
11000	0.127727
11050	0.096473
11100	0.086614
11150	0.189518
11200	0.321665
11250	0.321007
11300	-0.072297
11350	0.032205
11400	-0.017524
11450	-0.113455
11500	0.066067
11550	0.127585
11600	0.196033
11650	0.075217
11700	0.316419
11750	0.393746
11800	0.118863
11850	-0.043443
11900	-0.033915
11950	0.138740
12000	0.103123
12050	0.201728
12100	0.195995
12150	0.358850
12200	0.026579
12250	0.161752
12300	0.137065
12350	-0.014353
12400	0.054412
12450	0.279943
12500	0.147600
12550	0.222910
12600	0.115726
12650	0.265057
12700	-0.124836
12750	0.216177
12800	0.137838
12850	0.187827
12900	0.321992
12950	0.271572
13000	0.351721
13050	0.035987
13100	0.087741
13150	0.161974
13200	0.118781
13250	0.374876
13300	0.041261
13350	0.226832
13400	0.238853
13450	0.287584
13500	0.054112
13550	0.071374
13600	0.277487
13650	0.117747
13700	0.200514
13750	0.249781
13800	0.105229
13850	0.032753
13900	0.316613
13950	0.318529
14000	0.421776
14050	0.262190
14100	0.387237
14150	0.147751
14200	0.233973
14250	0.316644
14300	-0.030553
14350	0.188019
14400	0.050114
14450	0.281551
14500	0.248535
14550	0.340805
14600	0.192024
14650	0.044813
14700	0.100076
14750	0.161710
14800	0.044119
14850	0.353258
14900	0.136233
14950	0.220498
15000	0.190632
15050	0.064100
15100	0.036111
15150	0.038129
15200	0.189450
15250	0.263328
15300	0.352673
15350	0.379499
15400	0.276202
15450	0.315007
15500	0.278628
15550	-0.011854
15600	0.118859
15650	-0.116582
15700	0.238340
15750	0.184031
15800	0.286802
15850	0.031710
15900	-0.023912
15950	0.273603
16000	-0.067978
16050	-0.006992
16100	0.207182
16150	0.050178
16200	0.050495
16250	0.316871
16300	0.439686
16350	0.265204
16400	0.098337
16450	0.351877
16500	0.209157
16550	0.241673
16600	0.031524
16650	-0.080953
16700	0.393884
16750	0.266249
16800	0.104926
16850	0.059950
16900	0.419094
16950	0.304454
17000	0.285214
17050	0.296461
17100	0.274860
17150	0.281731
17200	0.465024
17250	0.232044
17300	0.252378
17350	0.179679
17400	0.324596
17450	0.243827
17500	0.234834
17550	0.270853
17600	0.204223
17650	0.261068
17700	0.211519
17750	-0.162175
17800	0.127182
17850	0.217951
17900	0.310717
17950	0.254857
18000	0.098378
18050	0.046539
18100	0.082927
18150	0.305811
18200	0.074046
18250	0.202263
18300	0.212819
18350	0.430054
18400	0.227076
18450	0.306768
18500	0.105865
18550	0.395676
18600	0.347084
18650	0.018432
18700	0.317655
18750	0.251004
18800	-0.035149
18850	0.219291
18900	0.036721
18950	0.146256
19000	0.279651
19050	0.165433
19100	0.043619
19150	0.485298
19200	0.199156
19250	0.287023
19300	0.094616
19350	0.056952
19400	0.029192
19450	0.057432
19500	0.277769
19550	-0.065847
19600	0.246933
19650	0.229513
19700	0.192134
19750	0.024281
19800	0.142822
19850	0.180301
19900	0.193272
19950	0.314363
20000	0.262561
20050	0.078199
20100	0.177834
20150	0.114426
20200	0.193865
20250	0.438578
20300	0.171040
20350	0.400095
20400	0.061568
20450	0.456501
20500	0.072623
20550	0.085743
20600	0.347314
20650	0.051649
20700	0.170604
20750	0.326991
20800	0.162291
20850	0.078362
20900	0.218875
20950	0.018294
21000	0.150337
21050	0.093707
21100	0.259120
21150	0.127664
21200	0.283564
21250	-0.066627
21300	0.050487
21350	0.173949
21400	0.202909
21450	0.249974
21500	0.336922
21550	0.168130
21600	0.199803
21650	0.222754
21700	0.216771
21750	0.308841
21800	0.320014
21850	0.104636
21900	0.225654
21950	0.362006
22000	0.321472
22050	0.066676
22100	0.005286
22150	0.219403
22200	0.079797
22250	-0.016791
22300	-0.066965
22350	0.163253
22400	0.133952
22450	0.003356
22500	0.165429
22550	0.224534
22600	0.094684
22650	0.225979
22700	0.336288
22750	0.149940
22800	0.149138
22850	0.219640
22900	0.136780
22950	0.141049
23000	0.291362
23050	-0.013235
23100	0.222822
23150	0.127724
23200	0.451297
23250	0.339614
23300	0.377078
23350	0.254586
23400	0.270463
23450	0.251527
23500	0.324850
23550	0.225336
23600	0.089014
23650	-0.096355
23700	0.070798
23750	0.095205
23800	0.119261
23850	0.430931
23900	0.086763
23950	0.245185
24000	0.241779
24050	0.272492
24100	0.466624
24150	0.021103
24200	0.112847
24250	0.319788
24300	0.109911
24350	0.249209
24400	0.354873
24450	0.043553
24500	0.047141
24550	0.229538
24600	-0.078113
24650	0.008619
24700	0.250586
24750	0.352910
24800	0.214892
24850	0.066623
24900	-0.011464
24950	0.191090
25000	-0.025133
25050	0.107233
25100	0.118465
25150	0.240461
25200	0.244939
25250	0.166074
25300	0.368185
25350	0.368498
25400	0.238987
25450	0.209068
25500	0.150422
25550	0.195559
25600	0.239953
25650	0.200542
25700	0.286175
25750	0.126988
25800	0.029776
25850	0.152892
25900	0.236604
25950	0.187146
26000	0.234669
26050	0.129036
26100	0.053069
26150	0.333333
26200	0.307366
26250	0.044510
26300	0.372091
26350	0.172177
26400	0.064233
26450	0.338582
26500	0.490162
26550	0.081985
26600	0.288347
26650	0.331556
26700	0.245102
26750	0.293487
26800	0.110726
26850	0.216729
26900	0.228324
26950	0.055622
27000	0.172230
27050	0.180179
27100	0.151044
27150	-0.011635
27200	-0.028391
27250	0.117163
27300	0.128829
27350	0.097494
27400	0.351371
27450	0.279448
27500	-0.136832
27550	0.078900
27600	0.204952
27650	0.218782
27700	0.102313
27750	0.050989
27800	0.286972
27850	0.175923
27900	0.403516
27950	0.226316
28000	0.264674
28050	0.008668
28100	0.305132
28150	0.327611
28200	0.148957
28250	0.232822
28300	0.564126
28350	0.209685
28400	0.242524
28450	0.225797
28500	0.143803
28550	0.034087
28600	0.223397
28650	0.282693
28700	0.177385
28750	0.083845
28800	0.230395
28850	0.139145
28900	-0.031566
28950	0.231179
29000	0.262743
29050	-0.247271
29100	0.124404
29150	0.151293
29200	0.281981
29250	0.000465
29300	0.396680
29350	0.195291
29400	0.182292
29450	0.192439
29500	0.375156
29550	0.200766
29600	0.063570
29650	-0.047892
29700	0.397326
29750	0.040769
29800	0.377675
29850	0.242428
29900	0.087439
29950	0.092970
30000	0.204003
30050	0.310710
30100	0.219567
30150	0.151093
30200	0.247655
30250	0.361411
30300	0.134764
30350	0.159684
30400	0.432467
30450	0.310423
30500	0.380950
30550	0.091138
30600	0.067522
30650	-0.095511
30700	0.259233
30750	-0.121777
30800	0.189007
30850	0.282967
30900	0.359499
30950	0.253221
31000	-0.134439
31050	-0.203054
31100	-0.059345
31150	0.045662
31200	0.115314
31250	0.330272
31300	0.070786
31350	0.074914
31400	0.005971
31450	0.201705
31500	0.208495
31550	0.330859
31600	0.145818
31650	0.107928
31700	0.312715
31750	0.240962
31800	0.235575
31850	0.437518
31900	0.396224
31950	0.198441
32000	0.133354
32050	0.049771
32100	0.316154
32150	0.401979
32200	0.074714
32250	0.258020
32300	0.050167
32350	0.112606
32400	0.091169
32450	0.304186
32500	0.224159
32550	-0.022026
32600	0.231063
32650	0.203871
32700	0.139167
32750	0.151413
32800	0.445865
32850	0.137909
32900	0.015269
32950	0.047378
33000	0.077584
33050	0.116886
33100	0.188979
33150	0.054650
33200	0.256403
33250	0.140030
33300	0.181358
33350	0.183462
33400	0.169082
33450	0.425438
33500	0.493924
33550	0.498643
33600	0.485948
33650	0.345420
33700	0.002352
33750	-0.032691
33800	0.450282
33850	0.077236
33900	0.136646
33950	0.246889
34000	0.185423
34050	0.213061
34100	-0.111327
34150	0.182724
34200	0.184839
34250	0.382472
34300	0.158844
34350	0.402553
34400	0.223087
34450	0.249724
34500	-0.051809
34550	0.330555
34600	0.296298
34650	0.375075
34700	0.217951
34750	0.116364
34800	0.058118
34850	0.251517
34900	0.196813
34950	0.187481
35000	0.135538
35050	0.172643
35100	0.089594
35150	0.079597
35200	0.003638
35250	0.222781
35300	0.373179
35350	0.089703
35400	0.406833
35450	0.341751
35500	0.226806
35550	0.291540
35600	0.426365
35650	0.222059
35700	0.198219
35750	0.169166
35800	-0.051435
35850	0.296950
35900	-0.004507
35950	0.075153
36000	0.144340
36050	0.122846
36100	0.231350
36150	0.082962
36200	0.245782
36250	0.022743
36300	0.277739
36350	0.222021
36400	0.128182
36450	0.190659
36500	0.257081
36550	0.282838
36600	0.195093
36650	0.086408
36700	0.090247
36750	0.137525
36800	0.014623
36850	0.240913
36900	0.112712
36950	0.076774
37000	0.031771
37050	0.110923
37100	0.232410
37150	0.174242
37200	0.278237
37250	0.154411
37300	0.508533
37350	0.119959
37400	0.394527
37450	0.074511
37500	0.063015
37550	0.074736
37600	0.114861
37650	0.241958
37700	0.460908
37750	0.307396
37800	0.082311
37850	0.152096
37900	0.302476
37950	0.103474
38000	0.107201
38050	0.357434
38100	0.202105
38150	0.017806
38200	-0.039358
38250	0.175584
38300	0.228268
38350	0.131629
38400	-0.085981
38450	0.422658
38500	0.448803
38550	-0.032674
38600	0.142849
38650	-0.103515
38700	-0.034540
38750	0.170548
38800	0.217505
38850	0.235303
38900	0.409313
38950	0.269672
39000	0.106373
39050	0.432395
39100	0.128593
39150	0.140277
39200	0.382633
39250	0.223806
39300	0.396757
39350	0.215530
39400	0.203441
39450	0.026087
39500	0.034345
39550	0.258826
39600	0.105456
39650	0.137077
39700	0.186135
39750	-0.052237
39800	0.045567
39850	0.463715
39900	0.259315
39950	0.348959
40000	0.257383
40050	0.171043
40100	0.137590
40150	0.126515
40200	0.154877
40250	0.211042
40300	0.028286
40350	0.241731
40400	0.262920
40450	0.254992
40500	0.196024
40550	0.226830
40600	-0.007393
40650	0.393162
40700	0.176428
40750	0.389610
40800	0.221529
40850	0.251564
40900	0.386599
40950	0.134272
41000	0.118649
41050	0.182979
41100	0.030165
41150	0.299269
41200	0.295028
41250	0.232321
41300	0.161263
41350	0.125959
41400	0.063339
41450	0.279653
41500	-0.049872
41550	0.180901
41600	0.282552
41650	0.241741
41700	0.114825
41750	0.282742
41800	0.172746
41850	0.204932
41900	0.188288
41950	0.332313
42000	0.307311
42050	0.196020
42100	0.316375
42150	0.161147
42200	0.034437
42250	0.291310
42300	0.370175
42350	-0.133420
42400	0.316414
42450	0.404584
42500	0.054948
42550	-0.000678
42600	0.210763
42650	0.159335
42700	0.220361
42750	0.117761
42800	0.140949
42850	0.250548
42900	0.012316
42950	0.170924
43000	0.205399
43050	0.221212
43100	0.125650
43150	0.280529
43200	0.309067
43250	0.112275
43300	0.120773
43350	0.456661
43400	0.440760
43450	0.365346
43500	0.260229
43550	0.388656
43600	0.042973
43650	0.244039
43700	0.152665
43750	0.229236
43800	0.507294
43850	0.051711
43900	0.164798
43950	0.061104
44000	0.181712
44050	0.137358
44100	0.273814
44150	0.200650
44200	-0.006646
44250	0.062361
44300	0.251297
44350	0.361347
44400	0.397918
44450	0.282292
44500	0.283093
44550	0.093734
44600	0.268257
44650	0.189030
44700	0.192536
44750	0.142177
44800	0.232315
44850	0.113236
44900	0.352165
44950	0.371928
45000	0.142795
45050	0.312963
45100	0.184896
45150	0.591993
45200	0.245445
45250	-0.058018
45300	0.027643
45350	0.371770
45400	0.242460
45450	0.080491
45500	0.241099
45550	0.223515
45600	0.280171
45650	0.096683
45700	-0.108399
45750	-0.011076
45800	0.305970
45850	-0.003242
45900	-0.020974
45950	0.161325
46000	0.289661
46050	0.340115
46100	0.348816
46150	0.360746
46200	0.240259
46250	-0.055277
46300	0.221823
46350	-0.014479
46400	0.551953
46450	0.171721
46500	0.299242
46550	-0.072799
46600	0.256890
46650	0.220244
46700	-0.071943
46750	0.072492
46800	0.068525
46850	0.272329
46900	0.327239
46950	0.228061
47000	0.340602
47050	-0.013980
47100	0.017748
47150	-0.085760
47200	0.179111
47250	-0.016619
47300	0.212628
47350	0.027210
47400	0.121819
47450	0.237085
47500	0.012491
47550	0.183234
47600	0.015286
47650	0.077219
47700	0.261542
47750	0.037894
47800	0.238386
47850	0.473865
47900	0.187885
47950	0.150288
48000	0.156044
48050	0.159340
48100	0.193198
48150	-0.049166
48200	0.004418
48250	0.008277
48300	0.105003
48350	0.196288
48400	-0.057792
48450	0.230131
48500	0.443381
48550	0.132539
48600	0.300824
48650	0.195769
48700	0.105780
48750	0.164845
48800	0.093185
48850	0.376589
48900	0.038089
48950	-0.032477
49000	0.235528
49050	0.120695
49100	0.274440
49150	0.046253
49200	0.171503
49250	0.290663
49300	0.390061
49350	0.218508
49400	0.326626
49450	0.128539
49500	0.213148
49550	-0.008399
49600	0.174770
49650	0.162626
49700	0.193358
49750	0.257627
49800	0.256869
49850	0.172518
49900	0.174495
49950	0.350703
50000	0.387881
50050	-0.123885
50100	0.218849
50150	0.055099
50200	0.202321
50250	0.016312
50300	-0.018537
50350	-0.082066
50400	0.050348
50450	0.141866
50500	0.160946
50550	0.003853
50600	0.359246
50650	0.143263
50700	0.138904
50750	0.198892
50800	0.081040
50850	0.107314
50900	0.172431
50950	0.362002
51000	0.315528
51050	-0.019606
51100	0.339092
51150	0.105198
51200	0.154707
51250	0.169792
51300	0.041779
51350	0.331242
51400	0.220376
51450	0.130804
51500	0.031499
51550	0.272982
51600	0.129849
51650	0.311056
51700	0.262856
51750	0.164595
51800	0.202711
51850	0.473677
51900	-0.066740
51950	0.218199
52000	0.146671
52050	0.249192
52100	0.197893
52150	0.402054
52200	0.122974
52250	0.355544
52300	0.283772
52350	0.288961
52400	0.225442
52450	0.199794
52500	0.241385
52550	0.095872
52600	0.017904
52650	-0.062699
52700	0.314475
52750	0.283541
52800	0.165349
52850	0.136553
52900	-0.028721
52950	0.262427
53000	0.219488
53050	0.461874
53100	0.141760
53150	0.189188
53200	0.059967
53250	0.172810
53300	0.206328
53350	0.028508
53400	-0.020388
53450	0.124389
53500	-0.291151
53550	0.170478
53600	0.124462
53650	0.155190
53700	0.173946
53750	0.137012
53800	0.171319
53850	-0.060172
53900	0.285071
53950	0.259202
54000	0.257645
54050	0.230513
54100	0.186831
54150	0.189566
54200	0.319820
54250	-0.020691
54300	0.045228
54350	0.167355
54400	0.155403
54450	0.136645
54500	-0.030589
54550	0.409798
54600	0.285609
54650	0.016897
54700	-0.061096
54750	0.028392
54800	0.103441
54850	0.039856
54900	0.294753
54950	0.189845
55000	0.102986
55050	0.210538
55100	0.366392
55150	0.148958
55200	0.379200
55250	0.184623
55300	0.243163
55350	0.262922
55400	0.032187
55450	0.336495
55500	0.281224
55550	0.378674
55600	0.142203
55650	0.224101
55700	0.218910
55750	-0.004711
55800	0.253061
55850	0.212000
55900	0.041132
55950	0.119975
56000	0.189070
56050	0.066608
56100	0.152581
56150	0.232396
56200	-0.071836
56250	-0.082532
56300	0.038875
56350	0.314792
56400	0.113004
56450	0.278337
56500	0.018728
56550	0.045749
56600	0.219965
56650	0.118210
56700	0.159131
56750	0.191016
56800	0.409363
56850	0.261389
56900	0.300488
56950	0.126648
57000	0.124755
57050	0.156997
57100	0.356158
57150	0.293435
57200	0.140411
57250	-0.038372
57300	0.020170
57350	0.344225
57400	0.227618
57450	0.140360
57500	0.296852
57550	0.172156
57600	0.088744
57650	0.399446
57700	0.236245
57750	0.234239
57800	0.289300
57850	0.163255
57900	0.092261
57950	0.313651
58000	0.250369
58050	0.394423
58100	0.142170
58150	0.303061
58200	0.005435
58250	-0.027355
58300	0.139618
58350	0.065883
58400	0.234710
58450	0.127380
58500	0.224479
58550	0.296053
58600	0.264006
58650	0.206770
58700	-0.092388
58750	0.302741
58800	0.114837
58850	0.158700
58900	0.216935
58950	0.063314
59000	0.369280
59050	0.082077
59100	0.101827
59150	0.294475
59200	0.409694
59250	-0.122658
59300	0.119694
59350	0.218846
59400	-0.008170
59450	0.228646
59500	0.242935
59550	0.203605
59600	0.432110
59650	0.305552
59700	0.459017
59750	0.058280
59800	0.267416
59850	0.059741
59900	0.215441
59950	0.037171
60000	0.266432
60050	0.186165
60100	0.309986
60150	0.332095
60200	0.201897
60250	0.055978
60300	0.283803
60350	0.221801
60400	0.197988
60450	0.139563
60500	-0.015444
60550	-0.124174
60600	0.088712
60650	0.297300
60700	0.045514
60750	0.087170
60800	0.272085
60850	0.258303
60900	-0.013612
60950	0.161636
61000	0.227831
61050	0.202498
61100	0.231760
61150	0.302303
61200	0.162575
61250	0.063979
61300	-0.032350
61350	0.157641
61400	0.411505
61450	0.300609
61500	0.394752
61550	0.273642
61600	0.412720
61650	0.109062
61700	0.284683
61750	0.328695
61800	0.166176
61850	0.274512
61900	0.341668
61950	0.225396
62000	0.103506
62050	0.051803
62100	0.293046
62150	0.185040
62200	-0.002748
62250	0.238486
62300	-0.026877
62350	0.103262
62400	-0.101975
62450	0.113102
62500	-0.038188
62550	0.087331
62600	0.006056
62650	0.142074
62700	0.060480
62750	0.281726
62800	0.321753
62850	0.158956
62900	0.277973
62950	0.268695
63000	0.113495
63050	0.255146
63100	0.339731
63150	0.330237
63200	0.239472
63250	0.202361
63300	0.009551
63350	0.001264
63400	0.196398
63450	0.345202
63500	0.276487
63550	0.092170
63600	0.101054
63650	0.289603
63700	0.159484
63750	0.123242
63800	0.356608
63850	0.170724
63900	0.303724
63950	0.205561
64000	0.098779
64050	-0.003810
64100	0.038670
64150	0.066858
64200	0.025109
64250	0.459476
64300	0.231531
64350	0.143710
64400	0.027957
64450	0.262171
64500	0.075609
64550	0.197485
64600	-0.082495
64650	0.100979
64700	0.101889
64750	0.157695
64800	0.373031
64850	0.272611
64900	0.131571
64950	0.055545
65000	-0.065129
65050	0.068868
65100	0.179798
65150	-0.015652
65200	0.158242
65250	0.206457
65300	0.376134
65350	0.120933
65400	0.148730
65450	0.091140
65500	0.296395
65550	0.014505
65600	-0.005381
65650	0.074823
65700	0.284690
65750	0.284686
65800	0.273682
65850	0.119732
65900	0.070427
65950	0.027028
66000	0.136824
66050	0.044387
66100	0.317406
66150	0.184028
66200	0.034695
66250	0.322376
66300	0.072700
66350	-0.050615
66400	0.081955
66450	-0.057148
66500	0.121110
66550	-0.001373
66600	0.292217
66650	0.186451
66700	0.418912
66750	0.146345
66800	0.158201
66850	0.404179
66900	0.198985
66950	0.062359
67000	0.140961
67050	0.263503
67100	0.062204
67150	0.053349
67200	0.225361
67250	0.328739
67300	0.119542
67350	0.254970
67400	0.148447
67450	0.202736
67500	0.254257
67550	0.393137
67600	0.181203
67650	-0.031099
67700	0.160845
67750	0.252020
67800	0.498301
67850	0.167874
67900	0.254896
67950	-0.029661
68000	0.032981
68050	0.234861
68100	0.099662
68150	0.160649
68200	0.132839
68250	0.229165
68300	0.035209
68350	0.158261
68400	0.049314
68450	0.071857
68500	-0.105643
68550	0.160091
68600	0.038664
68650	0.163367
68700	0.218064
68750	0.042499
68800	0.275705
68850	-0.051435
68900	0.174618
68950	0.090651
69000	0.373845
69050	0.177769
69100	0.160562
69150	0.185790
69200	0.311015
69250	0.113957
69300	0.275866
69350	0.272335
69400	0.092737
69450	0.371801
69500	0.145463
69550	0.157242
69600	0.333115
69650	0.016690
69700	0.297861
69750	0.342640
69800	0.182188
69850	0.236542
69900	0.165527
69950	0.188440
70000	0.175422
70050	0.327531
70100	0.151799
70150	0.127731
70200	0.024900
70250	0.324433
70300	0.193467
70350	0.405340
70400	0.044017
70450	0.194328
70500	0.187969
70550	0.133472
70600	0.360122
70650	-0.038985
70700	0.006632
70750	0.245249
70800	0.238334
70850	0.076885
70900	0.353464
70950	-0.011823
71000	0.265949
71050	0.167699
71100	0.217287
71150	0.131480
71200	0.301327
71250	0.441021
71300	0.319335
71350	0.109817
71400	0.350447
71450	0.204321
71500	0.228590
71550	0.272306
71600	0.439906
71650	0.202211
71700	0.318008
71750	0.340320
71800	0.004847
71850	0.035180
71900	0.179997
71950	-0.042431
72000	0.032740
72050	0.131450
72100	0.296317
72150	0.165897
72200	-0.064167
72250	0.155982
72300	0.042356
72350	0.162690
72400	-0.016407
72450	0.278178
72500	0.254276
72550	0.318490
72600	0.272543
72650	-0.028155
72700	0.367335
72750	0.310429
72800	0.113167
72850	0.288077
72900	0.285638
72950	0.332862
73000	0.055065
73050	0.349421
73100	0.268292
73150	0.093914
73200	0.246788
73250	0.169376
73300	0.264951
73350	0.058708
73400	0.431132
73450	0.048952
73500	0.040721
73550	0.050577
73600	0.051561
73650	0.281916
73700	0.329280
73750	0.195454
73800	0.353162
73850	0.066553
73900	0.274990
73950	0.252931
74000	0.049976
74050	0.033302
74100	0.348478
74150	0.249222
74200	0.309881
74250	0.023682
74300	0.174759
74350	0.228982
74400	0.128307
74450	0.089771
74500	0.380963
74550	0.307980
74600	0.153924
74650	0.159866
74700	0.247256
74750	0.435463
74800	0.003228
74850	0.212739
74900	0.139429
74950	0.194705
75000	0.086084
75050	0.111999
75100	0.330540
75150	0.207941
75200	0.269019
75250	0.251047
75300	-0.030583
75350	0.134334
75400	0.249787
75450	0.153604
75500	0.227254
75550	-0.010740
75600	0.119823
75650	0.141114
75700	0.323942
75750	0.514489
75800	0.051227
75850	0.197434
75900	0.285134
75950	0.298120
76000	-0.009301
76050	0.142329
76100	0.186012
76150	0.085761
76200	0.190274
76250	0.393503
76300	0.440046
76350	0.469243
76400	0.253916
76450	0.193694
76500	-0.043308
76550	0.135380
76600	0.103884
76650	0.062669
76700	0.508021
76750	-0.103866
76800	0.212862
76850	0.217612
76900	0.153425
76950	0.379506
77000	0.143163
77050	-0.008619
77100	0.232545
77150	0.104329
77200	0.383884
77250	0.296826
77300	0.492549
77350	0.158833
77400	0.196166
77450	0.059552
77500	0.093767
77550	0.096713
77600	0.168555
77650	0.039431
77700	0.071671
77750	0.180780
77800	0.257661
77850	-0.091133
77900	0.000201
77950	0.216920
78000	0.013044
78050	-0.014186
78100	0.340156
78150	0.249174
78200	0.161976
78250	0.186577
78300	0.165344
78350	0.307272
78400	0.168414
78450	0.444446
78500	0.225108
78550	0.136158
78600	0.101040
78650	0.007956
78700	0.088168
78750	0.344366
78800	0.011525
78850	0.310332
78900	0.016991
78950	0.079809
79000	0.125222
79050	-0.052501
79100	0.269376
79150	0.041642
79200	0.323895
79250	0.185069
79300	-0.098185
79350	0.280552
79400	0.239282
79450	0.114575
79500	0.030670
79550	-0.136698
79600	0.135592
79650	0.174493
79700	0.289597
79750	0.176469
79800	0.268415
79850	0.117453
79900	0.056889
79950	0.370808
80000	0.098492
80050	0.258396
80100	0.315569
80150	0.124886
80200	0.192713
80250	0.089642
80300	0.109203
80350	0.236619
80400	0.306642
80450	0.202108
80500	0.095987
80550	0.317593
80600	0.019854
80650	0.171621
80700	0.221220
80750	0.117554
80800	0.311550
80850	0.339551
80900	0.361025
80950	0.278985
81000	0.417308
81050	0.141172
81100	0.150191
81150	0.234659
81200	-0.112343
81250	0.110298
81300	0.207843
81350	-0.152959
81400	-0.063780
81450	0.231864
81500	0.283530
81550	0.299176
81600	0.439015
81650	0.153728
81700	0.294791
81750	0.489550
81800	0.286446
81850	0.041789
81900	0.257948
81950	0.288652
82000	0.257139
82050	0.462788
82100	0.374081
82150	0.346603
82200	0.096884
82250	0.409827
82300	0.255965
82350	0.423886
82400	0.239029
82450	0.279694
82500	0.299565
82550	0.269506
82600	0.161398
82650	0.175577
82700	0.146410
82750	-0.074894
82800	0.161052
82850	0.406551
82900	0.180703
82950	0.127094
83000	0.041057
83050	0.260015
83100	0.226325
83150	0.265903
83200	0.106875
83250	0.419031
83300	0.150102
83350	-0.126760
83400	0.455286
83450	0.244305
83500	0.316715
83550	0.102526
83600	0.237607
83650	0.290250
83700	0.129900
83750	0.215992
83800	0.293976
83850	0.119619
83900	0.051083
83950	0.170276
84000	0.264372
84050	0.150321
84100	0.243511
84150	0.170412
84200	0.139745
84250	0.313100
84300	0.069070
84350	0.029887
84400	0.126725
84450	0.251119
84500	0.057405
84550	-0.045290
84600	0.240387
84650	0.194302
84700	0.128823
84750	0.193748
84800	0.451260
84850	0.348047
84900	0.129360
84950	0.105862
85000	0.152279
85050	0.286314
85100	0.101617
85150	-0.016128
85200	0.107464
85250	0.142263
85300	0.049805
85350	0.158500
85400	-0.100635
85450	0.200755
85500	0.186331
85550	0.110125
85600	0.144471
85650	0.113958
85700	0.043158
85750	0.409927
85800	0.412834
85850	0.243859
85900	0.104455
85950	0.273799
86000	0.166407
86050	0.283472
86100	0.278505
86150	0.188845
86200	0.164751
86250	0.206363
86300	0.309295
86350	0.210440
86400	0.430774
86450	0.218723
86500	-0.016718
86550	0.300254
86600	0.215468
86650	0.058623
86700	0.274970
86750	0.238865
86800	0.129104
86850	0.148852
86900	-0.017155
86950	0.366340
87000	0.229480
87050	0.327764
87100	0.106390
87150	0.250302
87200	0.158719
87250	0.128984
87300	0.064534
87350	0.158680
87400	0.190904
87450	0.172372
87500	0.165241
87550	0.164530
87600	0.125924
87650	0.205958
87700	0.420900
87750	0.060888
87800	0.152770
87850	0.375049
87900	0.244306
87950	0.233530
88000	0.043580
88050	0.148586
88100	0.127996
88150	0.127008
88200	0.456089
88250	0.236413
88300	0.017640
88350	-0.049937
88400	0.083527
88450	0.242362
88500	0.322888
88550	0.062409
88600	0.176694
88650	0.249496
88700	0.064796
88750	0.054984
88800	0.345977
88850	0.389226
88900	0.034341
88950	0.153135
89000	0.265488
89050	0.420688
89100	0.184448
89150	0.277164
89200	0.192716
89250	0.346886
89300	0.175678
89350	0.032734
89400	0.463263
89450	0.147406
89500	0.266846
89550	0.192229
89600	0.393041
89650	0.118704
89700	0.119038
89750	0.088427
89800	0.429544
89850	0.155348
89900	0.027328
89950	0.341971
90000	0.177034
90050	0.231015
90100	0.012884
90150	0.472432
90200	0.090239
90250	0.171898
90300	0.008088
90350	0.273826
90400	0.280668
90450	0.073329
90500	0.336545
90550	0.339985
90600	0.352573
90650	0.184645
90700	0.076283
90750	0.146427
90800	-0.030659
90850	-0.068224
90900	0.042775
90950	0.260934
91000	0.143578
91050	0.343245
91100	0.163005
91150	0.154859
91200	0.193427
91250	0.108094
91300	0.284871
91350	0.135564
91400	0.175404
91450	0.157719
91500	0.045182
91550	0.083595
91600	0.167745
91650	0.329146
91700	0.063620
91750	0.317700
91800	0.114871
91850	-0.025833
91900	0.293963
91950	0.245029
92000	0.200285
92050	0.252579
92100	0.042479
92150	0.041768
92200	0.325623
92250	0.227598
92300	0.288488
92350	0.076457
92400	0.231190
92450	0.062368
92500	0.222233
92550	0.240365
92600	0.189308
92650	-0.070708
92700	0.258255
92750	0.224078
92800	-0.018604
92850	-0.080435
92900	0.071234
92950	0.054832
93000	0.394608
93050	0.169085
93100	0.172995
93150	-0.063774
93200	0.130909
93250	0.008454
93300	0.319443
93350	0.003943
93400	0.289670
93450	0.015303
93500	0.296954
93550	-0.038701
93600	0.438044
93650	0.245177
93700	0.104901
93750	0.043923
93800	-0.058390
93850	0.141502
93900	-0.051248
93950	0.131144
94000	0.090332
94050	0.314960
94100	0.002718
94150	0.202377
94200	0.253661
94250	0.013204
94300	0.052505
94350	0.148137
94400	0.399885
94450	0.143200
94500	0.152258
94550	0.376295
94600	0.366286
94650	0.138405
94700	0.245943
94750	0.075650
94800	-0.010304
94850	0.149094
94900	0.281371
94950	0.192039
95000	0.260318
95050	0.143224
95100	0.083331
95150	0.332059
95200	0.140664
95250	0.206790
95300	0.171246
95350	0.414224
95400	0.143921
95450	0.197390
95500	0.183153
95550	0.309903
95600	0.159445
95650	0.470905
95700	0.242919
95750	0.221098
95800	0.106030
95850	0.245702
95900	0.193066
95950	0.169005
96000	0.268714
96050	0.113625
96100	0.214828
96150	0.289469
96200	0.237035
96250	0.386423
96300	0.243332
96350	-0.019978
96400	0.063602
96450	0.028203
96500	0.009700
96550	0.162077
96600	0.079312
96650	0.104846
96700	0.243668
96750	0.254697
96800	0.207279
96850	0.132531
96900	0.095619
96950	-0.057259
97000	0.423397
97050	0.316055
97100	0.196089
97150	-0.000108
97200	0.130396
97250	0.353724
97300	0.063305
97350	0.239407
97400	0.063115
97450	0.024164
97500	0.055538
97550	-0.065238
97600	-0.010512
97650	0.001634
97700	0.015018
97750	0.193231
97800	0.248044
97850	0.207388
97900	0.081314
97950	0.118234
98000	0.113045
98050	0.304845
98100	-0.007334
98150	0.241794
98200	0.114883
98250	0.150736
98300	0.241532
98350	0.217841
98400	0.182995
98450	0.220194
98500	-0.025982
98550	0.127942
98600	0.008928
98650	0.109544
98700	-0.103818
98750	0.063681
98800	0.099025
98850	0.137458
98900	0.051350
98950	0.179022
99000	0.120044
99050	0.063834
99100	0.213644
99150	0.223410
99200	0.055947
99250	0.163518
99300	0.349185
99350	0.277279
99400	0.234189
99450	0.149438
99500	0.147405
99550	0.040172
99600	0.100985
99650	0.371470
99700	0.060821
99750	0.184468
99800	-0.006264
99850	0.273694
99900	0.164106
99950	0.158644
100000	0.095987
100050	-0.058499
100100	0.037077
100150	0.028871
100200	0.127588
100250	0.309587
100300	0.323911
100350	0.201987
100400	0.551284
100450	-0.047854
100500	0.078924
100550	0.121213
100600	0.135348
100650	0.127542
100700	0.198596
100750	0.018094
100800	0.087262
100850	0.080903
100900	0.056590
100950	0.082075
101000	0.215964
101050	0.347737
101100	0.113602
101150	0.336393
101200	0.358489
101250	0.094108
101300	0.234644
101350	0.029810
101400	0.059975
101450	-0.017116
101500	0.227774
101550	0.209858
101600	0.237272
101650	0.415437
101700	0.301448
101750	0.276370
101800	0.306354
101850	0.167473
101900	0.278878
101950	0.166460
102000	0.014347
102050	0.197662
102100	0.132374
102150	0.300870
102200	0.109517
102250	0.288141
102300	0.348932
102350	-0.005993
102400	0.250820
102450	0.259358
102500	0.197794
102550	0.174133
102600	0.081551
102650	0.141848
102700	0.041634
102750	0.162187
102800	0.193642
102850	0.199640
102900	-0.006757
102950	0.155989
103000	0.021919
103050	0.352607
103100	0.277650
103150	0.213126
103200	0.132521
103250	0.255245
103300	0.353403
103350	0.122234
103400	0.239044
103450	0.242064
103500	0.407022
103550	0.393229
103600	-0.059428
103650	0.029681
103700	0.029476
103750	0.339545
103800	0.328601
103850	0.130730
103900	0.152425
103950	0.089541
104000	0.241705
104050	0.298854
104100	0.201334
104150	0.134873
104200	0.156479
104250	0.088608
104300	-0.101939
104350	-0.006780
104400	0.151322
104450	0.129749
104500	0.104589
104550	0.426445
104600	0.245399
104650	0.147819
104700	0.117691
104750	0.011877
104800	0.172070
104850	-0.076221
104900	0.359250
104950	-0.012017
105000	0.187581
105050	0.259741
105100	0.304536
105150	0.182183
105200	0.545549
105250	0.389034
105300	0.153660
105350	0.182438
105400	0.165390
105450	-0.040420
105500	0.233518
105550	0.292399
105600	0.302362
105650	0.309059
105700	0.236536
105750	-0.000429
105800	0.136446
105850	0.100203
105900	0.073331
105950	0.148707
106000	0.085662
106050	-0.098973
106100	0.171718
106150	0.363652
106200	0.226433
106250	0.130541
106300	0.176063
106350	0.048010
106400	0.239595
106450	0.187169
106500	0.040023
106550	0.101666
106600	0.327617
106650	0.258627
106700	0.247374
106750	0.227522
106800	0.168052
106850	0.235568
106900	0.168459
106950	0.200360
107000	0.161892
107050	0.241803
107100	0.139842
107150	0.167203
107200	0.282542
107250	0.231560
107300	0.382875
107350	0.142748
107400	-0.039906
107450	0.310656
107500	0.342609
107550	-0.029763
107600	0.097989
107650	-0.001579
107700	0.012681
107750	0.237188
107800	-0.155790
107850	0.158292
107900	0.151905
107950	0.212487
108000	0.357649
108050	0.147795
108100	0.168182
108150	0.155067
108200	0.231467
108250	0.193247
108300	0.106042
108350	0.415764
108400	0.056230
108450	0.127168
108500	0.058057
108550	0.127150
108600	-0.029436
108650	0.269125
108700	0.064541
108750	-0.092251
108800	0.216163
108850	0.046501
108900	0.011628
108950	0.027725
109000	0.260130
109050	0.292607
109100	0.214307
109150	0.194670
109200	0.182219
109250	0.086457
109300	0.149259
109350	0.249701
109400	0.179607
109450	0.043600
109500	0.396194
109550	0.255372
109600	0.114313
109650	0.378658
109700	0.019214
109750	-0.069666
109800	0.259319
109850	0.122519
109900	0.218535
109950	-0.017803
110000	0.069229
110050	0.271734
110100	0.325576
110150	0.212667
110200	0.012563
110250	0.263303
110300	0.378290
110350	-0.033344
110400	0.339383
110450	-0.014875
110500	-0.064438
110550	0.021585
110600	0.131451
110650	0.168475
110700	0.003227
110750	0.415474
110800	0.144787
110850	0.227584
110900	0.272829
110950	0.172346
111000	0.089437
111050	0.171722
111100	0.081979
111150	0.421493
111200	0.145404
111250	0.133773
111300	0.114726
111350	0.118530
111400	0.125733
111450	0.361559
111500	0.089651
111550	0.075394
111600	0.142540
111650	0.255658
111700	0.205771
111750	0.458064
111800	0.263098
111850	0.209063
111900	0.136186
111950	0.130838
112000	0.072658
112050	0.153059
112100	0.144437
112150	0.122576
112200	0.213014
112250	0.119803
112300	-0.023592
112350	-0.031431
112400	0.247677
112450	0.216218
112500	0.258615
112550	0.210714
112600	0.070040
112650	0.382881
112700	0.155900
112750	0.041721
112800	0.009052
112850	-0.111170
112900	0.194686
112950	0.452885
113000	0.218562
113050	0.127997
113100	-0.013709
113150	0.275287
113200	0.183498
113250	0.212243
113300	0.109899
113350	-0.015645
113400	0.107370
113450	-0.031090
113500	0.245321
113550	0.254680
113600	0.143476
113650	0.067082
113700	0.240676
113750	0.171001
113800	0.161584
113850	0.139971
113900	0.228640
113950	-0.116386
114000	0.353382
114050	0.375539
114100	0.396858
114150	0.292213
114200	-0.030192
114250	0.019690
114300	-0.165640
114350	0.119992
114400	0.077087
114450	0.058405
114500	-0.058895
114550	0.167521
114600	0.096071
114650	0.116733
114700	0.107875
114750	0.093398
114800	0.346075
114850	0.059112
114900	0.297508
114950	0.484155
115000	0.218400
115050	0.249010
115100	0.304361
115150	0.083420
115200	-0.019996
115250	0.241220
115300	0.118803
115350	0.341919
115400	-0.040126
115450	0.018177
115500	0.241947
115550	0.050917
115600	0.019784
115650	0.203760
115700	0.169678
115750	0.173820
115800	-0.108121
115850	0.404211
115900	0.054281
115950	0.237464
116000	0.282244
116050	0.019994
116100	0.265010
116150	0.001936
116200	-0.022873
116250	0.426472
116300	0.100697
116350	0.279865
116400	0.268769
116450	0.333787
116500	0.207886
116550	0.250114
116600	0.184089
116650	0.321643
116700	0.388320
116750	0.151516
116800	0.106703
116850	0.142711
116900	0.207568
116950	0.146532
117000	0.335807
117050	0.236287
117100	0.192312
117150	0.182290
117200	0.232423
117250	0.393165
117300	0.193268
117350	0.020091
117400	0.135569
117450	0.298522
117500	0.407674
117550	0.366348
117600	-0.088949
117650	0.156113
117700	0.080664
117750	0.088988
117800	0.231734
117850	0.250207
117900	0.362904
117950	0.066079
118000	0.426790
118050	0.033731
118100	0.161503
118150	0.281734
118200	0.094155
118250	0.063155
118300	0.101040
118350	0.172011
118400	-0.077680
118450	0.008439
118500	-0.007719
118550	-0.026795
118600	0.119557
118650	0.341072
118700	0.123728
118750	0.132598
118800	0.105487
118850	0.340024
118900	0.213511
118950	0.239383
119000	0.260591
119050	-0.122977
119100	0.092327
119150	0.195344
119200	0.206313
119250	0.290160
119300	0.173192
119350	0.045505
119400	0.326849
119450	0.249994
119500	0.141177
119550	0.278101
119600	0.291398
119650	0.043139
119700	0.107427
119750	0.183383
119800	0.247268
119850	0.247740
119900	0.198341
119950	0.160996
120000	0.230647
120050	0.193721
120100	0.141247
120150	0.142085
120200	0.352870
120250	0.377668
120300	0.211310
120350	0.180084
120400	0.120743
120450	0.089895
120500	0.201284
120550	0.144166
120600	0.125647
120650	-0.177458
120700	0.045643
120750	0.366263
120800	0.329814
120850	0.334459
120900	0.222423
120950	0.273246
121000	0.038661
121050	0.233274
121100	0.175693
121150	0.085751
121200	-0.247654
121250	0.059228
121300	-0.055495
121350	0.049909
121400	0.146427
121450	0.068388
121500	-0.122531
121550	0.141115
121600	-0.001376
121650	0.286157
121700	0.088509
121750	0.059082
121800	0.137645
121850	0.204373
121900	0.050866
121950	0.097456
122000	-0.109003
122050	0.289933
122100	0.033086
122150	0.171921
122200	0.109847
122250	0.354892
122300	0.366180
122350	0.204061
122400	0.313785
122450	0.339533
122500	0.279888
122550	-0.072561
122600	0.103586
122650	0.238009
122700	0.197229
122750	0.274756
122800	0.279787
122850	0.322565
122900	0.103526
122950	0.015349
123000	0.258494
123050	0.086125
123100	0.235794
123150	0.248901
123200	0.148600
123250	0.180299
123300	0.267235
123350	0.222493
123400	0.129582
123450	0.098960
123500	0.102193
123550	0.232294
123600	-0.130948
123650	0.027382
123700	0.120967
123750	0.145863
123800	-0.110708
123850	0.266871
123900	0.254088
123950	0.165609
124000	0.210772
124050	0.322354
124100	0.195465
124150	0.232708
124200	-0.024274
124250	0.178939
124300	0.074782
124350	0.029891
124400	0.038724
124450	0.219018
124500	0.152185
124550	0.201039
124600	0.280954
124650	0.191938
124700	0.203653
124750	-0.061444
124800	0.219774
124850	0.052022
124900	-0.110932
124950	0.029658
125000	0.151484
125050	0.126554
125100	-0.000893
125150	-0.137900
125200	-0.056546
125250	0.248788
125300	0.236842
125350	0.018390
125400	0.191006
125450	0.092543
125500	0.243676
125550	0.114200
125600	0.078880
125650	0.274100
125700	0.132413
125750	0.184793
125800	0.408358
125850	0.242326
125900	0.341908
125950	0.207616
126000	0.290445
126050	0.166542
126100	-0.030298
126150	0.217630
126200	0.223336
126250	0.065341
126300	0.078156
126350	0.183130
126400	0.024688
126450	0.210546
126500	0.097051
126550	0.203709
126600	0.220220
126650	0.078939
126700	0.071502
126750	0.232285
126800	0.173808
126850	0.311003
126900	0.419382
126950	0.231122
127000	0.223967
127050	0.057351
127100	-0.014031
127150	0.125641
127200	0.224620
127250	0.118491
127300	0.081120
127350	0.247165
127400	-0.192654
127450	0.010035
127500	0.193672
127550	0.129654
127600	0.176816
127650	0.277539
127700	0.236387
127750	0.124448
127800	0.147995
127850	0.185584
127900	0.163247
127950	0.063908
128000	0.135223
128050	0.122449
128100	0.234088
128150	-0.083329
128200	0.149485
128250	0.207807
128300	0.211358
128350	0.081217
128400	0.276473
128450	0.202970
128500	0.093732
128550	0.110852
128600	0.122755
128650	0.041241
128700	0.157825
128750	0.065145
128800	0.148241
128850	0.277904
128900	0.310550
128950	0.335264
129000	0.498521
129050	0.316712
129100	0.324691
129150	-0.031722
129200	0.164611
129250	0.051487
129300	-0.189507
129350	0.164557
129400	0.048038
129450	0.173275
129500	-0.000143
129550	-0.081590
129600	0.251463
129650	0.230772
129700	0.067548
129750	0.163695
129800	0.376072
129850	0.233980
129900	0.256955
129950	0.198542
130000	0.231357
130050	0.161946
130100	0.300928
130150	0.382832
130200	0.498862
130250	0.243418
130300	0.110371
130350	0.086974
130400	0.228752
130450	-0.044501
130500	0.278028
130550	0.278072
130600	0.087357
130650	0.202018
130700	0.159141
130750	0.071141
130800	0.150650
130850	0.069288
130900	0.228769
130950	0.407835
131000	0.195097
131050	0.175569
131100	0.303536
131150	0.139797
131200	0.165103
131250	0.169401
131300	0.060221
131350	0.220623
131400	-0.032752
131450	0.128650
131500	0.032624
131550	0.171237
131600	0.424770
131650	0.214668
131700	0.006847
131750	0.242501
131800	0.256884
131850	0.123158
131900	0.202366
131950	0.101244
132000	0.077083
132050	0.063249
132100	0.226599
132150	-0.023734
132200	-0.252990
132250	0.297920
132300	0.077799
132350	0.185899
132400	0.283609
132450	-0.135083
132500	0.209726
132550	0.485546
132600	0.201305
132650	0.218554
132700	0.159112
132750	0.074767
132800	-0.028731
132850	0.105139
132900	0.254901
132950	0.079618
133000	0.209421
133050	0.348586
133100	0.354494
133150	0.166486
133200	-0.033345
133250	0.210759
133300	0.090452
133350	0.131959
133400	0.399391
133450	-0.003050
133500	0.063464
133550	0.404455
133600	0.063985
133650	0.067920
133700	0.297213
133750	0.154244
133800	0.084335
133850	0.128847
133900	0.302471
133950	0.292392
134000	0.138077
134050	0.507600
134100	0.155861
134150	0.204071
134200	-0.019830
134250	0.301537
134300	0.240902
134350	0.175473
134400	0.290660
134450	0.244446
134500	0.136154
134550	0.300637
134600	0.446494
134650	0.318950
134700	0.256100
134750	0.198522
134800	0.009940
134850	0.266672
134900	0.014060
134950	0.324993
135000	-0.117469
135050	0.174486
135100	0.066354
135150	0.082821
135200	0.011406
135250	0.181038
135300	0.120200
135350	0.192596
135400	0.231002
135450	0.110793
135500	0.214690
135550	0.069531
135600	0.123120
135650	0.089773
135700	0.148422
135750	-0.000072
135800	0.309578
135850	0.004197
135900	-0.020819
135950	0.202342
136000	0.052116
136050	0.280809
136100	0.108901
136150	0.338581
136200	0.304690
136250	0.092365
136300	0.038246
136350	-0.031593
136400	0.174381
136450	0.223942
136500	0.337275
136550	0.243078
136600	-0.115321
136650	-0.111534
136700	0.042222
136750	-0.011041
136800	0.260082
136850	0.214682
136900	0.200773
136950	0.114463
137000	0.100220
137050	0.184813
137100	0.191923
137150	0.211087
137200	-0.035249
137250	0.257369
137300	0.146830
137350	0.221792
137400	0.227717
137450	0.334165
137500	0.304872
137550	0.150804
137600	0.208574
137650	0.272512
137700	0.001608
137750	0.162591
137800	0.316861
137850	0.233107
137900	-0.139623
137950	0.402996
138000	0.327930
138050	0.258111
138100	0.294061
138150	0.026210
138200	0.424166
138250	0.301954
138300	0.159522
138350	0.044707
138400	0.385922
138450	0.124468
138500	0.157728
138550	0.119394
138600	0.194708
138650	0.007191
138700	0.195799
138750	-0.003676
138800	0.294446
138850	0.225965
138900	0.238930
138950	0.266814
139000	0.266814
139050	0.171242
139100	0.456652
139150	0.208534
139200	0.171746
139250	0.552283
139300	0.107893
139350	0.220316
139400	0.062889
139450	0.189947
139500	0.304653
139550	0.242437
139600	0.175863
139650	0.076925
139700	0.045101
139750	0.253623
139800	0.199332
139850	0.258621
139900	0.137220
139950	0.013101
140000	0.191271
140050	0.339899
140100	0.381726
140150	0.066890
140200	0.099919
140250	0.122244
140300	0.114275
140350	0.100533
140400	0.235873
140450	0.295523
140500	0.314320
140550	0.195541
140600	0.358111
140650	-0.078472
140700	0.164796
140750	0.173213
140800	0.254647
140850	0.083950
140900	0.149318
140950	0.155755
141000	-0.038533
141050	0.164174
141100	0.357477
141150	0.442943
141200	0.265092
141250	0.317391
141300	0.008514
141350	0.042589
141400	-0.091656
141450	0.053565
141500	0.099084
141550	0.301234
141600	0.265864
141650	0.025907
141700	-0.009512
141750	0.117243
141800	0.032942
141850	0.166537
141900	0.204333
141950	0.419608
142000	-0.082361
142050	0.181270
142100	0.070272
142150	0.050823
142200	0.156182
142250	0.139037
142300	0.415421
142350	0.201868
142400	0.058832
142450	0.145676
142500	0.377192
142550	0.113539
142600	0.018480
142650	0.106462
142700	0.228116
142750	0.259958
142800	0.154037
142850	0.209315
142900	0.189592
142950	0.039676
143000	0.381765
143050	0.175027
143100	0.171615
143150	0.270354
143200	0.192222
143250	0.261525
143300	0.159250
143350	-0.251578
143400	0.259887
143450	0.227005
143500	0.062339
143550	0.028694
143600	0.138920
143650	-0.093100
143700	0.060123
143750	0.227200
143800	0.254741
143850	0.360412
143900	0.133267
143950	0.099167
144000	0.050622
144050	0.259717
144100	0.029940
144150	0.038786
144200	0.129824
144250	0.167661
144300	0.166365
144350	0.180105
144400	0.331068
144450	0.040787
144500	0.260422
144550	0.091891
144600	0.168984
144650	0.184647
144700	0.044826
144750	0.250142
144800	0.238694
144850	0.268255
144900	0.123313
144950	0.238972
145000	0.292389
145050	0.348543
145100	0.038583
145150	0.160191
145200	0.054734
145250	0.181451
145300	0.176140
145350	0.187895
145400	0.157094
145450	0.081665
145500	0.307969
145550	0.260593
145600	0.280783
145650	0.080736
145700	0.177894
145750	-0.001990
145800	0.170473
145850	0.116906
145900	0.099146
145950	0.497161
146000	0.404547
146050	0.126640
146100	0.250952
146150	0.164649
146200	0.176208
146250	0.301722
146300	0.077806
146350	0.232986
146400	0.257715
146450	0.126360
146500	0.037739
146550	0.240233
146600	0.337448
146650	0.314462
146700	0.366651
146750	0.210439
146800	0.018043
146850	0.242554
146900	-0.036467
146950	0.039657
147000	0.061722
147050	0.137131
147100	0.428196
147150	0.232611
147200	0.227255
147250	0.436089
147300	0.451785
147350	0.168153
147400	0.028055
147450	0.150871
147500	0.011344
147550	0.086070
147600	0.122304
147650	0.329145
147700	0.225008
147750	0.237314
147800	0.372177
147850	0.301268
147900	0.334680
147950	0.291192
148000	0.171816
148050	0.034368
148100	0.040907
148150	0.079858
148200	0.138001
148250	0.167091
148300	-0.028869
148350	0.293483
148400	0.292843
148450	-0.043644
148500	0.179515
148550	0.277326
148600	0.006085
148650	0.142375
148700	0.111653
148750	0.194856
148800	0.015211
148850	0.176832
148900	-0.028686
148950	0.235971
149000	0.147811
149050	0.310400
149100	0.263790
149150	0.212380
149200	0.008454
149250	0.142177
149300	0.239405
149350	0.244173
149400	0.220253
149450	0.199607
149500	0.155433
149550	0.238220
149600	0.130619
149650	0.088551
149700	0.554969
149750	0.308837
149800	-0.016273
149850	0.216472
149900	0.021369
149950	0.176094
150000	0.272587
150050	0.253564
150100	0.345873
150150	0.116983
150200	0.229024
150250	0.209268
150300	0.089334
150350	0.093303
150400	0.263680
150450	0.162486
150500	0.104873
150550	0.211386
150600	0.194618
150650	-0.001033
150700	0.263397
150750	0.558007
150800	0.302507
150850	0.163942
150900	0.220604
150950	0.335409
151000	0.416564
151050	0.138541
151100	0.083321
151150	0.100177
151200	0.008359
151250	0.092045
151300	0.203382
151350	0.224815
151400	0.075536
151450	0.254675
151500	0.023382
151550	0.146551
151600	0.072557
151650	0.155212
151700	0.284137
151750	0.278989
151800	-0.013160
151850	-0.023878
151900	-0.042286
151950	0.228342
152000	0.184491
152050	0.274924
152100	0.334319
152150	0.085968
152200	0.241157
152250	0.231080
152300	0.355997
152350	0.034974
152400	0.277157
152450	0.315767
152500	0.206302
152550	0.366289
152600	0.138600
152650	0.222259
152700	0.176927
152750	0.004979
152800	-0.053811
152850	0.334739
152900	0.101737
152950	-0.137740
153000	0.451429
153050	0.211857
153100	-0.101674
153150	0.024079
153200	0.170606
153250	0.009113
153300	0.179795
153350	0.226180
153400	0.421752
153450	0.486127
153500	0.038587
153550	0.166367
153600	-0.128220
153650	0.123345
153700	0.064934
153750	0.207393
153800	0.234713
153850	0.412124
153900	0.170565
153950	0.272518
154000	0.127226
154050	-0.126737
154100	0.224409
154150	0.083475
154200	0.075253
154250	0.058099
154300	0.339827
154350	0.135336
154400	0.387907
154450	0.303384
154500	0.320823
154550	0.388580
154600	0.170318
154650	0.143298
154700	0.396153
154750	0.247179
154800	-0.036882
154850	0.460746
154900	0.249829
154950	0.199941
155000	0.008692
155050	0.217321
155100	0.024498
155150	0.096032
155200	0.192408
155250	0.160415
155300	0.128139
155350	0.121459
155400	0.386835
155450	0.133168
155500	0.036357
155550	0.164487
155600	0.007429
155650	0.241880
155700	0.217278
155750	-0.036052
155800	0.126242
155850	0.257364
155900	0.177895
155950	0.218129
156000	0.320686
156050	0.052846
156100	0.026562
156150	-0.058841
156200	0.111153
156250	0.173457
156300	0.070345
156350	0.319261
156400	0.135841
156450	0.119751
156500	0.210020
156550	0.124582
156600	-0.253172
156650	-0.227093
156700	0.131766
156750	0.272935
156800	0.226280
156850	0.102558
156900	-0.000940
156950	0.009500
157000	-0.136632
157050	0.240802
157100	0.097752
157150	0.091431
157200	0.035874
157250	0.200439
157300	0.229691
157350	0.446603
157400	0.414771
157450	0.216561
157500	0.129449
157550	0.224645
157600	0.256456
157650	0.093303
157700	0.014448
157750	0.047831
157800	0.103281
157850	0.152305
157900	0.128011
157950	0.266159
158000	0.087427
158050	0.024953
158100	0.158276
158150	0.280129
158200	0.102600
158250	0.146957
158300	0.067981
158350	0.088345
158400	0.082092
158450	0.313764
158500	0.000530
158550	0.047615
158600	0.275039
158650	0.029230
158700	0.230755
158750	0.324776
158800	0.472451
158850	0.472426
158900	0.061520
158950	0.133427
159000	0.050362
159050	0.331729
159100	0.190706
159150	0.175410
159200	0.314452
159250	0.329057
159300	0.332718
159350	0.258821
159400	0.400902
159450	0.284303
159500	0.218058
159550	0.069051
159600	0.221912
159650	0.120218
159700	0.200362
159750	0.155264
159800	0.277948
159850	0.027688
159900	0.099264
159950	0.079265
160000	0.030702
160050	-0.046253
160100	0.256063
160150	0.115370
160200	0.123932
160250	0.142265
160300	0.145712
160350	0.037546
160400	0.031060
160450	0.258675
160500	0.448664
160550	0.418911
160600	-0.076097
160650	0.169585
160700	0.134028
160750	0.237030
160800	0.055784
160850	0.171924
160900	0.322794
160950	0.204860
161000	0.231689
161050	0.171136
161100	0.267108
161150	0.190129
161200	0.155789
161250	0.287167
161300	0.407879
161350	0.458590
161400	0.330726
161450	0.215446
161500	0.176647
161550	0.002943
161600	0.097830
161650	0.108411
161700	0.266689
161750	0.203937
161800	0.147926
161850	0.120843
161900	0.285113
161950	0.191987
162000	0.109926
162050	0.352128
162100	0.198689
162150	-0.047142
162200	0.015099
162250	0.191602
162300	0.325933
162350	0.002453
162400	0.291238
162450	0.477310
162500	0.215274
162550	0.163058
162600	0.319653
162650	0.261169
162700	0.228919
162750	0.255616
162800	0.013550
162850	-0.026637
162900	0.343295
162950	0.287822
163000	0.347164
163050	0.203229
163100	0.123343
163150	0.070227
163200	0.175578
163250	0.139383
163300	-0.055082
163350	0.113775
163400	0.137306
163450	0.327356
163500	0.216645
163550	0.330996
163600	0.256126
163650	0.180192
163700	0.133001
163750	0.112115
163800	0.109956
163850	0.301480
163900	0.381186
163950	0.160181
164000	0.198041
164050	0.231149
164100	0.267772
164150	0.062594
164200	0.332949
164250	0.155513
164300	0.015237
164350	0.060584
164400	0.326956
164450	0.226674
164500	0.050368
164550	0.252057
164600	-0.013338
164650	0.129573
164700	0.412662
164750	0.133137
164800	0.172621
164850	0.327871
164900	0.199448
164950	0.332159
165000	0.289868
165050	0.055131
165100	0.026242
165150	-0.039504
165200	0.313143
165250	0.363985
165300	-0.191904
165350	0.255845
165400	0.012255
165450	0.458219
165500	0.103004
165550	0.120241
165600	0.172619
165650	-0.046514
165700	-0.110196
165750	0.156264
165800	0.076351
165850	0.113611
165900	0.041469
165950	0.199695
166000	0.103185
166050	0.269299
166100	0.047913
166150	0.037199
166200	0.057984
166250	0.016768
166300	0.124252
166350	0.094613
166400	0.195196
166450	0.283864
166500	0.287839
166550	0.174967
166600	0.055968
166650	0.205625
166700	0.194369
166750	0.234112
166800	0.224591
166850	0.225740
166900	0.086738
166950	0.069198
167000	0.075970
167050	-0.076464
167100	0.243939
167150	0.149456
167200	0.375276
167250	0.210797
167300	0.160413
167350	0.010619
167400	0.141874
167450	0.215290
167500	0.158454
167550	0.084262
167600	0.080020
167650	0.321672
167700	0.066046
167750	0.115442
167800	0.205135
167850	0.181276
167900	0.250858
167950	0.369329
168000	-0.035695
168050	0.192068
168100	0.131167
168150	0.326112
168200	0.064788
168250	0.392654
168300	0.321940
168350	0.053795
168400	0.155145
168450	-0.102927
168500	-0.119297
168550	0.005456
168600	0.334166
168650	0.396508
168700	0.360866
168750	0.213890
168800	0.283950
168850	0.259379
168900	0.231265
168950	-0.014989
169000	-0.033165
169050	-0.067566
169100	0.267830
169150	0.263484
169200	0.004243
169250	0.137926
169300	0.038590
169350	0.230004
169400	0.147518
169450	0.086943
169500	0.198818
169550	0.097775
169600	0.176413
169650	0.028638
169700	0.121396
169750	0.157975
169800	-0.054253
169850	0.052417
169900	0.211709
169950	0.247556
170000	0.207007
170050	0.481201
170100	0.133539
170150	0.168288
170200	0.199671
170250	0.138669
170300	0.417613
170350	0.036651
170400	0.015035
170450	0.053082
170500	0.339989
170550	0.177554
170600	0.174085
170650	0.159856
170700	0.097725
170750	0.092374
170800	0.295620
170850	0.333783
170900	0.058944
170950	0.329961
171000	0.253884
171050	0.042189
171100	0.122144
171150	0.034413
171200	0.023708
171250	0.055560
171300	0.342406
171350	0.263003
171400	0.103624
171450	0.269115
171500	0.119111
171550	-0.034102
171600	0.261931
171650	0.084778
171700	0.029763
171750	0.075404
171800	0.220981
171850	0.236592
171900	0.217889
171950	0.129614
172000	0.061548
172050	0.205700
172100	0.114236
172150	0.156088
172200	0.079723
172250	0.259621
172300	0.058025
172350	0.328815
172400	0.233941
172450	0.135457
172500	0.415792
172550	0.095451
172600	0.310759
172650	0.224952
172700	0.068990
172750	0.135848
172800	0.366972
172850	0.280256
172900	0.050030
172950	0.091117
173000	0.045075
173050	0.265397
173100	0.119560
173150	0.182354
173200	0.285145
173250	0.037332
173300	0.316977
173350	0.428845
173400	0.347229
173450	0.373805
173500	0.179503
173550	0.174121
173600	0.147976
173650	0.072684
173700	-0.104635
173750	-0.031334
173800	0.224755
173850	0.092686
173900	0.130816
173950	0.065128
174000	0.210565
174050	0.050195
174100	0.045881
174150	-0.099609
174200	0.224452
174250	0.036947
174300	0.345173
174350	0.057395
174400	0.064728
174450	0.207196
174500	-0.008256
174550	0.238354
174600	0.064064
174650	0.021751
174700	0.305714
174750	0.217878
174800	0.262821
174850	0.102616
174900	0.216155
174950	0.058738
175000	0.319785
175050	0.324592
175100	0.076957
175150	-0.061705
175200	0.234495
175250	-0.011678
175300	0.182042
175350	-0.140970
175400	0.054239
175450	0.078448
175500	0.072817
175550	-0.306319
175600	0.095877
175650	0.011759
175700	0.188851
175750	0.115901
175800	0.098014
175850	0.178836
175900	0.177077
175950	0.258056
176000	0.385146
176050	0.193933
176100	0.310885
176150	0.028516
176200	0.253852
176250	0.025903
176300	0.264407
176350	0.033431
176400	0.305900
176450	0.207264
176500	0.206345
176550	0.084462
176600	0.038643
176650	-0.033652
176700	0.070085
176750	-0.017210
176800	0.174860
176850	0.332327
176900	0.186935
176950	0.228248
177000	0.094543
177050	0.327726
177100	-0.040676
177150	0.183931
177200	0.085220
177250	0.126801
177300	-0.007203
177350	-0.054119
177400	0.400632
177450	0.323321
177500	0.076155
177550	0.017235
177600	0.230993
177650	-0.053327
177700	0.532631
177750	0.175631
177800	0.209229
177850	0.229891
177900	0.333960
177950	0.321783
178000	0.299286
178050	0.199759
178100	0.008266
178150	0.002292
178200	0.157751
178250	0.125677
178300	0.265136
178350	0.147975
178400	0.069577
178450	0.236763
178500	0.316018
178550	0.046470
178600	0.327247
178650	0.279434
178700	-0.014019
178750	0.021134
178800	0.037220
178850	0.058434
178900	0.213899
178950	0.122577
179000	0.483388
179050	0.051155
179100	0.108493
179150	0.132292
179200	0.282062
179250	0.062400
179300	-0.047338
179350	0.203747
179400	0.171511
179450	0.184500
179500	0.248367
179550	-0.048659
179600	0.226654
179650	0.375855
179700	0.013390
179750	0.173815
179800	0.153423
179850	0.092452
179900	0.348361
179950	0.148807
180000	-0.045165
180050	-0.119369
180100	0.078370
180150	-0.027519
180200	0.160999
180250	-0.034375
180300	0.353063
180350	0.337953
180400	0.165020
180450	0.340391
180500	0.208468
180550	0.169485
180600	0.190005
180650	0.297269
180700	0.176169
180750	0.145586
180800	0.285529
180850	0.226195
180900	0.413005
180950	0.048588
181000	0.334901
181050	0.131223
181100	0.097976
181150	0.032738
181200	0.155797
181250	0.211777
181300	0.199461
181350	0.319431
181400	0.075171
181450	0.151018
181500	-0.056447
181550	0.350177
181600	0.222076
181650	0.133154
181700	0.371106
181750	0.203144
181800	0.037373
181850	-0.064183
181900	0.209857
181950	-0.090938
182000	0.204759
182050	0.107277
182100	-0.108456
182150	0.240930
182200	0.145175
182250	0.241985
182300	-0.079938
182350	0.106768
182400	0.070375
182450	0.122869
182500	0.165902
182550	0.229628
182600	0.289723
182650	0.148440
182700	0.328568
182750	0.244333
182800	0.025468
182850	-0.025529
182900	0.238069
182950	0.315665
183000	0.007726
183050	0.352785
183100	0.169225
183150	0.308344
183200	0.002791
183250	0.047151
183300	0.185131
183350	0.122823
183400	0.229186
183450	0.197002
183500	-0.031631
183550	0.102402
183600	0.270328
183650	-0.026513
183700	-0.154611
183750	0.331073
183800	0.008440
183850	0.409919
183900	0.005111
183950	0.354698
184000	0.372474
184050	0.263157
184100	-0.015431
184150	0.312958
184200	0.399369
184250	0.046370
184300	0.347790
184350	0.256092
184400	0.122577
184450	0.063724
184500	0.136970
184550	0.179850
184600	0.219386
184650	0.196419
184700	0.154976
184750	0.022786
184800	0.079095
184850	0.103231
184900	0.225559
184950	0.262505
185000	0.206802
185050	0.620561
185100	0.128548
185150	0.323644
185200	0.432986
185250	0.378095
185300	0.275807
185350	0.072089
185400	0.020792
185450	0.035855
185500	0.144597
185550	0.051120
185600	0.114702
185650	0.272236
185700	0.257451
185750	0.025141
185800	-0.146859
185850	0.261093
185900	0.287362
185950	0.144450
186000	0.241324
186050	0.179417
186100	0.012990
186150	0.367311
186200	0.362298
186250	0.333467
186300	0.153391
186350	0.200007
186400	0.079025
186450	0.118636
186500	0.032882
186550	0.018288
186600	0.266397
186650	0.150249
186700	0.149013
186750	0.178678
186800	-0.037940
186850	0.156669
186900	0.314030
186950	0.337148
187000	0.273731
187050	0.143357
187100	0.092679
187150	0.184230
187200	-0.032365
187250	0.155820
187300	0.168690
187350	0.302251
187400	0.159049
187450	0.175939
187500	0.043049
187550	0.251898
187600	0.261878
187650	0.102245
187700	0.126089
187750	0.135801
187800	0.077777
187850	0.108419
187900	0.227770
187950	0.123566
188000	0.127632
188050	0.187941
188100	0.077371
188150	0.260187
188200	0.157869
188250	0.162757
188300	0.038956
188350	0.060898
188400	0.047056
188450	0.277252
188500	-0.005177
188550	0.063236
188600	0.060999
188650	0.070478
188700	0.138953
188750	0.302259
188800	0.193392
188850	0.006107
188900	0.133659
188950	0.276633
189000	0.230874
189050	0.073664
189100	0.056985
189150	0.000862
189200	0.242461
189250	0.271647
189300	0.154064
189350	-0.045576
189400	0.075905
189450	0.253667
189500	0.357483
189550	0.062813
189600	0.224188
189650	-0.103806
189700	0.065607
189750	0.154455
189800	0.209279
189850	0.359376
189900	0.059301
189950	0.090507
190000	0.076221
190050	0.129620
190100	0.132421
190150	0.113855
190200	-0.277109
190250	0.002301
190300	0.077488
190350	0.108135
190400	0.016156
190450	0.139924
190500	0.384043
190550	0.177635
190600	0.261966
190650	-0.195145
190700	-0.210449
190750	0.048486
190800	0.051971
190850	-0.121155
190900	0.020960
190950	0.071227
191000	0.214368
191050	0.205603
191100	0.076406
191150	0.081803
191200	-0.010925
191250	-0.088728
191300	0.147705
191350	0.222529
191400	0.182317
191450	0.148018
191500	0.156975
191550	0.191541
191600	0.285335
191650	0.341013
191700	0.217500
191750	0.173270
191800	0.167532
191850	-0.062313
191900	0.264059
191950	0.161197
192000	0.093018
192050	0.325921
192100	0.289617
192150	0.120096
192200	0.274805
192250	0.290174
192300	0.313937
192350	-0.029329
192400	0.075079
192450	0.065222
192500	-0.261049
192550	0.100316
192600	0.328221
192650	0.105535
192700	0.222978
192750	0.151978
192800	0.111911
192850	0.124110
192900	-0.058537
192950	0.111001
193000	0.340935
193050	0.205251
193100	0.268440
193150	-0.105662
193200	0.236066
193250	0.173451
193300	0.473841
193350	-0.000517
193400	0.090444
193450	0.260238
193500	0.129834
193550	0.111929
193600	-0.003118
193650	0.303400
193700	0.155323
193750	0.121479
193800	-0.028312
193850	-0.046665
193900	0.297835
193950	0.098875
194000	0.326717
194050	0.026483
194100	0.174004
194150	0.489150
194200	0.031863
194250	0.276417
194300	0.156599
194350	0.097313
194400	0.037635
194450	0.236521
194500	0.323834
194550	0.095341
194600	0.001702
194650	-0.000798
194700	0.075925
194750	0.238146
194800	0.373324
194850	0.190667
194900	0.382199
194950	0.029068
195000	0.033418
195050	-0.054328
195100	0.412282
195150	0.201069
195200	0.034805
195250	0.134081
195300	0.020567
195350	0.167097
195400	0.009753
195450	0.042450
195500	-0.133169
195550	0.159434
195600	0.264990
195650	0.182437
195700	0.285408
195750	0.228627
195800	0.063165
195850	0.201992
195900	0.399285
195950	0.172979
196000	0.146306
196050	0.052922
196100	-0.045121
196150	0.184891
196200	0.035359
196250	0.338677
196300	0.248076
196350	-0.096656
196400	0.238815
196450	0.046544
196500	0.154504
196550	0.325350
196600	-0.012789
196650	0.173979
196700	0.168210
196750	-0.093813
196800	0.147881
196850	0.181071
196900	0.220624
196950	0.140467
197000	0.309392
197050	0.181508
197100	0.073017
197150	0.281545
197200	0.601528
197250	0.088445
197300	-0.002395
197350	0.263887
197400	0.269201
197450	-0.011898
197500	0.216216
197550	0.091916
197600	0.080525
197650	0.379343
197700	-0.076582
197750	0.359487
197800	0.007580
197850	0.049111
197900	0.041674
197950	0.174491
198000	0.183323
198050	0.009732
198100	0.286347
198150	-0.016540
198200	-0.236033
198250	0.029002
198300	-0.170448
198350	0.110820
198400	0.253550
198450	0.037470
198500	0.010937
198550	0.296556
198600	0.117592
198650	-0.104663
198700	0.156431
198750	0.189502
198800	0.027401
198850	0.073111
198900	-0.021616
198950	0.286008
199000	0.191873
199050	0.188998
199100	-0.022690
199150	0.224952
199200	0.148089
199250	0.301106
199300	0.147975
199350	0.049880
199400	-0.145126
199450	0.110639
199500	0.061954
199550	0.140105
199600	0.375337
199650	0.351992
199700	0.248729
199750	0.298495
199800	0.172911
199850	0.339443
199900	0.079629
199950	0.297522
