200	6.315792
700	0.732069
1200	0.604181
1700	0.690678
2200	0.512644
2700	0.523354
3200	0.575064
3700	0.629044
4200	0.614633
4700	0.651907
5200	0.559099
5700	0.556537
6200	0.534350
6700	0.606637
7200	0.545350
7700	0.597105
8200	0.630205
8700	0.477471
9200	0.588433
9700	0.599935
10200	0.681425
10700	0.591792
11200	0.593939
11700	0.643943
12200	0.625571
12700	0.596701
13200	0.537746
13700	0.568694
14200	0.583643
14700	0.567129
15200	0.616756
15700	0.652133
16200	0.530753
16700	0.658962
17200	0.573482
17700	0.595823
18200	0.623488
18700	0.569915
19200	0.518479
19700	0.592139
20200	0.660159
20700	0.502416
21200	0.428404
21700	0.580217
22200	0.567110
22700	0.556474
23200	0.633724
23700	0.518795
24200	0.640008
24700	0.515554
25200	0.638721
25700	0.661326
26200	0.693040
26700	0.550999
27200	0.579836
27700	0.628205
28200	0.438981
28700	0.587399
29200	0.578231
29700	0.484321
30200	0.584309
30700	0.616502
31200	0.549243
31700	0.531325
32200	0.609378
32700	0.490425
33200	0.464983
33700	0.565616
34200	0.627188
34700	0.660517
35200	0.578340
35700	0.490169
36200	0.507051
36700	0.621650
37200	0.516332
37700	0.516262
38200	0.608842
38700	0.580817
39200	0.557665
39700	0.564065
40200	0.490665
40700	0.583976
41200	0.656068
41700	0.541989
42200	0.432788
42700	0.580076
43200	0.582382
43700	0.510320
44200	0.526918
44700	0.521340
45200	0.428341
45700	0.683888
46200	0.547231
46700	0.527943
47200	0.491176
47700	0.593880
48200	0.502786
48700	0.451712
49200	0.469835
49700	0.569349
50200	0.564570
50700	0.500626
51200	0.605569
51700	0.475498
52200	0.468369
52700	0.538584
53200	0.582182
53700	0.537875
54200	0.490520
54700	0.580878
55200	0.547009
55700	0.495716
56200	0.598241
56700	0.571908
57200	0.481648
57700	0.496373
58200	0.502274
58700	0.477105
59200	0.498290
59700	0.580402
60200	0.540110
60700	0.550665
61200	0.578576
61700	0.527525
62200	0.404216
62700	0.453340
63200	0.531122
63700	0.480206
64200	0.590653
64700	0.545646
65200	0.557497
65700	0.507059
66200	0.510583
66700	0.512853
67200	0.509106
67700	0.545890
68200	0.520419
68700	0.591994
69200	0.539370
69700	0.576941
70200	0.665940
70700	0.503521
71200	0.515178
71700	0.555736
72200	0.641275
72700	0.579496
73200	0.561678
73700	0.411357
74200	0.434297
74700	0.560116
75200	0.547442
75700	0.506052
76200	0.517459
76700	0.582072
77200	0.531370
77700	0.544443
78200	0.458821
78700	0.525132
79200	0.536921
79700	0.663892
80200	0.514384
80700	0.486806
81200	0.432242
81700	0.538867
82200	0.584527
82700	0.522293
83200	0.590213
83700	0.510668
84200	0.595142
84700	0.597889
85200	0.495689
85700	0.545056
86200	0.534634
86700	0.475109
87200	0.466229
87700	0.538790
88200	0.459522
88700	0.528578
89200	0.612072
89700	0.533790
90200	0.565422
90700	0.554711
91200	0.522170
91700	0.627588
92200	0.527906
92700	0.530194
93200	0.578404
93700	0.579979
94200	0.479848
94700	0.543129
95200	0.539327
95700	0.550200
96200	0.466649
96700	0.524450
97200	0.602698
97700	0.522505
98200	0.567700
98700	0.570515
99200	0.559221
99700	0.556456
100200	0.551683
100700	0.549095
101200	0.529155
101700	0.547247
102200	0.606919
102700	0.632103
103200	0.495659
103700	0.596010
104200	0.618192
104700	0.655982
105200	0.508292
105700	0.543462
106200	0.635998
106700	0.666744
107200	0.590670
107700	0.589460
108200	0.551059
108700	0.553331
109200	0.577033
109700	0.655200
110200	0.460937
110700	0.541121
111200	0.632631
111700	0.540191
112200	0.505098
112700	0.540155
113200	0.473944
113700	0.596979
114200	0.590453
114700	0.635080
115200	0.576678
115700	0.612797
116200	0.656677
116700	0.657310
117200	0.498355
117700	0.524233
118200	0.603021
118700	0.575089
119200	0.579340
119700	0.524512
120200	0.532679
120700	0.515939
121200	0.579701
121700	0.584390
122200	0.552345
122700	0.657777
123200	0.548330
123700	0.529257
124200	0.557654
124700	0.563298
125200	0.551768
125700	0.467666
126200	0.501368
126700	0.469737
127200	0.452502
127700	0.534021
128200	0.689469
128700	0.565012
129200	0.565354
129700	0.594446
130200	0.613572
130700	0.549223
131200	0.637160
131700	0.613451
132200	0.539577
132700	0.560499
133200	0.627526
133700	0.602638
134200	0.582673
134700	0.571039
135200	0.614028
135700	0.524279
136200	0.701973
136700	0.612305
137200	0.557220
137700	0.571174
138200	0.468533
138700	0.580515
139200	0.448341
139700	0.454962
140200	0.559145
140700	0.595139
141200	0.648812
141700	0.505684
142200	0.552167
142700	0.481978
143200	0.439815
143700	0.593108
144200	0.460829
144700	0.532260
145200	0.510823
145700	0.556479
146200	0.509782
146700	0.521899
147200	0.599071
147700	0.557838
148200	0.560448
148700	0.445002
149200	0.573166
149700	0.531388
150200	0.449466
150700	0.519662
151200	0.605911
151700	0.548999
152200	0.589642
152700	0.525126
153200	0.473953
153700	0.645402
154200	0.532489
154700	0.544419
155200	0.483298
155700	0.576587
156200	0.480841
156700	0.549349
157200	0.660959
157700	0.501881
158200	0.549982
158700	0.524999
159200	0.567747
159700	0.560603
160200	0.470585
160700	0.518363
161200	0.585555
161700	0.588809
162200	0.527078
162700	0.469383
163200	0.408265
163700	0.546888
164200	0.462502
164700	0.355163
165200	0.522925
165700	0.443024
166200	0.492461
166700	0.544114
167200	0.514098
167700	0.579168
168200	0.575187
168700	0.647835
169200	0.496648
169700	0.499333
170200	0.533039
170700	0.515681
171200	0.568741
171700	0.705452
172200	0.606465
172700	0.560638
173200	0.480948
173700	0.499304
174200	0.434610
174700	0.506277
175200	0.513736
175700	0.443208
176200	0.510915
176700	0.504363
177200	0.483097
177700	0.361292
178200	0.497112
178700	0.522400
179200	0.596155
179700	0.633185
180200	0.478126
180700	0.489910
181200	0.543366
181700	0.476536
182200	0.564909
182700	0.538145
183200	0.630362
183700	0.505590
184200	0.570552
184700	0.630386
185200	0.613749
185700	0.648938
186200	0.600416
186700	0.625354
187200	0.598236
187700	0.510963
188200	0.475501
188700	0.684747
189200	0.539898
189700	0.415483
190200	0.483295
190700	0.452065
191200	0.515580
191700	0.600805
192200	0.437632
192700	0.481624
193200	0.563804
193700	0.581126
194200	0.458435
194700	0.570168
195200	0.644986
195700	0.447893
196200	0.570931
196700	0.530887
197200	0.431737
197700	0.465214
198200	0.466000
198700	0.502176
199200	0.421169
199700	0.461841
