0	43.800718
50	2.235616
100	0.679428
150	0.542346
200	0.429476
250	0.181121
300	0.485542
350	0.389223
400	0.202744
450	0.319988
500	0.512181
550	0.587215
600	0.298478
650	0.145451
700	0.342616
750	0.206985
800	0.267520
850	0.362531
900	0.230782
950	0.033466
1000	0.184043
1050	0.403378
1100	0.110462
1150	0.279652
1200	0.141794
1250	0.414071
1300	0.412033
1350	0.394905
1400	0.392029
1450	0.281325
1500	0.153515
1550	0.263142
1600	0.045518
1650	0.255553
1700	0.308431
1750	0.115966
1800	0.391967
1850	0.295056
1900	0.133564
1950	0.251131
2000	0.327950
2050	0.369842
2100	0.079998
2150	0.193223
2200	0.298465
2250	-0.013695
2300	0.076664
2350	0.365988
2400	0.244018
2450	0.227791
2500	0.169833
2550	0.190695
2600	0.169919
2650	0.437773
2700	0.094259
2750	0.096960
2800	0.357991
2850	0.188464
2900	0.199350
2950	0.206049
3000	0.032720
3050	0.110783
3100	0.165828
3150	0.158219
3200	0.140731
3250	0.372425
3300	0.329621
3350	0.344603
3400	0.255554
3450	0.216516
3500	0.285462
3550	0.021131
3600	0.363714
3650	0.227540
3700	0.260210
3750	0.096992
3800	0.248896
3850	0.426650
3900	0.360005
3950	0.337833
4000	0.059038
4050	0.270284
4100	0.285483
4150	0.156515
4200	0.135715
4250	-0.144859
4300	0.195946
4350	-0.052725
4400	0.263362
4450	0.257071
4500	0.081338
4550	0.116009
4600	0.131209
4650	0.151340
4700	0.360928
4750	0.089534
4800	0.217480
4850	0.300385
4900	0.156913
4950	0.235178
5000	0.096430
5050	0.371295
5100	0.282116
5150	0.063787
5200	0.443808
5250	0.317695
5300	0.221345
5350	0.327125
5400	0.247642
5450	0.090901
5500	0.359116
5550	0.154162
5600	0.309103
5650	0.286803
5700	0.296913
5750	0.360495
5800	0.233824
5850	0.186497
5900	0.086924
5950	0.100502
6000	0.418039
6050	0.330256
6100	0.231033
6150	0.339760
6200	0.221169
6250	0.269087
6300	0.436468
6350	0.046093
6400	0.428921
6450	0.350621
6500	0.325366
6550	0.319851
6600	0.276532
6650	0.159788
6700	0.328498
6750	0.292337
6800	0.216618
6850	0.166399
6900	0.343595
6950	0.243113
7000	0.216185
7050	0.097926
7100	0.177973
7150	0.297663
7200	0.359106
7250	0.250707
7300	0.216786
7350	0.253664
7400	0.059615
7450	0.147685
7500	0.224133
7550	0.447664
7600	0.076034
7650	0.355211
7700	0.129288
7750	0.302215
7800	0.192991
7850	0.199047
7900	0.060512
7950	0.181604
8000	0.107374
8050	0.262369
8100	-0.074240
8150	0.446199
8200	0.363534
8250	0.325558
8300	0.055631
8350	0.053414
8400	0.217391
8450	0.323125
8500	0.291791
8550	0.081083
8600	0.447765
8650	0.514195
8700	0.234335
8750	0.045928
8800	0.243296
8850	0.276037
8900	0.108020
8950	0.153331
9000	0.358256
9050	0.431407
9100	0.393054
9150	0.144773
9200	0.282348
9250	0.234489
9300	0.213561
9350	0.229079
9400	0.195790
9450	0.364751
9500	0.266039
9550	0.228514
9600	0.420188
9650	0.426965
9700	0.388637
9750	0.152596
9800	0.202677
9850	0.084885
9900	0.222110
9950	0.202841
10000	0.099853
10050	0.086436
10100	0.000244
10150	0.040824
10200	0.287244
10250	0.384861
10300	0.188796
10350	0.033803
10400	0.089057
10450	0.250870
10500	0.191818
10550	0.154670
10600	0.210059
10650	0.184487
10700	0.001954
10750	0.168029
10800	0.142038
10850	0.374112
10900	0.242100
10950	0.154531
11000	0.301225
11050	0.122520
11100	0.265920
11150	0.137701
11200	0.049186
11250	0.248434
11300	0.060705
11350	0.244336
11400	0.223571
11450	0.097428
11500	-0.033964
11550	0.122188
11600	0.192764
11650	0.204096
11700	-0.094328
11750	0.257633
11800	0.259084
11850	0.301458
11900	0.069212
11950	0.348310
12000	0.014907
12050	0.520512
12100	0.146704
12150	0.275456
12200	0.157281
12250	0.279874
12300	0.036170
12350	0.248332
12400	0.260470
12450	0.254845
12500	0.029269
12550	0.357410
12600	0.300087
12650	0.147437
12700	0.235311
12750	0.271802
12800	0.131395
12850	0.170155
12900	0.151091
12950	0.171085
13000	0.118445
13050	0.306506
13100	0.223250
13150	0.477121
13200	0.320360
13250	0.275630
13300	0.320014
13350	0.269341
13400	-0.114280
13450	0.146926
13500	0.063859
13550	0.154271
13600	0.056290
13650	0.181758
13700	0.338537
13750	0.159743
13800	0.143835
13850	0.198988
13900	0.228535
13950	-0.043952
14000	-0.004075
14050	0.363460
14100	0.149649
14150	0.168816
14200	0.378050
14250	0.252637
14300	0.206794
14350	0.324442
14400	0.170914
14450	0.136459
14500	0.039605
14550	0.035756
14600	0.260857
14650	0.301994
14700	0.240673
14750	0.088657
14800	0.195347
14850	0.124202
14900	0.266340
14950	0.188001
15000	0.368822
15050	0.171317
15100	0.423850
15150	0.210507
15200	0.201552
15250	0.264389
15300	0.257744
15350	0.279287
15400	0.191917
15450	0.301491
15500	0.139944
15550	0.249655
15600	0.356162
15650	0.337597
15700	0.263587
15750	0.293122
15800	0.022454
15850	-0.149306
15900	0.390447
15950	0.342441
16000	0.186448
16050	0.397380
16100	0.305078
16150	0.394944
16200	0.408414
16250	0.172626
16300	0.131722
16350	0.228955
16400	0.120836
16450	0.099468
16500	0.227352
16550	0.141122
16600	0.289915
16650	0.096193
16700	0.138363
16750	0.232668
16800	0.119578
16850	0.156126
16900	0.132541
16950	0.383381
17000	0.387356
17050	0.022214
17100	0.370812
17150	0.182961
17200	0.271431
17250	0.237951
17300	0.374585
17350	0.167614
17400	0.165803
17450	0.194738
17500	0.292389
17550	0.288716
17600	-0.010897
17650	0.318778
17700	0.403681
17750	0.099250
17800	0.200168
17850	0.292404
17900	0.076910
17950	0.093659
18000	0.148194
18050	0.140036
18100	0.188294
18150	0.269897
18200	0.180573
18250	0.499670
18300	0.242692
18350	0.008669
18400	-0.010185
18450	0.188916
18500	0.092125
18550	0.299312
18600	0.098044
18650	0.145954
18700	0.083286
18750	0.164479
18800	0.273107
18850	0.126479
18900	0.453474
18950	0.363580
19000	0.285215
19050	0.089916
19100	0.148242
19150	0.123930
19200	-0.088615
19250	0.093737
19300	0.257380
19350	0.287003
19400	0.192278
19450	0.187849
19500	0.198966
19550	0.064688
19600	0.341194
19650	-0.125878
19700	0.068746
19750	-0.086611
19800	0.125637
19850	0.308966
19900	-0.113062
19950	0.205824
20000	-0.059672
20050	0.227899
20100	0.127434
20150	0.210073
20200	0.013630
20250	0.167359
20300	0.330553
20350	-0.029031
20400	0.026093
20450	0.269680
20500	0.173912
20550	0.091988
20600	0.308006
20650	0.224441
20700	0.155522
20750	0.330343
20800	0.256426
20850	0.327166
20900	0.244681
20950	0.330806
21000	0.125266
21050	0.126380
21100	0.383204
21150	-0.037921
21200	0.106811
21250	-0.015696
21300	0.250045
21350	0.143447
21400	0.231833
21450	0.238482
21500	0.130522
21550	0.203667
21600	0.114601
21650	0.172543
21700	0.130379
21750	-0.018592
21800	0.208216
21850	0.133078
21900	0.050604
21950	0.064331
22000	0.391172
22050	0.160652
22100	0.216927
22150	0.220272
22200	0.150409
22250	0.165695
22300	0.253560
22350	0.287860
22400	0.126800
22450	0.045374
22500	0.266900
22550	0.211565
22600	0.197959
22650	0.279779
22700	0.302446
22750	0.317150
22800	0.291408
22850	0.402679
22900	0.378134
22950	0.363044
23000	0.335660
23050	0.180886
23100	0.126716
23150	0.091154
23200	0.048908
23250	0.190774
23300	0.285029
23350	-0.120446
23400	0.023790
23450	0.226043
23500	0.204795
23550	0.375970
23600	0.051568
23650	0.300476
23700	0.278571
23750	0.002986
23800	0.056296
23850	0.328467
23900	0.239354
23950	0.474916
24000	0.221790
24050	0.369453
24100	0.067718
24150	0.047141
24200	0.195308
24250	-0.090996
24300	0.166536
24350	0.210168
24400	0.213841
24450	0.202378
24500	0.158234
24550	0.036507
24600	0.158206
24650	0.291880
24700	0.120595
24750	0.073019
24800	0.084433
24850	0.152986
24900	0.063000
24950	0.096052
25000	0.176231
25050	0.118445
25100	-0.132522
25150	0.102713
25200	0.066693
25250	0.045911
25300	0.200436
25350	0.176877
25400	0.114370
25450	0.000962
25500	0.066015
25550	0.044872
25600	0.235306
25650	0.117175
25700	0.032947
25750	0.056722
25800	0.259284
25850	0.240705
25900	0.243488
25950	0.400690
26000	0.011445
26050	0.348563
26100	0.082444
26150	0.144452
26200	0.224433
26250	0.012076
26300	-0.144755
26350	-0.175112
26400	0.208851
26450	0.168865
26500	0.078606
26550	0.405233
26600	0.212779
26650	0.175603
26700	0.088863
26750	0.209299
26800	0.161395
26850	-0.014479
26900	0.014207
26950	0.132462
27000	0.251297
27050	0.246261
27100	-0.013291
27150	0.316006
27200	0.234191
27250	0.411590
27300	0.224363
27350	0.113931
27400	0.247590
27450	0.300600
27500	0.280527
27550	0.117882
27600	0.320537
27650	0.047869
27700	0.080985
27750	0.276583
27800	0.282398
27850	0.362350
27900	0.147152
27950	0.240189
28000	0.266986
28050	0.207502
28100	0.501058
28150	0.268243
28200	0.174874
28250	0.394433
28300	0.380759
28350	-0.022358
28400	0.041054
28450	0.043994
28500	0.159687
28550	0.316258
28600	0.140372
28650	0.128943
28700	0.167564
28750	-0.020890
28800	0.113070
28850	0.120799
28900	0.058653
28950	0.244171
29000	0.345859
29050	0.184775
29100	0.220404
29150	0.097695
29200	0.220224
29250	-0.032355
29300	0.190938
29350	0.114079
29400	0.098955
29450	0.128330
29500	0.287206
29550	0.087548
29600	0.292457
29650	0.230101
29700	0.431627
29750	0.223935
29800	0.234703
29850	0.369745
29900	0.129160
29950	0.138246
30000	0.156134
30050	0.259898
30100	0.131862
30150	0.278913
30200	0.108606
30250	0.247043
30300	0.384351
30350	0.412898
30400	0.309950
30450	0.174847
30500	0.162111
30550	0.045187
30600	0.370593
30650	0.043236
30700	0.043264
30750	0.267467
30800	0.122811
30850	0.215871
30900	0.217098
30950	0.120497
31000	0.462029
31050	-0.088072
31100	0.128620
31150	0.076135
31200	0.198065
31250	0.095327
31300	0.155474
31350	0.205714
31400	0.266718
31450	0.110405
31500	0.246381
31550	0.122366
31600	0.031532
31650	0.164177
31700	0.548521
31750	0.112880
31800	-0.041677
31850	0.134137
31900	0.232050
31950	0.156123
32000	0.222610
32050	0.096505
32100	0.337102
32150	0.145469
32200	0.216124
32250	0.045844
32300	0.013385
32350	0.187952
32400	-0.036641
32450	0.229228
32500	0.238124
32550	0.290491
32600	0.007014
32650	0.228427
32700	0.079998
32750	0.137813
32800	0.257658
32850	0.285059
32900	0.207062
32950	0.228582
33000	0.217760
33050	0.069855
33100	0.234468
33150	0.128525
33200	0.305625
33250	0.313357
33300	0.083717
33350	0.036447
33400	0.308461
33450	0.017690
33500	-0.036351
33550	0.165445
33600	0.240776
33650	0.244192
33700	0.101933
33750	0.087434
33800	0.178954
33850	0.081140
33900	0.273734
33950	0.319328
34000	0.072531
34050	0.352157
34100	0.427662
34150	0.175362
34200	0.126694
34250	0.032527
34300	0.063214
34350	0.295430
34400	0.025215
34450	0.038639
34500	0.295899
34550	0.146795
34600	0.237184
34650	0.305099
34700	0.237049
34750	0.263838
34800	0.240719
34850	0.196491
34900	0.255099
34950	0.336692
35000	0.262593
35050	0.291088
35100	0.284648
35150	0.187358
35200	0.290736
35250	0.121816
35300	0.119830
35350	0.154812
35400	0.138122
35450	0.151536
35500	0.162756
35550	0.067436
35600	0.226795
35650	0.195505
35700	0.040233
35750	0.126218
35800	0.105278
35850	0.184367
35900	0.179367
35950	0.335235
36000	0.193703
36050	0.285269
36100	0.091598
36150	-0.057468
36200	0.182918
36250	-0.007348
36300	0.214193
36350	0.290203
36400	0.260240
36450	0.198031
36500	0.223702
36550	0.350495
36600	0.025030
36650	0.203379
36700	0.176361
36750	0.276073
36800	0.288390
36850	-0.057697
36900	0.250120
36950	0.017668
37000	-0.040832
37050	0.239656
37100	0.030345
37150	0.391891
37200	0.033837
37250	0.391955
37300	-0.046400
37350	0.131458
37400	0.406875
37450	0.205213
37500	0.315133
37550	0.187815
37600	0.144398
37650	0.343125
37700	0.291740
37750	0.407948
37800	0.447107
37850	0.234346
37900	0.252162
37950	0.325457
38000	0.100111
38050	0.474844
38100	0.163897
38150	0.306490
38200	0.275268
38250	0.142796
38300	-0.055103
38350	0.329595
38400	0.232255
38450	0.177183
38500	0.031514
38550	0.151407
38600	0.184899
38650	0.313092
38700	0.123950
38750	0.147765
38800	0.351370
38850	0.107423
38900	0.143433
38950	0.236433
39000	0.142010
39050	-0.014136
39100	-0.091800
39150	0.239493
39200	0.185879
39250	0.110569
39300	-0.009713
39350	0.405300
39400	0.261846
39450	0.311382
39500	0.125523
39550	0.237344
39600	0.296644
39650	0.243482
39700	0.238659
39750	0.272109
39800	0.089530
39850	0.384994
39900	0.365924
39950	0.199168
40000	0.048073
40050	0.523210
40100	0.333638
40150	0.162658
40200	-0.012706
40250	0.234649
40300	0.253265
40350	0.152076
40400	0.195984
40450	0.095565
40500	0.407335
40550	0.306356
40600	0.210436
40650	0.056216
40700	0.165802
40750	0.328172
40800	0.070140
40850	0.134776
40900	0.227394
40950	0.224951
41000	0.234372
41050	0.150022
41100	-0.079641
41150	0.336351
41200	0.295770
41250	0.057604
41300	0.410537
41350	0.144586
41400	0.091524
41450	0.281246
41500	0.017253
41550	0.355476
41600	0.320030
41650	0.177923
41700	0.132564
41750	-0.070610
41800	0.207306
41850	0.075579
41900	-0.059666
41950	0.112743
42000	0.228176
42050	0.103001
42100	0.178776
42150	0.157384
42200	0.059648
42250	0.300733
42300	0.189596
42350	-0.078939
42400	0.003571
42450	0.309557
42500	0.024553
42550	0.350305
42600	0.345009
42650	0.232296
42700	0.177078
42750	0.175515
42800	0.389330
42850	0.151725
42900	0.334187
42950	0.392482
43000	0.125141
43050	0.103012
43100	0.226388
43150	0.287538
43200	0.287600
43250	0.313838
43300	0.256937
43350	0.157164
43400	0.223748
43450	0.265992
43500	0.075792
43550	0.204377
43600	0.242737
43650	0.215799
43700	0.312856
43750	0.138713
43800	0.083033
43850	0.271949
43900	0.263950
43950	0.253077
44000	0.167444
44050	0.080625
44100	0.191765
44150	-0.053279
44200	0.341411
44250	0.271578
44300	0.379422
44350	0.223745
44400	0.338304
44450	0.288851
44500	0.186201
44550	-0.091642
44600	0.159661
44650	0.306724
44700	0.224558
44750	0.281906
44800	0.311682
44850	0.020920
44900	0.239064
44950	0.362995
45000	0.237862
45050	0.518201
45100	0.069625
45150	0.418546
45200	0.230821
45250	0.469107
45300	0.269993
45350	0.234562
45400	0.257044
45450	0.097721
45500	0.226334
45550	0.229348
45600	0.290851
45650	-0.044388
45700	0.290322
45750	0.316342
45800	0.038466
45850	0.323021
45900	0.177055
45950	0.498518
46000	0.039263
46050	0.380397
46100	0.330671
46150	0.311128
46200	0.195549
46250	0.313941
46300	0.226873
46350	0.302993
46400	0.359444
46450	0.031931
46500	0.619179
46550	0.215752
46600	0.118079
46650	0.330239
46700	0.431659
46750	0.416882
46800	0.287717
46850	0.174881
46900	0.316457
46950	0.167751
47000	0.221717
47050	0.068665
47100	0.215737
47150	0.289257
47200	0.300816
47250	0.340329
47300	0.403813
47350	0.500724
47400	0.375292
47450	0.117379
47500	0.225310
47550	0.199176
47600	0.301392
47650	0.270807
47700	0.219114
47750	0.082139
47800	0.315721
47850	0.163630
47900	0.160274
47950	0.333370
48000	0.202485
48050	0.373317
48100	0.142285
48150	0.265472
48200	-0.022108
48250	0.212023
48300	0.234643
48350	0.203872
48400	0.205906
48450	0.091963
48500	-0.007664
48550	0.251646
48600	-0.064830
48650	0.107720
48700	0.275998
48750	0.057875
48800	0.378741
48850	0.105291
48900	0.217234
48950	0.170428
49000	0.124744
49050	0.141562
49100	0.116480
49150	0.031328
49200	0.139724
49250	0.174401
49300	0.014667
49350	0.042187
49400	0.254080
49450	0.237015
49500	-0.056189
49550	0.112970
49600	0.022000
49650	0.025480
49700	0.168913
49750	0.307766
49800	0.119873
49850	0.227743
49900	0.241472
49950	0.143343
50000	0.216562
50050	0.252725
50100	0.207843
50150	0.200073
50200	0.137289
50250	0.057755
50300	0.223200
50350	0.311978
50400	-0.068621
50450	0.116665
50500	0.271854
50550	0.067665
50600	0.221167
50650	0.191205
50700	0.038138
50750	-0.108295
50800	0.101256
50850	0.234266
50900	0.200770
50950	0.114030
51000	0.135577
51050	0.101291
51100	0.097647
51150	0.194169
51200	0.002252
51250	0.176191
51300	0.119973
51350	0.255569
51400	0.366606
51450	0.340726
51500	0.284960
51550	0.228728
51600	0.378608
51650	0.110149
51700	0.127209
51750	0.130748
51800	0.077144
51850	0.209588
51900	0.091993
51950	0.350131
52000	0.160729
52050	0.325167
52100	0.027636
52150	0.175762
52200	0.022978
52250	0.259670
52300	0.193549
52350	0.218025
52400	0.155471
52450	0.101676
52500	0.208511
52550	-0.055940
52600	0.187344
52650	0.313748
52700	0.326333
52750	0.263540
52800	0.512294
52850	0.195729
52900	0.046960
52950	0.364976
53000	0.194132
53050	0.109981
53100	0.253596
53150	0.158239
53200	0.135981
53250	0.055667
53300	0.336807
53350	0.200142
53400	0.457557
53450	0.252954
53500	0.083648
53550	0.113407
53600	0.270396
53650	0.245177
53700	0.003067
53750	0.006309
53800	0.104082
53850	0.250016
53900	0.412878
53950	0.083956
54000	-0.154400
54050	0.047133
54100	0.172821
54150	0.114564
54200	0.369170
54250	-0.026236
54300	-0.041821
54350	0.283623
54400	0.127784
54450	-0.198610
54500	0.185377
54550	0.109851
54600	0.271242
54650	0.039302
54700	0.302016
54750	0.203468
54800	0.148971
54850	0.075789
54900	0.242528
54950	0.199225
55000	0.011599
55050	0.413206
55100	0.316415
55150	0.199736
55200	0.174676
55250	0.183603
55300	0.117632
55350	0.087860
55400	0.218325
55450	-0.078818
55500	0.074347
55550	0.279621
55600	0.021466
55650	0.083717
55700	0.133145
55750	0.120741
55800	0.078956
55850	0.180097
55900	0.249293
55950	-0.020760
56000	0.300713
56050	0.404316
56100	0.103711
56150	-0.045618
56200	0.065576
56250	0.071181
56300	0.247925
56350	0.081973
56400	-0.093803
56450	0.185085
56500	0.138285
56550	0.144373
56600	-0.082213
56650	0.222705
56700	0.066971
56750	0.269330
56800	0.188429
56850	0.077926
56900	0.358190
56950	0.306821
57000	0.155063
57050	0.070205
57100	0.220244
57150	0.395204
57200	0.210266
57250	0.209769
57300	0.231993
57350	0.235426
57400	0.237045
57450	0.120247
57500	0.065751
57550	0.178352
57600	-0.008833
57650	0.233597
57700	0.245035
57750	0.260886
57800	0.131845
57850	0.063880
57900	-0.089157
57950	0.342407
58000	0.266473
58050	0.227988
58100	0.165446
58150	0.171695
58200	0.257066
58250	0.004797
58300	0.091467
58350	0.195349
58400	0.199669
58450	-0.147494
58500	0.086170
58550	0.213612
58600	0.025645
58650	-0.059639
58700	0.296056
58750	0.129969
58800	0.018581
58850	-0.031514
58900	0.065416
58950	0.232470
59000	0.037183
59050	0.205155
59100	0.304350
59150	0.276347
59200	0.212793
59250	0.171042
59300	0.304928
59350	0.054809
59400	0.265211
59450	0.275306
59500	0.212849
59550	0.230647
59600	0.144202
59650	0.324823
59700	0.230205
59750	0.049544
59800	0.364362
59850	0.093172
59900	-0.011604
59950	0.258692
60000	0.401078
60050	0.041847
60100	0.074479
60150	0.247405
60200	0.053842
60250	0.327657
60300	0.126630
60350	0.214286
60400	0.445471
60450	0.180016
60500	-0.103722
60550	0.220316
60600	0.128861
60650	0.019580
60700	0.378368
60750	0.256511
60800	0.209791
60850	0.254399
60900	0.040181
60950	-0.010586
61000	0.341616
61050	0.361282
61100	0.180589
61150	0.386634
61200	-0.052010
61250	0.190569
61300	0.026373
61350	0.065655
61400	0.198324
61450	0.307007
61500	0.097388
61550	0.052920
61600	0.247621
61650	0.135717
61700	0.066861
61750	0.246928
61800	-0.101913
61850	0.112801
61900	0.119260
61950	0.275168
62000	0.196586
62050	0.414469
62100	0.469554
62150	-0.062967
62200	0.338253
62250	0.475742
62300	0.287220
62350	0.246700
62400	0.206231
62450	-0.225945
62500	0.117922
62550	0.265276
62600	-0.038735
62650	0.119958
62700	-0.128011
62750	0.055672
62800	0.155850
62850	0.222816
62900	0.243688
62950	0.215467
63000	0.119191
63050	0.168641
63100	0.401946
63150	0.265716
63200	0.213514
63250	0.360464
63300	0.448019
63350	0.203608
63400	0.250298
63450	0.131874
63500	0.118345
63550	0.193432
63600	0.265680
63650	0.084455
63700	0.255816
63750	-0.021881
63800	0.166360
63850	-0.105097
63900	0.295608
63950	0.108981
64000	0.297564
64050	0.081173
64100	0.153588
64150	0.218180
64200	0.235535
64250	0.118636
64300	-0.117377
64350	0.267545
64400	0.146032
64450	0.092682
64500	0.253524
64550	0.275163
64600	0.364582
64650	0.170565
64700	0.308632
64750	0.220702
64800	0.195769
64850	0.201110
64900	0.426978
64950	0.305256
65000	0.266157
65050	0.129812
65100	0.150034
65150	0.188861
65200	0.067603
65250	0.080041
65300	0.107252
65350	0.109848
65400	0.287731
65450	0.129530
65500	0.253402
65550	0.155679
65600	0.363052
65650	0.066643
65700	0.276638
65750	0.062992
65800	0.165509
65850	0.224440
65900	0.068788
65950	0.229528
66000	0.249159
66050	-0.155538
66100	0.083348
66150	0.185082
66200	0.360710
66250	0.077290
66300	0.003521
66350	0.327406
66400	0.318834
66450	0.286139
66500	0.047229
66550	0.226977
66600	0.085188
66650	0.203891
66700	0.166343
66750	0.102433
66800	-0.017764
66850	0.195669
66900	0.241173
66950	0.102740
67000	0.214435
67050	0.079463
67100	0.115616
67150	0.092438
67200	0.164353
67250	0.010535
67300	0.023407
67350	0.361781
67400	0.121985
67450	0.013506
67500	0.258028
67550	0.249882
67600	0.173135
67650	-0.001569
67700	0.123828
67750	0.378885
67800	0.367987
67850	0.190951
67900	0.100455
67950	0.301616
68000	0.327809
68050	0.044028
68100	0.085844
68150	0.078618
68200	0.411036
68250	-0.024361
68300	0.118698
68350	0.166783
68400	0.432358
68450	-0.120058
68500	0.153921
68550	0.373563
68600	0.255235
68650	-0.003591
68700	0.289239
68750	0.409427
68800	0.136215
68850	0.003730
68900	0.126947
68950	0.172866
69000	0.206106
69050	0.159619
69100	0.082135
69150	0.038808
69200	0.147110
69250	0.246433
69300	0.195655
69350	0.144888
69400	0.172040
69450	0.401398
69500	0.167980
69550	0.276125
69600	0.344240
69650	0.140950
69700	0.302852
69750	0.147954
69800	0.497997
69850	0.016706
69900	0.265305
69950	0.102861
70000	0.177184
70050	0.036691
70100	0.152101
70150	0.085554
70200	0.353564
70250	0.498203
70300	0.184903
70350	0.140667
70400	0.160531
70450	0.217210
70500	0.348130
70550	0.264911
70600	0.283686
70650	0.281297
70700	0.236864
70750	0.398197
70800	0.204541
70850	0.094203
70900	0.088857
70950	0.170218
71000	0.253859
71050	0.209533
71100	0.267944
71150	-0.064628
71200	0.153819
71250	0.138206
71300	0.057523
71350	0.052235
71400	0.121701
71450	0.177577
71500	0.183569
71550	0.196701
71600	0.213084
71650	0.116820
71700	0.299131
71750	0.292741
71800	-0.004784
71850	0.150025
71900	0.110441
71950	0.144408
72000	0.254138
72050	0.261460
72100	0.134504
72150	0.540219
72200	0.187326
72250	0.212677
72300	0.360304
72350	0.089131
72400	0.114881
72450	0.254331
72500	0.032387
72550	0.255318
72600	0.250016
72650	0.205761
72700	0.096480
72750	0.297048
72800	0.262204
72850	0.309397
72900	0.176471
72950	0.226988
73000	0.282078
73050	0.205110
73100	0.198204
73150	-0.047587
73200	0.175062
73250	0.064208
73300	0.171754
73350	0.278741
73400	0.105337
73450	0.351119
73500	0.139159
73550	0.066689
73600	0.165885
73650	0.181765
73700	0.269206
73750	0.223059
73800	0.081904
73850	0.179118
73900	0.041775
73950	-0.081792
74000	0.074129
74050	0.245056
74100	0.220127
74150	0.067703
74200	0.491708
74250	0.331780
74300	0.322242
74350	0.156768
74400	0.295552
74450	0.058383
74500	0.308738
74550	0.031172
74600	0.346528
74650	0.146728
74700	0.324497
74750	0.154108
74800	0.121207
74850	0.175617
74900	-0.032838
74950	0.032704
75000	0.156451
75050	0.023568
75100	0.270133
75150	0.149137
75200	0.361994
75250	0.138836
75300	0.315006
75350	-0.027870
75400	0.125276
75450	0.254033
75500	0.231653
75550	-0.005551
75600	-0.118018
75650	0.176748
75700	0.151494
75750	0.346308
75800	0.289901
75850	0.234353
75900	0.280560
75950	0.217446
76000	0.052213
76050	0.295800
76100	0.008904
76150	0.325554
76200	0.018391
76250	0.310485
76300	0.397530
76350	0.419490
76400	0.065235
76450	0.014134
76500	0.173020
76550	0.250348
76600	0.160962
76650	0.116623
76700	0.165073
76750	0.329870
76800	0.263929
76850	0.014963
76900	0.082450
76950	0.000306
77000	0.062898
77050	0.169503
77100	0.414854
77150	0.135854
77200	0.026391
77250	0.093882
77300	0.424283
77350	0.364401
77400	0.333345
77450	0.200088
77500	0.302864
77550	0.132620
77600	0.169983
77650	0.306871
77700	-0.118303
77750	0.361989
77800	0.053012
77850	0.076553
77900	0.152390
77950	0.030951
78000	0.242372
78050	0.296558
78100	0.141670
78150	-0.037163
78200	0.475533
78250	0.406956
78300	0.215827
78350	0.442527
78400	0.314106
78450	0.312011
78500	0.145118
78550	0.258409
78600	0.161572
78650	0.120769
78700	0.084342
78750	0.192645
78800	0.235814
78850	0.154612
78900	0.313682
78950	0.265576
79000	0.004073
79050	0.433748
79100	0.285545
79150	0.253434
79200	0.146381
79250	0.296421
79300	0.426970
79350	0.057822
79400	0.229507
79450	0.132168
79500	0.062958
79550	0.291143
79600	0.191195
79650	0.079689
79700	0.158125
79750	-0.032218
79800	0.124321
79850	0.091604
79900	0.286686
79950	0.304155
80000	0.519333
80050	0.293780
80100	0.273738
80150	0.193509
80200	0.306399
80250	-0.041010
80300	0.308584
80350	0.198862
80400	-0.066493
80450	0.282650
80500	0.079781
80550	0.382909
80600	0.196774
80650	0.276015
80700	0.204735
80750	0.143050
80800	0.283296
80850	0.358158
80900	0.312399
80950	0.221815
81000	0.087763
81050	-0.042071
81100	0.173805
81150	0.291927
81200	-0.092182
81250	0.285710
81300	0.128274
81350	0.259753
81400	0.101247
81450	0.167328
81500	0.072318
81550	0.156511
81600	0.104711
81650	0.268745
81700	0.058449
81750	0.367238
81800	0.297590
81850	0.060919
81900	0.282548
81950	0.372975
82000	0.113361
82050	0.180989
82100	0.295237
82150	-0.000805
82200	0.129885
82250	0.213102
82300	0.138645
82350	0.510545
82400	0.399613
82450	0.212172
82500	0.064781
82550	0.106978
82600	0.323765
82650	0.324889
82700	0.108830
82750	0.222391
82800	0.310745
82850	0.402426
82900	0.129886
82950	0.189019
83000	0.128271
83050	0.231206
83100	0.399750
83150	0.161653
83200	0.284541
83250	0.386078
83300	0.107145
83350	0.136070
83400	0.175197
83450	0.262977
83500	0.203964
83550	0.317657
83600	0.347847
83650	0.046744
83700	0.243269
83750	0.076677
83800	-0.061027
83850	0.293919
83900	0.123853
83950	0.056122
84000	0.182993
84050	0.277072
84100	0.150614
84150	-0.079018
84200	0.023477
84250	0.189676
84300	0.285494
84350	0.044915
84400	0.117267
84450	0.281152
84500	0.180841
84550	0.074051
84600	0.164223
84650	0.060627
84700	0.384415
84750	0.150640
84800	0.147604
84850	0.307265
84900	0.196373
84950	0.169845
85000	0.056753
85050	0.137522
85100	0.107564
85150	0.151198
85200	0.333886
85250	0.223372
85300	0.265904
85350	0.217007
85400	0.365065
85450	0.024252
85500	0.110400
85550	0.054308
85600	0.222462
85650	0.402327
85700	0.114884
85750	0.223337
85800	0.295237
85850	0.182946
85900	0.186414
85950	0.205890
86000	0.155842
86050	0.006455
86100	0.177723
86150	0.193654
86200	0.093781
86250	0.379554
86300	0.148269
86350	0.120312
86400	0.083753
86450	0.069730
86500	0.008860
86550	0.130165
86600	0.219292
86650	0.362216
86700	0.134041
86750	0.236653
86800	0.242042
86850	0.039004
86900	0.214837
86950	0.555337
87000	0.062878
87050	0.263013
87100	0.236479
87150	0.127336
87200	0.232568
87250	0.367707
87300	0.277161
87350	0.347518
87400	0.306208
87450	0.126573
87500	0.288011
87550	0.053277
87600	0.319672
87650	0.103412
87700	0.367429
87750	0.124013
87800	0.086120
87850	0.221410
87900	0.478713
87950	-0.004893
88000	0.271979
88050	-0.040865
88100	0.173223
88150	-0.046022
88200	0.384371
88250	-0.010853
88300	0.220326
88350	0.107924
88400	0.216537
88450	0.185189
88500	0.535206
88550	0.335134
88600	0.194158
88650	0.286688
88700	0.359378
88750	0.147561
88800	0.139727
88850	0.331793
88900	0.412224
88950	0.094300
89000	0.126479
89050	0.003438
89100	0.093912
89150	0.218955
89200	0.039545
89250	-0.042867
89300	0.468522
89350	-0.003577
89400	0.067307
89450	0.115619
89500	0.277537
89550	-0.067725
89600	0.226334
89650	-0.212982
89700	0.105590
89750	0.142091
89800	-0.023595
89850	0.134891
89900	0.404212
89950	0.446959
90000	0.232856
90050	0.361699
90100	0.071424
90150	0.280623
90200	0.146531
90250	0.141509
90300	0.172006
90350	0.226735
90400	0.320602
90450	0.048440
90500	0.106802
90550	0.373741
90600	0.106048
90650	-0.025031
90700	0.079596
90750	0.229107
90800	0.257314
90850	0.219257
90900	-0.123980
90950	0.031245
91000	0.197321
91050	0.196830
91100	0.268071
91150	0.475520
91200	0.331554
91250	0.164069
91300	0.146842
91350	0.331238
91400	0.273355
91450	0.225843
91500	0.262090
91550	0.326714
91600	0.099162
91650	0.262025
91700	0.287435
91750	0.135154
91800	0.335289
91850	0.179200
91900	0.296505
91950	0.163053
92000	0.250649
92050	0.144294
92100	0.079225
92150	0.138497
92200	0.156839
92250	0.163573
92300	0.368671
92350	0.420443
92400	0.312994
92450	0.035473
92500	0.007974
92550	0.223103
92600	0.247870
92650	0.292756
92700	0.354731
92750	0.310291
92800	0.159001
92850	0.244971
92900	0.157755
92950	0.124441
93000	0.054894
93050	0.164952
93100	0.243513
93150	0.178761
93200	0.092021
93250	0.077129
93300	0.036543
93350	0.153625
93400	0.162216
93450	0.123449
93500	0.184099
93550	0.115535
93600	0.102437
93650	0.204270
93700	0.099142
93750	0.054219
93800	-0.166974
93850	0.127172
93900	0.166261
93950	0.301743
94000	0.037390
94050	0.100610
94100	0.099081
94150	0.097414
94200	0.239002
94250	0.122750
94300	-0.062290
94350	0.322821
94400	-0.015212
94450	0.093357
94500	0.344229
94550	0.005722
94600	0.207873
94650	0.146955
94700	0.252817
94750	0.363984
94800	0.280984
94850	0.172221
94900	-0.001789
94950	-0.081316
95000	0.326161
95050	0.155977
95100	0.334473
95150	0.221841
95200	0.211895
95250	0.127375
95300	0.147350
95350	0.217836
95400	0.227757
95450	-0.231172
95500	0.072165
95550	-0.087952
95600	0.085213
95650	0.079211
95700	0.178028
95750	0.225285
95800	0.222329
95850	0.318504
95900	0.085083
95950	0.071267
96000	0.027696
96050	0.230491
96100	0.124844
96150	0.190407
96200	0.042101
96250	0.081970
96300	0.149432
96350	0.077094
96400	-0.103832
96450	0.168701
96500	0.219396
96550	0.118618
96600	-0.085030
96650	0.250581
96700	0.151653
96750	0.212098
96800	0.298660
96850	0.368997
96900	0.217203
96950	0.241791
97000	0.122582
97050	0.069190
97100	0.288877
97150	0.355207
97200	0.189203
97250	0.342491
97300	0.077087
97350	-0.165255
97400	0.090267
97450	0.286698
97500	0.302449
97550	0.062920
97600	0.094957
97650	0.230104
97700	0.138851
97750	0.261072
97800	0.366735
97850	0.097799
97900	0.181093
97950	0.066090
98000	0.044244
98050	0.200260
98100	0.425025
98150	0.014097
98200	0.181224
98250	0.165588
98300	0.224242
98350	0.155240
98400	0.214342
98450	-0.160572
98500	-0.144908
98550	0.091908
98600	-0.042707
98650	0.250595
98700	0.082644
98750	-0.138994
98800	0.257227
98850	0.336884
98900	0.260148
98950	0.442211
99000	0.237567
99050	0.235657
99100	0.236594
99150	-0.002933
99200	0.190609
99250	0.189818
99300	0.242528
99350	0.256303
99400	0.301820
99450	0.172884
99500	-0.039453
99550	0.448454
99600	0.017005
99650	0.337121
99700	0.237781
99750	0.149456
99800	-0.105296
99850	0.104786
99900	-0.213219
99950	0.348680
100000	0.227765
100050	0.094128
100100	0.223093
100150	0.245058
100200	0.398118
100250	0.352979
100300	0.075184
100350	0.223048
100400	0.327405
100450	0.204574
100500	0.138413
100550	0.397005
100600	0.386755
100650	0.334996
100700	0.355113
100750	0.257320
100800	0.362064
100850	0.086524
100900	0.112097
100950	0.333966
101000	0.238417
101050	0.277808
101100	0.225881
101150	0.077765
101200	-0.009796
101250	0.390317
101300	0.265735
101350	0.060347
101400	0.219146
101450	0.127846
101500	0.139784
101550	-0.055475
101600	0.204949
101650	0.032934
101700	0.385237
101750	0.248561
101800	0.111918
101850	0.196666
101900	0.097069
101950	0.314762
102000	0.052153
102050	0.032405
102100	0.296970
102150	0.147473
102200	0.222108
102250	0.279175
102300	0.398735
102350	0.247266
102400	0.159417
102450	0.138007
102500	0.207370
102550	0.147535
102600	0.207725
102650	0.103434
102700	0.151499
102750	0.035227
102800	0.410754
102850	0.228943
102900	0.179957
102950	0.241906
103000	0.203191
103050	0.164661
103100	0.029607
103150	0.109430
103200	0.013592
103250	0.101937
103300	0.050368
103350	0.039951
103400	0.137007
103450	-0.101656
103500	0.153727
103550	0.247194
103600	-0.108614
103650	0.168679
103700	-0.190556
103750	0.006184
103800	0.172142
103850	0.167952
103900	0.180211
103950	0.219002
104000	0.152760
104050	0.044022
104100	0.001470
104150	0.215340
104200	0.048886
104250	0.237045
104300	0.095633
104350	0.125350
104400	0.253198
104450	0.417913
104500	0.192930
104550	-0.003854
104600	0.158375
104650	0.296162
104700	0.318387
104750	0.236670
104800	0.201687
104850	0.034620
104900	0.118991
104950	0.179865
105000	0.289036
105050	0.115271
105100	0.018180
105150	-0.025649
105200	0.014915
105250	-0.092918
105300	0.175193
105350	0.155552
105400	0.267553
105450	0.444267
105500	0.078235
105550	0.130621
105600	0.218412
105650	0.165136
105700	0.048786
105750	0.201561
105800	0.398926
105850	0.106432
105900	0.180832
105950	0.123492
106000	0.158091
106050	0.114711
106100	0.570442
106150	0.070752
106200	0.202643
106250	0.455344
106300	0.358197
106350	0.225726
106400	0.298235
106450	0.136104
106500	0.313267
106550	0.111339
106600	0.038218
106650	-0.065416
106700	0.009522
106750	0.391861
106800	0.032741
106850	-0.061877
106900	0.224001
106950	0.124975
107000	0.262533
107050	0.214167
107100	0.385102
107150	0.324476
107200	0.247888
107250	0.292746
107300	-0.082350
107350	-0.102961
107400	0.233088
107450	0.233211
107500	0.155297
107550	0.005712
107600	0.169288
107650	0.151980
107700	0.000052
107750	0.236392
107800	0.248703
107850	0.355228
107900	0.223389
107950	0.169341
108000	0.297454
108050	0.045487
108100	0.186206
108150	0.193162
108200	0.251108
108250	0.345499
108300	0.337609
108350	0.130816
108400	0.084001
108450	0.157586
108500	0.013891
108550	0.225357
108600	0.259579
108650	0.407209
108700	0.180343
108750	-0.011320
108800	-0.067143
108850	-0.037720
108900	0.113241
108950	-0.025912
109000	-0.006172
109050	0.071015
109100	0.056465
109150	0.190144
109200	0.256405
109250	0.380845
109300	0.061416
109350	0.442479
109400	0.267286
109450	0.072425
109500	0.277291
109550	0.243030
109600	0.134879
109650	0.253237
109700	0.173399
109750	0.242579
109800	0.031267
109850	0.289965
109900	0.302798
109950	0.379910
110000	-0.114368
110050	0.004453
110100	0.253173
110150	0.007358
110200	0.134733
110250	0.322125
110300	0.150472
110350	-0.047482
110400	0.056443
110450	0.161222
110500	0.162523
110550	0.084771
110600	0.079120
110650	0.193291
110700	0.208814
110750	0.121113
110800	0.257550
110850	0.137273
110900	0.044910
110950	0.206979
111000	0.423784
111050	0.101255
111100	0.163978
111150	0.235779
111200	0.044494
111250	-0.007642
111300	0.093915
111350	0.128232
111400	0.185203
111450	0.063492
111500	0.382458
111550	0.056285
111600	0.075631
111650	0.106887
111700	0.094142
111750	0.229599
111800	0.378509
111850	0.081030
111900	0.099982
111950	0.215424
112000	0.244097
112050	0.256118
112100	0.197163
112150	0.094793
112200	0.115582
112250	0.145717
112300	0.218306
112350	0.211064
112400	0.230910
112450	0.054827
112500	0.076822
112550	0.122553
112600	-0.023235
112650	0.119426
112700	0.132336
112750	0.295738
112800	-0.064950
112850	0.263767
112900	0.286321
112950	0.223932
113000	0.338465
113050	0.343183
113100	-0.054154
113150	0.120967
113200	-0.001306
113250	0.297589
113300	0.218974
113350	0.106282
113400	0.182155
113450	0.429455
113500	0.061458
113550	0.249139
113600	0.239398
113650	0.303557
113700	0.184585
113750	0.301422
113800	0.136273
113850	0.238740
113900	0.137201
113950	0.138959
114000	0.049835
114050	0.198899
114100	-0.036954
114150	0.176783
114200	0.083884
114250	0.144367
114300	0.125130
114350	0.226208
114400	0.168618
114450	-0.072834
114500	0.206937
114550	0.313098
114600	0.303502
114650	0.311086
114700	0.196835
114750	0.205337
114800	0.387511
114850	0.191811
114900	0.205596
114950	0.104945
115000	-0.046738
115050	0.097378
115100	0.106984
115150	-0.002599
115200	0.134412
115250	0.232433
115300	0.060884
115350	0.346692
115400	0.021699
115450	0.213343
115500	0.032175
115550	0.333798
115600	0.183695
115650	0.282485
115700	0.063918
115750	-0.082125
115800	-0.013650
115850	0.028879
115900	0.238120
115950	0.130494
116000	-0.046860
116050	0.316474
116100	0.070837
116150	0.012997
116200	0.231240
116250	0.085989
116300	0.189665
116350	0.307237
116400	0.134881
116450	0.269815
116500	0.330238
116550	0.228134
116600	0.308362
116650	0.173038
116700	0.081421
116750	-0.041616
116800	0.303945
116850	0.306568
116900	0.130182
116950	0.123463
117000	0.167883
117050	0.098568
117100	0.206986
117150	0.348564
117200	0.070139
117250	0.150877
117300	-0.012475
117350	0.244380
117400	0.182732
117450	-0.109789
117500	0.144375
117550	0.081823
117600	0.308015
117650	0.336215
117700	0.423648
117750	0.138557
117800	0.053439
117850	0.063605
117900	0.417093
117950	0.083331
118000	0.166694
118050	0.363108
118100	0.132139
118150	0.326238
118200	0.038976
118250	0.192366
118300	0.136562
118350	0.248276
118400	0.252862
118450	0.085532
118500	0.159030
118550	0.314892
118600	0.197563
118650	0.321289
118700	-0.028704
118750	0.175953
118800	0.117002
118850	0.115680
118900	0.052227
118950	0.236052
119000	0.267339
119050	-0.035653
119100	0.077294
119150	0.227309
119200	0.068770
119250	-0.114146
119300	0.076578
119350	0.170055
119400	-0.026774
119450	0.400675
119500	0.381084
119550	0.285592
119600	0.160399
119650	0.268621
119700	0.067779
119750	0.182448
119800	0.320486
119850	-0.003139
119900	0.094474
119950	0.236980
120000	-0.034501
120050	0.276078
120100	0.147001
120150	-0.027001
120200	0.270072
120250	0.187029
120300	0.247423
120350	0.091282
120400	0.207261
120450	-0.000680
120500	0.298231
120550	0.284506
120600	0.173246
120650	0.049756
120700	0.125490
120750	0.146059
120800	0.125768
120850	0.279940
120900	-0.087256
120950	0.250672
121000	0.233125
121050	0.131135
121100	0.133236
121150	0.047855
121200	0.097243
121250	0.160544
121300	0.145800
121350	0.020468
121400	0.058394
121450	0.032323
121500	0.347513
121550	0.287849
121600	0.172399
121650	0.204545
121700	0.283778
121750	0.334866
121800	0.240936
121850	0.061757
121900	0.405923
121950	0.310160
122000	0.121995
122050	0.157901
122100	0.328633
122150	0.128683
122200	0.046598
122250	-0.005872
122300	0.390832
122350	0.196459
122400	0.316682
122450	0.152481
122500	0.323830
122550	0.267228
122600	-0.045350
122650	0.058499
122700	0.031031
122750	0.155982
122800	0.271809
122850	0.114322
122900	0.209402
122950	0.000560
123000	0.088873
123050	-0.011224
123100	0.413035
123150	0.275288
123200	-0.052954
123250	0.295412
123300	0.122506
123350	0.187972
123400	0.215835
123450	-0.049940
123500	0.138103
123550	-0.073097
123600	0.093778
123650	0.491232
123700	0.391603
123750	0.071529
123800	0.319488
123850	0.210735
123900	0.108928
123950	0.234907
124000	0.209739
124050	0.031429
124100	-0.052709
124150	0.112304
124200	0.350163
124250	-0.066804
124300	0.316699
124350	0.091720
124400	0.377076
124450	0.084002
124500	0.329079
124550	0.161144
124600	0.419360
124650	0.226843
124700	-0.098820
124750	0.235222
124800	0.185039
124850	0.073606
124900	0.243500
124950	0.239822
125000	0.243042
125050	0.125952
125100	0.203339
125150	0.182511
125200	0.205486
125250	0.263292
125300	0.176863
125350	-0.093210
125400	0.029258
125450	-0.031561
125500	0.207696
125550	0.240101
125600	0.113364
125650	0.130657
125700	-0.116053
125750	-0.061170
125800	0.163421
125850	0.065774
125900	0.166271
125950	0.040478
126000	0.248700
126050	0.170548
126100	0.121323
126150	0.330634
126200	0.305798
126250	0.181427
126300	0.227105
126350	0.108366
126400	0.221455
126450	0.042006
126500	0.162132
126550	0.277110
126600	0.171350
126650	0.232333
126700	0.128550
126750	0.194925
126800	0.105168
126850	0.078179
126900	0.341195
126950	0.166399
127000	0.250905
127050	0.175061
127100	0.176075
127150	0.567845
127200	0.392449
127250	0.094171
127300	0.370178
127350	0.348363
127400	0.143387
127450	0.106816
127500	0.141607
127550	0.061637
127600	0.251338
127650	0.385180
127700	0.284596
127750	0.326769
127800	0.133733
127850	0.144885
127900	0.073716
127950	0.199704
128000	0.078074
128050	0.097197
128100	0.287831
128150	0.230153
128200	0.291937
128250	0.088217
128300	0.188349
128350	0.172805
128400	0.121650
128450	0.210311
128500	0.197614
128550	0.113123
128600	0.331627
128650	0.242915
128700	0.132650
128750	0.252584
128800	0.138599
128850	0.024136
128900	0.112619
128950	0.115904
129000	0.070442
129050	0.045210
129100	0.111505
129150	0.189601
129200	0.020150
129250	0.311163
129300	0.238311
129350	0.166653
129400	-0.125930
129450	0.169758
129500	0.365807
129550	0.313226
129600	0.205705
129650	0.189557
129700	0.138711
129750	0.119435
129800	0.015452
129850	0.032611
129900	0.193540
129950	0.038803
130000	0.208058
130050	0.294702
130100	-0.036932
130150	0.355680
130200	0.501567
130250	0.259022
130300	0.301277
130350	0.435092
130400	0.131249
130450	0.243610
130500	0.267854
130550	0.158786
130600	0.348731
130650	0.292329
130700	0.140841
130750	0.085672
130800	0.249384
130850	0.037915
130900	0.310916
130950	0.057732
131000	0.336322
131050	0.286416
131100	-0.127536
131150	0.401116
131200	0.183913
131250	0.223989
131300	0.065092
131350	-0.070607
131400	0.234297
131450	0.067633
131500	0.103678
131550	0.065125
131600	0.174172
131650	0.011058
131700	0.427447
131750	0.110404
131800	0.379778
131850	0.428897
131900	0.227758
131950	0.303889
132000	-0.019157
132050	0.106450
132100	0.287528
132150	0.202879
132200	0.273016
132250	0.270974
132300	0.114149
132350	0.170714
132400	-0.123920
132450	0.182380
132500	0.022112
132550	0.274841
132600	-0.004092
132650	0.141067
132700	0.069945
132750	0.100442
132800	0.360385
132850	0.228271
132900	0.003493
132950	0.089130
133000	0.227521
133050	0.224176
133100	0.037908
133150	0.197436
133200	0.109105
133250	0.016121
133300	0.281915
133350	0.119161
133400	0.270450
133450	0.404891
133500	0.392058
133550	0.164928
133600	0.404002
133650	0.126792
133700	0.101435
133750	0.075846
133800	0.117629
133850	0.021654
133900	0.024576
133950	0.118157
134000	0.250155
134050	0.332840
134100	0.305566
134150	0.176900
134200	0.128406
134250	0.139067
134300	0.173803
134350	0.106998
134400	0.404951
134450	0.089992
134500	0.478925
134550	0.146375
134600	0.251666
134650	0.197765
134700	0.353986
134750	0.254787
134800	0.347824
134850	0.060686
134900	0.204641
134950	-0.063691
135000	0.247287
135050	0.137177
135100	0.345809
135150	0.398459
135200	0.242683
135250	0.323033
135300	0.344248
135350	0.267568
135400	0.264011
135450	0.182687
135500	0.116434
135550	0.124955
135600	0.154152
135650	0.217962
135700	0.371455
135750	0.506881
135800	0.193173
135850	0.367455
135900	0.273610
135950	0.196077
136000	0.139163
136050	0.270844
136100	0.179312
136150	0.305541
136200	0.146846
136250	0.103131
136300	0.053994
136350	0.107196
136400	0.337433
136450	0.361600
136500	0.099360
136550	0.385158
136600	0.180014
136650	0.117944
136700	0.250325
136750	0.030104
136800	0.155070
136850	-0.016519
136900	0.192645
136950	0.395087
137000	0.263210
137050	0.143682
137100	0.286745
137150	0.332449
137200	0.175029
137250	0.099445
137300	0.252290
137350	0.088201
137400	0.090195
137450	0.223515
137500	-0.007392
137550	0.209985
137600	0.309991
137650	0.293855
137700	0.075934
137750	0.389561
137800	0.385243
137850	0.236597
137900	0.173921
137950	0.013601
138000	0.356984
138050	0.049912
138100	0.064119
138150	0.381489
138200	0.351787
138250	0.135382
138300	0.298391
138350	0.193653
138400	0.145784
138450	0.236811
138500	0.275836
138550	-0.023050
138600	0.114757
138650	0.013182
138700	0.221775
138750	0.179898
138800	0.140120
138850	0.082534
138900	0.054075
138950	0.274563
139000	0.323467
139050	0.017879
139100	0.121653
139150	0.035922
139200	0.198461
139250	0.365235
139300	-0.072909
139350	-0.065287
139400	-0.026407
139450	-0.005900
139500	0.356293
139550	0.051460
139600	0.058019
139650	0.260345
139700	0.175699
139750	0.507507
139800	0.078719
139850	0.221556
139900	0.315072
139950	0.095337
140000	0.042750
140050	0.235290
140100	0.403292
140150	-0.075561
140200	0.231341
140250	0.299046
140300	0.006131
140350	0.094197
140400	0.093807
140450	0.228365
140500	0.388429
140550	0.212339
140600	0.052328
140650	0.185179
140700	0.123348
140750	0.131567
140800	0.245230
140850	0.383992
140900	0.274090
140950	0.187838
141000	-0.044632
141050	0.008239
141100	0.384563
141150	0.115130
141200	0.302927
141250	0.048942
141300	0.253555
141350	0.143992
141400	0.099218
141450	0.263313
141500	0.270185
141550	0.056026
141600	0.244943
141650	0.201844
141700	0.329810
141750	-0.140676
141800	0.003010
141850	0.186989
141900	0.101626
141950	0.062337
142000	0.047847
142050	-0.056476
142100	0.223202
142150	0.168513
142200	0.361043
142250	0.372315
142300	0.163068
142350	0.286343
142400	0.257326
142450	0.092253
142500	0.062236
142550	0.218276
142600	0.317126
142650	0.136861
142700	0.252822
142750	0.045938
142800	0.209423
142850	0.176036
142900	0.055494
142950	0.160321
143000	-0.012245
143050	0.058970
143100	0.193798
143150	0.012934
143200	-0.034564
143250	0.316752
143300	0.091325
143350	0.065264
143400	0.126713
143450	0.008444
143500	0.483336
143550	0.126828
143600	0.275217
143650	0.388850
143700	0.191077
143750	-0.036904
143800	0.162960
143850	0.217882
143900	0.257373
143950	0.118796
144000	0.194653
144050	0.199358
144100	0.147606
144150	0.226580
144200	0.152767
144250	0.191555
144300	0.375768
144350	0.144859
144400	0.366191
144450	0.394039
144500	0.069003
144550	0.131647
144600	0.214872
144650	0.334674
144700	0.295291
144750	0.246532
144800	0.091402
144850	0.233274
144900	0.154936
144950	0.154874
145000	0.077335
145050	0.272746
145100	0.254265
145150	0.141786
145200	0.022370
145250	0.246230
145300	0.257440
145350	-0.024320
145400	0.182663
145450	0.536661
145500	0.239760
145550	0.206897
145600	-0.016043
145650	0.155048
145700	0.126224
145750	-0.083271
145800	0.156371
145850	0.098196
145900	0.240683
145950	0.059661
146000	0.208230
146050	0.194829
146100	0.177880
146150	0.537688
146200	0.079852
146250	0.260426
146300	-0.026200
146350	0.277266
146400	0.230502
146450	0.168349
146500	0.224386
146550	0.320997
146600	0.242116
146650	0.192706
146700	0.207096
146750	0.336275
146800	-0.027394
146850	0.044854
146900	0.204486
146950	0.160366
147000	0.041164
147050	0.283201
147100	0.110404
147150	0.044081
147200	0.319743
147250	0.522245
147300	0.419379
147350	0.272097
147400	0.062873
147450	0.038623
147500	0.227525
147550	0.095155
147600	0.091801
147650	-0.014739
147700	0.290153
147750	0.214881
147800	0.102017
147850	0.175703
147900	-0.020814
147950	0.173966
148000	0.094253
148050	0.111244
148100	0.236668
148150	-0.043127
148200	0.179544
148250	0.046264
148300	0.176818
148350	0.286735
148400	0.107394
148450	0.229818
148500	0.338867
148550	0.092124
148600	0.189540
148650	0.227221
148700	0.261433
148750	-0.007376
148800	0.001046
148850	0.147751
148900	0.272104
148950	0.057763
149000	0.289179
149050	0.272844
149100	0.257185
149150	0.139638
149200	0.135155
149250	0.132052
149300	0.134027
149350	0.097341
149400	0.041538
149450	-0.012938
149500	0.297396
149550	0.318559
149600	0.292211
149650	0.141737
149700	0.188252
149750	0.393598
149800	0.253378
149850	0.161010
149900	-0.069960
149950	-0.035820
150000	-0.168910
150050	0.049456
150100	0.205644
150150	0.278640
150200	0.141059
150250	0.154940
150300	0.067214
150350	0.109048
150400	0.284071
150450	0.111038
150500	-0.002285
150550	0.230160
150600	0.303861
150650	0.172918
150700	0.157056
150750	0.172722
150800	0.179749
150850	0.199422
150900	0.351296
150950	0.006110
151000	0.041779
151050	0.319497
151100	0.348783
151150	0.280185
151200	0.088913
151250	0.088229
151300	0.172704
151350	0.185210
151400	0.294142
151450	0.034180
151500	-0.144738
151550	0.344109
151600	0.062154
151650	0.231585
151700	0.101919
151750	0.224557
151800	0.335183
151850	0.218194
151900	0.211391
151950	0.340552
152000	0.068170
152050	0.235047
152100	0.182614
152150	0.263481
152200	0.305692
152250	0.031286
152300	0.174901
152350	0.135115
152400	0.243840
152450	0.183088
152500	0.212999
152550	0.009642
152600	0.073552
152650	-0.094909
152700	0.006167
152750	0.125837
152800	0.240665
152850	0.241811
152900	0.019921
152950	0.176380
153000	0.295117
153050	0.288336
153100	0.488212
153150	0.108143
153200	0.025856
153250	0.202809
153300	0.239942
153350	0.090866
153400	0.248231
153450	0.423833
153500	0.107990
153550	0.155058
153600	0.320649
153650	0.232645
153700	0.158457
153750	0.083282
153800	0.305747
153850	0.010969
153900	0.013816
153950	0.035328
154000	0.153713
154050	0.213969
154100	0.219428
154150	0.157790
154200	0.123447
154250	0.208537
154300	0.170423
154350	0.184660
154400	0.082513
154450	0.234813
154500	0.125084
154550	0.077838
154600	0.226858
154650	0.136583
154700	0.201655
154750	0.245771
154800	0.169502
154850	0.380460
154900	0.387821
154950	0.526274
155000	0.091634
155050	0.100053
155100	0.348493
155150	0.033479
155200	0.121910
155250	-0.048176
155300	0.238317
155350	0.191214
155400	0.050099
155450	0.501278
155500	0.248988
155550	0.395832
155600	-0.154566
155650	0.054363
155700	0.277129
155750	0.170999
155800	0.304616
155850	0.103356
155900	0.269983
155950	0.041765
156000	0.015744
156050	0.113628
156100	0.139191
156150	0.100914
156200	0.330197
156250	0.065415
156300	-0.099678
156350	-0.089375
156400	0.130916
156450	-0.072899
156500	0.219155
156550	-0.219535
156600	0.218807
156650	0.074354
156700	0.127125
156750	0.273545
156800	0.235439
156850	0.050520
156900	-0.152575
156950	0.152115
157000	0.232774
157050	0.419564
157100	0.095025
157150	0.112896
157200	0.114587
157250	0.325848
157300	0.114603
157350	0.126239
157400	0.024095
157450	0.166260
157500	-0.016421
157550	0.043973
157600	0.126440
157650	0.157763
157700	0.199440
157750	0.100730
157800	0.078598
157850	0.267726
157900	0.176350
157950	-0.050480
158000	0.143445
158050	0.237212
158100	0.483028
158150	0.174649
158200	0.199734
158250	0.403596
158300	0.126261
158350	0.086287
158400	0.045796
158450	0.142644
158500	0.046793
158550	0.281045
158600	0.089002
158650	0.323221
158700	0.133916
158750	0.224458
158800	-0.011057
158850	0.215376
158900	0.363623
158950	0.196073
159000	0.186722
159050	0.069111
159100	0.251281
159150	-0.068144
159200	0.189310
159250	0.224671
159300	0.173501
159350	0.248701
159400	-0.004263
159450	0.252040
159500	0.321351
159550	0.429655
159600	0.063446
159650	0.159669
159700	0.232768
159750	0.270250
159800	0.054038
159850	0.384983
159900	-0.140462
159950	0.212677
160000	0.217717
160050	-0.090336
160100	-0.110646
160150	0.113384
160200	0.016032
160250	-0.000010
160300	0.173585
160350	0.199821
160400	0.144256
160450	0.321837
160500	0.125280
160550	0.230773
160600	0.251741
160650	0.020626
160700	0.140831
160750	-0.064714
160800	0.203212
160850	0.372005
160900	0.173637
160950	0.321407
161000	-0.015622
161050	0.257790
161100	0.131664
161150	0.090382
161200	0.109451
161250	0.065273
161300	0.202514
161350	0.071144
161400	-0.053287
161450	0.285269
161500	0.266399
161550	0.385135
161600	0.139334
161650	0.107507
161700	-0.147203
161750	0.281115
161800	0.000534
161850	0.248422
161900	-0.012765
161950	-0.139028
162000	0.373314
162050	0.056828
162100	0.097419
162150	0.040907
162200	0.022277
162250	0.385645
162300	0.105480
162350	0.181725
162400	0.037233
162450	0.081241
162500	0.104818
162550	0.067871
162600	0.053434
162650	0.170364
162700	0.352397
162750	0.042309
162800	0.117208
162850	0.262547
162900	0.106972
162950	0.316357
163000	0.054129
163050	0.124679
163100	0.123280
163150	0.025073
163200	0.190125
163250	0.264721
163300	0.157536
163350	0.107088
163400	0.152175
163450	-0.143862
163500	0.200081
163550	0.239575
163600	0.384085
163650	0.054119
163700	0.252333
163750	0.179433
163800	0.115222
163850	0.104776
163900	0.093667
163950	0.285812
164000	0.069793
164050	-0.000093
164100	-0.003359
164150	0.221479
164200	-0.025727
164250	0.084524
164300	0.083612
164350	-0.064790
164400	0.252341
164450	0.411158
164500	0.268841
164550	0.193302
164600	-0.010735
164650	0.162104
164700	0.307577
164750	0.034693
164800	0.140004
164850	0.137677
164900	0.013718
164950	0.265038
165000	0.443609
165050	0.220187
165100	0.059998
165150	0.203638
165200	0.214519
165250	0.218881
165300	0.214058
165350	0.333972
165400	0.386364
165450	0.234940
165500	0.196336
165550	0.061830
165600	0.151081
165650	0.195874
165700	0.219228
165750	0.059392
165800	0.060485
165850	0.235102
165900	0.001906
165950	-0.066014
166000	0.056109
166050	-0.023835
166100	-0.047616
166150	-0.059706
166200	0.204065
166250	0.423242
166300	0.144371
166350	-0.072846
166400	0.197828
166450	-0.183384
166500	0.001896
166550	0.332386
166600	0.099249
166650	0.300705
166700	0.148303
166750	0.161955
166800	0.071041
166850	0.073843
166900	0.102613
166950	0.030455
167000	0.030672
167050	0.173306
167100	0.203622
167150	0.027446
167200	-0.031408
167250	-0.150135
167300	0.180366
167350	0.198305
167400	0.143242
167450	0.092302
167500	0.213913
167550	0.145517
167600	0.001508
167650	0.169132
167700	0.076068
167750	0.029378
167800	0.028633
167850	-0.109817
167900	0.228269
167950	0.161243
168000	0.214367
168050	0.336262
168100	-0.092930
168150	0.064669
168200	0.055564
168250	0.089466
168300	0.276000
168350	-0.046451
168400	0.009492
168450	0.097049
168500	0.198726
168550	0.099491
168600	0.243903
168650	0.128169
168700	0.110152
168750	0.312117
168800	0.061687
168850	0.034445
168900	-0.080656
168950	-0.094548
169000	0.355299
169050	0.172434
169100	0.167840
169150	0.035440
169200	0.091813
169250	-0.039224
169300	-0.046507
169350	0.465873
169400	0.027367
169450	-0.030525
169500	-0.088362
169550	0.082970
169600	0.083210
169650	-0.037073
169700	0.157261
169750	0.003828
169800	0.386835
169850	-0.034061
169900	0.076764
169950	0.277390
170000	0.267405
170050	0.058749
170100	0.300676
170150	0.046247
170200	-0.001223
170250	0.190088
170300	0.375821
170350	0.040305
170400	0.139871
170450	0.398300
170500	0.301391
170550	0.225986
170600	0.084679
170650	-0.150481
170700	0.030276
170750	0.014582
170800	0.005438
170850	0.392214
170900	0.228775
170950	0.162302
171000	0.423522
171050	0.241463
171100	0.281410
171150	0.212614
171200	0.197200
171250	0.248357
171300	0.071065
171350	0.100563
171400	0.058530
171450	0.132151
171500	0.132034
171550	-0.013400
171600	0.192861
171650	0.032913
171700	0.082969
171750	0.226319
171800	0.527362
171850	0.086651
171900	0.170133
171950	0.120747
172000	0.130988
172050	-0.254898
172100	0.014932
172150	0.022686
172200	0.206201
172250	0.311726
172300	0.231360
172350	0.192069
172400	0.277159
172450	0.078135
172500	0.260337
172550	0.358830
172600	0.202525
172650	0.142960
172700	0.246286
172750	0.047039
172800	-0.081310
172850	0.066725
172900	0.205499
172950	-0.010700
173000	0.273270
173050	-0.079935
173100	0.089751
173150	0.048734
173200	0.138120
173250	0.037544
173300	0.295856
173350	0.177978
173400	0.103839
173450	0.139770
173500	0.242377
173550	0.239874
173600	0.085377
173650	0.173997
173700	0.062292
173750	0.114325
173800	0.039282
173850	0.045521
173900	0.147902
173950	0.092777
174000	0.326488
174050	0.144875
174100	0.121828
174150	0.129477
174200	0.176683
174250	0.168837
174300	0.228523
174350	0.263206
174400	0.247326
174450	0.062641
174500	0.081325
174550	0.284414
174600	0.130341
174650	-0.008105
174700	0.414968
174750	0.175984
174800	0.147349
174850	0.310426
174900	0.144100
174950	0.173412
175000	0.200186
175050	0.112982
175100	0.017776
175150	0.021631
175200	0.235320
175250	0.144706
175300	-0.038891
175350	0.183066
175400	0.262367
175450	0.212371
175500	0.075037
175550	0.185361
175600	0.377579
175650	0.331767
175700	0.138297
175750	0.025272
175800	0.124548
175850	0.124196
175900	0.251923
175950	0.073028
176000	0.283477
176050	0.253630
176100	0.116510
176150	0.266299
176200	0.118296
176250	0.145677
176300	-0.103793
176350	0.114372
176400	0.335322
176450	0.087234
176500	0.052911
176550	-0.035113
176600	-0.002567
176650	0.253760
176700	0.051628
176750	-0.076337
176800	-0.019447
176850	0.025034
176900	0.192220
176950	0.043380
177000	0.229724
177050	0.165774
177100	-0.071333
177150	0.073898
177200	0.127699
177250	0.136961
177300	0.080143
177350	0.036387
177400	-0.097291
177450	0.128005
177500	0.331269
177550	0.010409
177600	-0.072130
177650	0.313405
177700	0.217660
177750	-0.091832
177800	0.342421
177850	0.170597
177900	0.011194
177950	0.060453
178000	0.112635
178050	-0.175615
178100	0.024587
178150	-0.153963
178200	-0.093952
178250	-0.044416
178300	0.147947
178350	0.110506
178400	0.147703
178450	0.292876
178500	0.157282
178550	-0.036790
178600	-0.011693
178650	0.025850
178700	0.004021
178750	0.152591
178800	-0.001666
178850	0.059625
178900	0.193819
178950	0.360889
179000	0.136118
179050	0.243794
179100	0.029989
179150	0.054332
179200	0.024743
179250	0.327299
179300	0.234119
179350	0.155873
179400	0.300302
179450	0.228428
179500	0.237880
179550	0.218469
179600	0.129616
179650	0.292432
179700	0.221869
179750	0.222933
179800	-0.102962
179850	0.163488
179900	0.261354
179950	-0.077439
180000	0.085966
180050	0.179757
180100	0.164675
180150	0.076327
180200	0.203309
180250	0.244836
180300	0.403440
180350	0.280088
180400	-0.064601
180450	0.430456
180500	0.063311
180550	0.038545
180600	-0.053400
180650	0.053229
180700	-0.089873
180750	0.290503
180800	0.122344
180850	0.016704
180900	0.211652
180950	0.217220
181000	-0.069785
181050	0.115180
181100	0.188100
181150	-0.009349
181200	0.051458
181250	0.119918
181300	0.097360
181350	0.219009
181400	0.371341
181450	0.326424
181500	0.175703
181550	0.260358
181600	-0.007408
181650	0.061795
181700	0.275151
181750	0.204332
181800	0.357954
181850	0.254128
181900	0.223454
181950	0.110181
182000	0.168036
182050	0.421446
182100	0.234612
182150	0.213604
182200	-0.075971
182250	0.105289
182300	0.174202
182350	0.111109
182400	0.111625
182450	0.295416
182500	0.059480
182550	0.214534
182600	-0.047557
182650	0.160052
182700	0.116771
182750	0.121464
182800	0.265611
182850	0.422361
182900	0.255521
182950	0.187196
183000	0.102704
183050	0.284924
183100	0.002469
183150	0.055911
183200	0.182836
183250	0.090059
183300	-0.078505
183350	0.232585
183400	0.191062
183450	0.036666
183500	0.082134
183550	-0.069159
183600	-0.044616
183650	0.166598
183700	0.038127
183750	-0.009570
183800	0.080641
183850	0.325926
183900	0.071413
183950	-0.117294
184000	0.036217
184050	0.406001
184100	0.253558
184150	0.421298
184200	0.059205
184250	0.331877
184300	-0.012512
184350	0.175966
184400	0.072681
184450	0.134229
184500	0.295558
184550	0.120155
184600	0.275122
184650	0.181698
184700	0.280264
184750	0.113951
184800	0.212614
184850	0.248708
184900	0.202438
184950	0.364841
185000	0.247647
185050	0.274709
185100	-0.052560
185150	0.185262
185200	0.199937
185250	0.175021
185300	0.198180
185350	0.484401
185400	0.338244
185450	0.015144
185500	0.124787
185550	0.116655
185600	0.175942
185650	0.158992
185700	0.212853
185750	0.299609
185800	0.163764
185850	-0.052416
185900	0.243528
185950	0.144054
186000	-0.031384
186050	0.088953
186100	0.186397
186150	0.092794
186200	0.185759
186250	0.370762
186300	0.154072
186350	0.079124
186400	0.044805
186450	0.198507
186500	0.134801
186550	0.121677
186600	0.356682
186650	0.109502
186700	-0.106687
186750	0.158495
186800	0.333395
186850	-0.013974
186900	0.007075
186950	0.205862
187000	0.125304
187050	0.105069
187100	-0.041024
187150	0.276722
187200	0.118564
187250	-0.087409
187300	0.244178
187350	0.374370
187400	0.084100
187450	0.149171
187500	0.125799
187550	0.328396
187600	0.248702
187650	0.059848
187700	0.225956
187750	0.260915
187800	0.319338
187850	0.336555
187900	0.231103
187950	0.372588
188000	0.253438
188050	0.454764
188100	0.058730
188150	0.075287
188200	0.099409
188250	0.223399
188300	-0.022985
188350	0.177171
188400	0.057118
188450	0.017129
188500	-0.190171
188550	0.055073
188600	0.017825
188650	0.190927
188700	0.119160
188750	0.232121
188800	0.064193
188850	0.449359
188900	0.300211
188950	-0.216392
189000	-0.129414
189050	-0.056979
189100	0.221654
189150	0.012085
189200	0.195857
189250	0.174720
189300	0.113778
189350	0.357322
189400	0.328155
189450	0.225584
189500	0.130775
189550	0.142026
189600	0.207221
189650	-0.074005
189700	0.130537
189750	0.032466
189800	0.108794
189850	-0.009711
189900	0.112510
189950	0.099853
190000	0.334213
190050	0.125595
190100	0.135219
190150	0.219046
190200	0.188844
190250	0.400335
190300	0.215241
190350	-0.107930
190400	0.205153
190450	0.435629
190500	0.167512
190550	0.684882
190600	0.283875
190650	0.278898
190700	0.232210
190750	0.199149
190800	-0.089293
190850	0.411376
190900	0.109032
190950	0.135423
191000	0.439830
191050	0.252689
191100	0.212322
191150	0.227972
191200	0.339733
191250	-0.105684
191300	0.097811
191350	0.286550
191400	0.220715
191450	0.106745
191500	0.242103
191550	0.127372
191600	0.057958
191650	0.151927
191700	0.044818
191750	0.051036
191800	0.254046
191850	0.363424
191900	0.294107
191950	0.107414
192000	0.377127
192050	0.115941
192100	0.420533
192150	-0.048996
192200	0.036157
192250	0.200632
192300	0.264371
192350	0.401144
192400	0.197742
192450	0.146869
192500	0.232373
192550	0.157990
192600	0.314423
192650	0.269258
192700	0.412963
192750	0.042107
192800	0.206220
192850	0.309625
192900	0.062307
192950	0.264329
193000	0.317570
193050	-0.046286
193100	0.285598
193150	0.117766
193200	-0.158835
193250	0.272995
193300	0.257651
193350	0.380375
193400	0.096040
193450	0.263411
193500	0.378148
193550	0.223011
193600	0.166510
193650	-0.022609
193700	0.196158
193750	0.366441
193800	0.134992
193850	0.212142
193900	0.160915
193950	0.130144
194000	0.428012
194050	0.198196
194100	0.153587
194150	0.032567
194200	0.083807
194250	0.115021
194300	0.253796
194350	0.188080
194400	0.124817
194450	0.224452
194500	0.460880
194550	0.179367
194600	0.180658
194650	0.077152
194700	0.295091
194750	0.328011
194800	0.326374
194850	0.091368
194900	0.357138
194950	0.249470
195000	0.166773
195050	0.118402
195100	0.143252
195150	0.192335
195200	0.185329
195250	0.201902
195300	0.211248
195350	0.166901
195400	0.181244
195450	0.218197
195500	0.241336
195550	-0.257326
195600	0.184537
195650	0.290710
195700	0.276254
195750	-0.010263
195800	0.106892
195850	0.145586
195900	0.211440
195950	0.086290
196000	-0.133538
196050	0.119676
196100	0.246639
196150	0.311484
196200	0.436597
196250	0.399884
196300	0.154847
196350	0.184372
196400	0.030644
196450	0.389381
196500	0.400250
196550	0.069306
196600	0.280688
196650	0.256489
196700	0.157337
196750	0.285397
196800	0.158157
196850	-0.110604
196900	0.352330
196950	0.000220
197000	0.213659
197050	0.121294
197100	0.218603
197150	0.062288
197200	0.062548
197250	-0.062365
197300	0.268244
197350	0.010678
197400	0.345007
197450	0.366152
197500	-0.124336
197550	0.233839
197600	0.144301
197650	-0.134226
197700	0.120913
197750	0.323331
197800	0.364474
197850	0.172258
197900	0.224146
197950	0.448951
198000	0.131479
198050	0.219142
198100	0.384790
198150	0.102637
198200	0.071011
198250	0.301672
198300	0.268042
198350	0.228305
198400	0.254087
198450	0.142379
198500	0.131824
198550	0.001544
198600	0.321936
198650	0.214163
198700	0.123559
198750	0.197657
198800	0.282126
198850	0.184769
198900	0.215169
198950	0.004267
199000	0.244994
199050	-0.060140
199100	-0.015649
199150	0.117435
199200	0.194476
199250	0.110090
199300	0.092836
199350	0.188744
199400	0.176209
199450	0.160702
199500	0.355799
199550	0.219517
199600	0.396514
199650	0.592720
199700	0.349124
199750	0.323823
199800	0.153511
199850	0.181557
199900	0.271049
199950	0.154885
