1.848277
0.610257
0.328735
0.150666
0.100197
0.173959
0.074880
0.094817
0.133936
0.150175
0.199644
0.231525
0.196104
0.111133
0.014443
0.040399
0.114199
0.102138
0.093231
0.046118
0.026354
-0.026637
0.046665
0.018380
0.149030
0.180221
0.105865
0.125935
0.036468
0.075563
0.106854
0.117020
0.106368
0.149062
0.066407
0.061385
0.094056
0.070803
0.041963
0.027498
0.065005
0.012641
-0.032150
0.064660
0.030886
0.118838
0.069785
0.039777
-0.033965
0.088626
0.106554
0.149023
0.058095
0.068260
0.021371
0.028627
0.131375
0.079715
0.136071
0.059701
0.098159
0.131016
0.063489
0.028342
-0.028508
0.096579
0.005427
0.002994
-0.019238
-0.030071
-0.044823
-0.029667
0.014315
0.087724
0.115894
0.063938
0.130462
0.056000
0.034437
0.015114
0.047218
0.028989
0.086001
0.056791
0.029464
-0.046554
0.070706
-0.023316
0.010365
-0.001801
0.058021
-0.001473
0.046822
-0.003371
0.032513
0.041487
-0.043753
0.067454
0.135310
0.045476
0.114016
0.070976
0.037017
-0.053594
-0.022985
-0.029805
0.021081
-0.006168
0.034778
0.011225
0.076753
0.105502
-0.004523
0.026034
0.176497
0.107138
0.028087
0.111203
0.073405
0.030030
0.024899
-0.025116
0.126894
0.052510
-0.004598
0.035089
0.044464
0.064320
0.084336
0.058921
0.148679
0.128717
0.029957
0.021423
0.127454
0.043731
0.060818
0.095372
0.125251
0.131142
0.100840
0.016013
0.054410
0.077552
-0.015109
0.016855
0.004095
-0.020203
-0.055260
0.039583
0.143514
0.025526
0.049660
0.012659
-0.047599
0.030731
-0.062330
-0.002832
0.103508
0.045874
0.071145
0.070445
0.145853
0.090356
0.010154
0.082385
0.028167
-0.011891
0.038239
0.104102
0.049101
0.105799
-0.001142
-0.071826
0.013537
-0.035185
-0.002691
0.012333
-0.004899
0.036336
-0.028549
0.063541
0.103431
0.040153
0.150732
0.017457
0.035141
0.104213
0.018744
-0.123266
0.035289
0.089010
-0.019311
0.082540
0.078858
-0.019253
0.052869
-0.025784
0.087704
0.100908
0.160554
0.043916
0.047537
0.092896
0.003836
0.010006
-0.000202
0.044623
-0.022653
0.015751
0.076324
0.056124
0.041813
0.046728
-0.084192
-0.050827
-0.090908
-0.023049
-0.102962
-0.003144
0.025693
0.002830
0.067972
-0.043674
-0.066894
0.119324
0.012485
0.036296
0.058291
0.047342
0.082917
-0.009736
0.092828
-0.018654
-0.095399
-0.080554
-0.015311
0.038831
-0.058384
-0.019937
0.021051
-0.096521
0.009634
-0.028662
0.042108
0.074510
0.046896
0.012706
-0.004067
-0.064596
0.038398
-0.031644
0.007509
0.096381
0.040614
0.068521
0.075473
0.004354
0.096146
-0.055303
0.059179
0.096885
0.067121
0.131665
0.068582
0.068678
0.125260
0.089656
0.016882
-0.016901
0.118798
0.047541
0.070173
0.053660
0.113206
0.147780
0.101753
0.000842
0.081362
0.027985
0.045024
0.085784
0.068458
0.068888
0.067722
0.099525
0.039639
-0.027189
0.049499
0.088315
0.049566
-0.010813
0.007136
0.064048
0.009001
-0.016224
-0.037686
-0.049554
-0.006962
0.032874
0.034446
0.030133
-0.061165
-0.052778
0.062928
0.060857
-0.064402
0.014854
-0.014747
0.056320
-0.027535
0.013948
0.044731
0.146845
0.092064
-0.018525
-0.004842
0.066343
0.008782
-0.000524
-0.057375
0.056541
-0.009043
-0.007042
-0.058476
-0.076525
-0.059160
-0.005805
0.030762
0.028210
0.074303
0.147527
0.130010
0.053693
-0.021228
-0.116025
-0.085173
0.074469
0.059387
0.050569
-0.014016
-0.022175
-0.098851
0.008206
0.033709
0.045589
0.053082
0.092608
0.043429
0.062961
0.084172
-0.065497
0.022934
0.046161
0.075232
0.090236
0.005449
-0.122078
-0.033633
-0.059035
-0.024454
0.075606
0.023656
-0.024155
-0.013227
-0.033282
-0.008067
0.009059
0.051749
-0.032018
-0.047843
0.052110
0.040435
0.110959
0.049308
0.118834
0.102594
0.064950
0.003156
-0.061181
-0.074400
-0.071820
-0.092528
0.089975
0.096275
0.025959
0.047235
0.054025
0.043210
0.087726
-0.003486
0.057436
0.035223
0.026024
0.128688
0.080580
-0.052581
0.002490
0.099787
0.050450
0.036889
-0.017694
-0.063757
0.058780
0.038601
-0.044872
0.023437
0.028538
0.003770
0.089403
-0.014426
-0.017339
0.026525
0.042985
0.095739
0.063642
0.036456
0.057667
0.072796
0.017073
0.003610
-0.025164
0.010973
0.103350
-0.065176
0.032827
0.088056
0.077039
0.069984
0.059087
0.103800
0.050635
0.063847
0.101276
0.156045
-0.027360
0.094776
0.059789
-0.019310
-0.065474
0.118462
0.109130
-0.036711
-0.008627
0.082801
0.044547
-0.078655
0.040667
0.043492
0.023187
-0.025738
-0.136474
-0.125828
0.052271
0.000011
-0.035170
0.006223
0.056912
0.186910
0.008172
0.029891
-0.038233
0.028920
0.086441
0.019099
0.050353
0.028279
-0.011390
-0.004532
0.035494
-0.041247
0.060772
0.101217
-0.043485
-0.016394
-0.016696
0.004301
0.054672
0.049178
0.063658
0.017144
0.094778
0.095306
0.115805
0.080733
0.104706
0.088354
0.009056
-0.005004
0.073480
0.036877
0.065766
0.215101
0.038009
0.028480
-0.032733
-0.119973
-0.096913
-0.036989
0.068474
-0.065239
0.088114
0.076719
0.094402
0.100938
-0.014983
0.037304
0.093244
0.071362
0.142012
0.107893
0.051237
0.103910
0.055240
0.050540
0.121458
-0.007175
0.040160
0.054595
-0.004544
0.050843
-0.080404
-0.023482
0.063737
0.003058
-0.038505
-0.055456
-0.002042
-0.063269
-0.120160
-0.094345
-0.007495
0.052715
-0.035190
-0.016522
0.153476
0.088964
0.091098
0.162326
0.095096
0.065644
0.098493
0.008755
-0.022680
-0.038602
-0.019511
0.068279
-0.098190
-0.007285
-0.014322
-0.065624
-0.091238
0.034657
0.122420
0.077967
0.011716
-0.093766
-0.039194
0.028274
0.059514
0.116341
0.056398
0.033422
0.082347
0.106029
0.101978
0.068026
0.034353
0.083513
0.082033
0.063887
-0.037718
0.025839
-0.049356
0.018376
0.016148
-0.002083
0.013790
-0.061729
0.014550
0.060006
0.025969
0.091741
0.007110
-0.018735
-0.004618
0.038458
-0.034084
0.132427
0.023438
0.050464
0.039807
-0.031969
0.036723
0.043536
0.002598
0.057014
-0.008814
-0.005770
0.010921
0.081775
0.145441
0.085847
0.044674
-0.046504
0.001380
0.021709
-0.005247
-0.000290
-0.095454
0.060440
0.018323
-0.031718
0.112271
0.038650
-0.002027
0.018659
-0.061472
-0.001463
0.100288
0.102957
0.078443
0.051349
0.075928
0.115636
0.012004
-0.061619
0.033267
0.015733
0.024438
0.080003
-0.036577
0.004688
0.042867
0.028857
-0.014493
-0.033671
-0.005942
-0.049155
-0.077515
-0.060939
0.072156
0.034780
0.013386
0.004693
-0.119521
-0.047586
0.063218
-0.045698
-0.019288
0.033424
-0.015586
0.037666
0.031183
-0.013813
-0.042540
0.029962
0.025073
0.051926
0.028611
-0.007608
0.124572
0.011246
-0.017476
-0.049857
0.003252
0.050643
0.102920
0.009140
0.000664
0.010379
-0.041241
0.046151
0.055427
0.062404
0.106853
0.079542
-0.009059
0.011541
-0.029457
-0.011590
0.032675
0.052046
0.085623
0.020734
0.051646
0.113495
0.137057
0.074967
-0.025749
-0.044402
-0.028639
-0.081962
-0.048565
0.055462
0.049413
0.043005
0.013417
0.065946
-0.023270
-0.039572
0.071441
0.005893
-0.047912
-0.020237
0.004216
0.108085
0.091973
0.014894
-0.008172
-0.011862
0.043162
-0.020152
0.013907
0.064503
0.000485
0.001887
-0.001088
0.006746
-0.051284
-0.045787
-0.028281
-0.013562
0.067464
0.057959
0.040781
0.081672
0.014043
0.054408
0.074720
-0.003074
0.083469
-0.023421
0.085853
0.017397
0.073092
0.055984
0.037354
-0.025782
0.012921
-0.053954
-0.011235
0.018854
0.044768
0.043566
0.060435
0.085752
-0.077885
-0.020059
0.000336
0.069821
0.096093
0.124719
0.012807
0.064208
-0.007816
0.001969
0.055094
0.025910
0.114535
0.047599
0.049772
0.055845
-0.011449
0.014256
-0.003735
-0.109392
-0.030149
0.008156
-0.040449
0.046132
0.094902
0.032397
0.049042
0.071649
0.083700
0.025267
0.006903
-0.005846
0.035932
0.037733
-0.058102
0.057814
0.042747
0.029396
0.040402
-0.035254
0.039927
0.033738
0.034204
-0.050167
-0.021189
-0.032339
-0.006723
0.101610
-0.029451
0.055385
0.026158
0.058757
0.016495
0.043525
0.028256
0.017384
0.021941
0.055373
0.022667
0.002791
0.023601
0.047409
-0.017385
-0.022289
0.046207
0.024399
0.010872
0.096389
0.077507
0.016966
0.116494
0.028988
0.001226
-0.010760
-0.039742
-0.002919
0.091006
0.083365
0.065134
0.001751
0.036972
0.078768
0.081006
0.085484
-0.000959
0.002316
0.048225
0.003371
-0.011284
0.012021
-0.048840
-0.030126
-0.032745
-0.070122
-0.042628
-0.061606
-0.089528
-0.061765
-0.047737
-0.002764
0.006616
-0.076678
0.017961
0.071130
-0.010544
0.062974
-0.107861
-0.043821
-0.020694
-0.008798
0.085109
0.071298
0.018593
0.097118
0.054138
-0.102868
-0.031228
0.052300
-0.052515
-0.070568
-0.040714
-0.073213
0.090971
-0.015917
0.046525
0.061392
-0.010977
0.077457
-0.009374
0.038001
0.070075
-0.014008
0.065643
-0.064010
-0.032330
0.027767
-0.016838
-0.009481
-0.014556
0.034581
0.024707
-0.010429
0.012132
-0.039942
-0.090724
0.004382
0.034632
0.031925
0.032964
0.038055
-0.035572
0.089001
0.024440
0.054541
0.032457
-0.045801
0.052588
-0.089588
0.046586
-0.027439
-0.068192
0.048375
-0.037600
-0.026290
0.026319
-0.018894
0.030667
0.016924
-0.016548
0.063144
-0.065522
-0.071550
0.021701
0.044081
0.017148
-0.032545
0.012989
0.056972
0.043383
0.033674
0.005764
-0.033397
0.052538
-0.032052
-0.084306
-0.018697
0.025551
0.028360
-0.056503
0.036380
0.073409
0.021136
0.104582
0.083667
0.029095
0.012183
0.042876
-0.031280
0.011002
-0.018717
-0.015284
0.130283
0.145773
0.138428
0.097840
0.014255
-0.052251
-0.058135
0.012416
0.088158
0.004267
0.058246
-0.054401
0.003064
0.059943
0.066707
0.018020
-0.043628
0.038445
-0.036907
0.020239
-0.025244
0.002930
0.026408
-0.064770
-0.064374
-0.022192
-0.026959
-0.013840
-0.020879
0.009917
-0.003898
0.066568
-0.010710
-0.041273
0.016345
-0.026290
0.056744
-0.013589
-0.058367
-0.001641
-0.070243
-0.008589
0.045644
0.076406
0.055485
0.030300
-0.044592
-0.086749
-0.013282
-0.084876
0.033937
0.078013
0.023283
0.013277
0.039037
-0.019327
0.067912
0.004352
-0.081588
-0.035011
-0.018143
0.011393
0.000918
-0.045214
0.034373
0.045032
0.035502
0.007805
0.006512
-0.057728
-0.057560
0.002423
0.047803
0.038540
0.009189
-0.059381
-0.047482
-0.008798
-0.021863
-0.041620
-0.101960
0.103257
0.049359
-0.016748
0.042345
-0.001180
0.059586
0.077145
0.022599
-0.006337
0.023970
0.039969
0.019629
-0.004671
-0.005785
0.060949
-0.087204
-0.107701
0.090729
0.073635
0.061608
0.082282
0.035263
-0.022145
-0.045784
0.054925
0.086286
0.110013
0.045268
0.097266
0.142827
0.072320
0.007721
0.073134
-0.032816
0.018223
0.032503
0.011909
0.024758
0.008780
-0.022007
0.024734
-0.012716
0.025167
0.050271
0.016095
0.013870
0.089800
-0.023204
-0.073534
-0.002419
-0.096757
-0.076953
-0.026403
-0.009478
0.053886
-0.082764
0.028566
0.101022
0.042320
-0.022629
-0.064601
-0.048146
0.009088
-0.061936
0.000416
0.039962
-0.015495
0.016857
-0.022833
-0.031324
0.055302
0.009233
0.060768
0.078302
0.037213
-0.038982
-0.072737
-0.036083
-0.059989
0.014463
-0.000158
0.067370
0.030038
-0.008182
0.032771
0.018289
0.063310
-0.003555
0.005857
0.016710
-0.027769
-0.063153
0.017274
0.112253
0.002672
0.088513
0.070885
-0.012482
0.094770
0.034393
0.058336
0.048264
0.053043
0.091747
0.014939
0.057215
0.118742
0.073873
0.000843
-0.046484
0.002246
0.075137
0.038106
0.042416
0.085679
0.047374
0.000438
-0.088098
-0.043516
0.017547
-0.034401
-0.038089
0.088331
-0.029279
-0.018597
-0.034726
0.023368
0.088530
0.111271
0.080713
0.068876
-0.030619
-0.009369
0.017317
-0.006712
0.062322
0.009866
0.024807
-0.040360
-0.055621
0.020571
0.024863
-0.086972
0.052019
0.085305
-0.008598
-0.034212
0.014779
0.024342
-0.032278
0.045493
-0.046732
-0.059079
0.026322
-0.054553
0.100459
-0.012433
-0.118334
-0.115479
-0.015590
0.093686
0.054611
0.052074
0.020544
0.093610
0.003095
-0.021802
0.023054
-0.033585
-0.028091
-0.093344
-0.020184
-0.017263
0.029976
0.054915
0.085058
0.058579
-0.042546
0.038202
0.118011
0.078083
0.073945
0.069331
-0.097032
-0.012680
0.056527
-0.035640
-0.053237
-0.101463
-0.067457
-0.018700
-0.094936
0.031540
0.062675
0.004779
-0.006763
-0.039387
-0.020687
0.035628
0.012630
-0.024165
0.054906
-0.071749
0.021135
0.058283
-0.051617
-0.032726
-0.023752
-0.071330
0.094651
0.091460
-0.044055
0.020200
-0.039227
0.019957
0.039112
-0.024899
0.063224
0.037418
0.046537
0.064677
0.028418
-0.052803
-0.074308
0.003212
0.114536
-0.004840
-0.027214
0.116400
0.050854
0.027588
0.026004
0.091076
-0.013448
0.069438
0.026647
0.071332
-0.012482
0.091860
0.039072
0.027682
0.073483
0.031478
0.016760
-0.050769
-0.025569
0.040606
0.036827
0.004793
0.104770
0.087781
-0.032591
-0.014708
-0.066545
-0.054360
-0.011068
-0.021125
0.026844
0.064884
0.024720
0.022877
0.035700
-0.099699
0.084607
-0.033020
-0.059954
-0.049495
-0.064533
-0.058509
-0.022891
0.120732
0.025650
0.027985
0.068004
-0.015867
0.057300
-0.066840
-0.013026
0.021767
0.063951
0.045918
0.143643
0.000848
0.062276
-0.030378
-0.038398
-0.007251
-0.080832
-0.019819
-0.087125
-0.009003
0.054722
-0.026993
0.017294
0.023596
0.003032
0.049506
-0.013780
0.112566
0.090749
0.079255
0.026772
-0.006019
0.036776
-0.036366
-0.055884
0.107713
0.018066
0.009282
0.050610
-0.032818
0.013296
0.039484
0.092545
0.025380
-0.016309
0.008112
0.097400
0.060354
0.047031
0.019749
0.087317
0.109147
0.109704
0.014036
-0.068007
0.002104
0.002838
-0.068213
0.087275
0.000787
-0.001174
-0.019773
-0.047183
-0.008948
-0.118574
-0.005388
0.003236
-0.001260
0.083115
0.061088
0.058157
0.034682
-0.008963
-0.041155
0.075780
0.068166
-0.071790
-0.088624
-0.051462
-0.068812
-0.007584
-0.073688
-0.050147
0.009719
-0.094385
-0.022902
-0.046714
0.093598
0.047355
-0.044624
0.103275
0.037212
-0.019398
-0.002914
-0.049678
-0.023372
-0.032680
0.014144
-0.055313
-0.000619
-0.034780
0.052336
0.060110
0.133850
-0.002121
-0.071304
-0.041052
-0.127646
0.012279
-0.035725
0.013183
-0.006546
-0.027731
-0.047041
-0.040559
-0.041571
-0.029461
-0.019674
-0.004188
0.035007
0.113722
0.034595
0.059179
0.068238
0.019633
0.069404
-0.012133
-0.037355
-0.010712
0.002269
0.063391
0.008612
0.031157
-0.002479
0.013556
0.002096
-0.056336
-0.007437
-0.029568
0.051860
0.044065
0.073454
0.042298
-0.063217
-0.082347
0.000878
-0.009408
-0.016845
-0.030585
-0.053975
-0.100984
0.008484
-0.021191
0.009628
-0.036962
-0.014822
0.014368
-0.076508
-0.139063
-0.070853
-0.025363
-0.010924
0.039612
-0.022197
0.017807
0.029657
0.012614
-0.072290
-0.116840
-0.000825
-0.029145
-0.101255
-0.047702
-0.150434
-0.072357
-0.145821
-0.068327
-0.009300
0.009007
0.037205
0.058139
0.082503
0.103951
0.008741
0.104550
-0.000238
0.055154
0.064027
-0.034906
-0.017800
-0.024701
-0.029775
-0.033347
0.041426
0.054455
0.092464
-0.099874
-0.065277
0.021203
-0.014212
0.007503
-0.051065
-0.059999
0.074347
-0.007308
0.036603
0.115795
0.100026
0.112772
0.063676
0.093869
0.084233
0.050639
0.069059
0.176302
0.163761
0.058468
0.149976
-0.023737
-0.055397
-0.006339
-0.033021
0.046803
0.046016
0.049632
0.022669
-0.035452
-0.043124
-0.014875
-0.079278
-0.012943
-0.064356
-0.092423
-0.002726
-0.006333
-0.024050
0.066801
0.075118
0.080450
0.024320
0.023378
-0.017615
-0.012904
-0.030140
-0.019296
-0.048411
0.009110
0.028123
-0.017382
-0.011354
0.017868
-0.083771
0.004135
0.016015
-0.008082
0.126619
0.021954
0.021016
0.022944
0.098033
0.074576
0.051988
-0.011021
0.074160
0.041472
0.054230
0.037379
-0.008322
0.012021
-0.029841
0.035922
0.156733
0.135115
0.037412
-0.048460
-0.047328
0.045472
0.066455
0.015767
-0.019170
0.029000
-0.000915
0.037941
0.040061
0.018193
-0.000398
0.049943
0.102485
0.003655
0.020289
-0.154234
-0.062870
0.016208
-0.077167
0.029193
0.015509
-0.047294
0.003233
-0.070676
-0.016041
0.035061
-0.072671
-0.042259
0.041891
-0.081210
-0.040251
-0.013313
-0.049632
0.052123
0.103752
0.055478
0.040587
0.020219
-0.026861
-0.081014
-0.048131
0.005441
0.054450
0.102806
-0.037053
0.041112
0.083996
-0.053868
-0.018295
-0.030955
0.025756
-0.041391
-0.037811
0.011953
-0.080371
0.016805
0.005295
-0.006109
0.091519
-0.004275
0.058131
-0.088178
-0.025183
0.061898
-0.008858
0.020519
0.015021
0.060554
0.043182
0.049285
-0.054684
-0.018666
-0.009579
-0.000531
-0.014848
0.028981
0.022265
0.000981
0.022600
0.012390
-0.023187
0.027020
0.033209
0.053254
0.077877
-0.007965
0.043191
0.027434
0.071506
0.053161
0.081511
0.065417
0.112893
0.071249
-0.002951
0.031569
0.019216
0.060682
0.045174
0.064158
-0.011734
-0.066073
-0.051230
0.025640
0.041369
0.091161
0.047857
-0.017026
0.017890
0.075841
-0.023023
0.024331
-0.013645
-0.007700
-0.035705
-0.014688
0.041325
-0.015506
-0.051535
-0.019290
-0.067476
0.037407
-0.043660
0.063917
0.040095
-0.058560
-0.057033
0.052523
0.031232
-0.016784
-0.013475
0.044998
0.013185
0.076886
0.027069
-0.026027
0.003060
-0.095510
0.020663
0.014641
0.013643
0.004660
-0.043487
-0.068781
0.048563
0.059842
0.008448
-0.049418
-0.063351
-0.088657
0.034666
-0.036638
-0.037023
0.011559
-0.015631
0.032179
0.042119
0.041509
0.032922
0.038112
-0.022354
0.057137
0.073184
-0.106241
0.090122
-0.095191
-0.042228
-0.023569
-0.002116
0.069240
-0.068078
0.039002
0.042379
-0.010500
0.036378
0.057476
0.092338
0.166462
0.121520
0.058063
0.089877
0.011277
0.043534
0.014760
0.032616
0.054168
0.030556
-0.003572
0.014783
-0.020349
-0.035033
-0.044504
-0.054473
-0.050356
-0.050032
0.024142
-0.061857
-0.033062
0.047306
0.082507
0.020526
0.007988
-0.082497
-0.087802
-0.073870
-0.067352
-0.029733
0.000646
-0.037941
0.042349
-0.042775
-0.044366
0.015632
0.000767
0.050073
0.030017
0.031220
0.111041
0.049057
-0.050003
-0.028084
0.008972
-0.003107
0.036840
-0.026711
0.003649
0.026275
-0.029369
0.019932
0.043503
0.058603
-0.015433
-0.053495
-0.006202
0.010466
0.017853
-0.010565
-0.086880
-0.117164
-0.059928
-0.030382
-0.016732
-0.032106
-0.077180
0.019460
0.076086
0.051688
0.037583
0.093307
0.023574
0.043907
0.042739
0.037599
0.099937
0.033606
0.088138
0.033608
-0.022395
-0.004417
0.088969
0.038877
0.050678
0.057965
0.080682
0.080031
0.013555
0.006286
0.005092
-0.009196
-0.039672
-0.050535
0.044243
-0.026660
-0.023865
-0.112550
-0.037379
0.018779
0.071524
0.083150
0.075976
0.000432
0.058001
0.014651
0.030799
0.033805
0.037720
0.013506
0.055433
-0.010210
-0.037542
-0.022219
-0.073136
-0.108343
-0.046872
-0.036484
-0.029692
0.024004
-0.008073
-0.013789
0.028954
-0.003037
0.025945
0.021435
0.043797
0.004857
0.013888
-0.020782
0.025502
0.011100
0.041135
-0.045471
-0.020305
0.017347
-0.053824
0.043630
0.047467
-0.046592
0.019052
0.040104
0.041199
-0.003883
0.005295
-0.065130
-0.011661
0.002348
-0.084531
-0.083397
-0.085770
-0.077918
-0.026612
0.009864
0.017296
-0.003622
0.003978
-0.007043
0.043654
0.041321
0.061643
0.122854
0.050661
-0.099896
0.071675
0.094830
-0.011571
-0.011090
0.060358
0.085447
-0.056083
-0.133530
0.036624
-0.041341
0.029423
0.053354
-0.004482
-0.034823
-0.073819
0.079596
0.132138
0.017545
0.035568
-0.019993
-0.059470
0.007151
-0.009062
-0.041353
-0.052836
-0.048735
-0.039845
0.023534
-0.063392
0.010481
0.016155
-0.082530
-0.046253
-0.049642
-0.106249
-0.098256
-0.022382
0.027842
0.009363
0.010790
0.049462
0.045428
-0.006408
-0.080959
0.019332
-0.017018
-0.017373
0.077067
0.004097
-0.005898
0.082084
-0.063325
-0.061041
0.003120
0.133609
0.016668
-0.014176
0.041120
0.003283
0.050661
0.011592
0.070849
0.027862
0.023988
-0.026896
0.005221
0.080777
0.039003
0.061524
-0.026368
0.040249
-0.064694
-0.081221
0.028309
-0.038088
0.088983
0.041951
0.017164
0.088183
0.063675
0.115393
-0.027018
-0.000136
0.165567
0.079132
-0.022687
0.110515
0.014521
0.056586
0.158598
0.042678
0.052455
0.021102
-0.084817
-0.008846
-0.037419
-0.054121
-0.026497
0.012564
-0.064746
-0.039496
-0.027183
0.032338
-0.027392
-0.022538
-0.075772
-0.015229
0.092565
0.086169
-0.066906
0.001004
-0.008495
0.016216
-0.041905
-0.015310
0.055501
0.019536
0.004102
0.033553
-0.038244
-0.058734
-0.003329
0.086112
0.019280
0.013871
0.024845
-0.039433
0.083629
0.060656
-0.001974
0.105835
0.032137
0.008655
0.028383
-0.013755
0.004838
0.105794
0.075708
0.055410
0.079704
0.078350
-0.050411
-0.024271
-0.006278
0.015074
0.019551
0.010750
-0.045993
0.033767
0.108352
0.060872
0.061938
0.015002
-0.006342
-0.019981
-0.031491
0.019956
0.097832
-0.010105
0.007103
0.011662
-0.060095
0.082379
0.106901
0.088370
0.102613
0.068890
0.055090
-0.047516
-0.012200
-0.024702
-0.029871
-0.053020
0.082768
-0.017759
-0.048898
-0.006626
-0.097673
-0.111714
0.074032
0.029520
-0.027919
-0.006181
-0.054502
0.017032
-0.012030
-0.005248
-0.009461
0.061426
0.019634
-0.040052
0.042047
0.008833
0.075428
-0.047699
0.033777
-0.008635
-0.040104
0.001602
-0.040103
0.015922
0.061480
0.038469
-0.007924
-0.038266
-0.041780
0.008741
0.007145
-0.001482
-0.034745
-0.036070
-0.033617
-0.010030
0.030331
0.091743
0.039840
0.011015
0.092049
-0.018333
0.000883
-0.104021
-0.130229
-0.080046
-0.061609
0.027270
-0.064817
-0.044522
-0.059062
-0.073203
0.067181
0.077793
0.025411
0.094490
0.069062
0.036886
0.141957
-0.071792
-0.036946
-0.001170
0.020796
0.109478
0.096610
0.017163
0.031811
0.111258
-0.002955
-0.070149
-0.033411
-0.125020
0.025734
-0.011297
-0.043493
0.092429
-0.016259
-0.016249
0.040883
-0.100907
0.012058
0.009183
0.053839
0.005010
0.055490
0.040366
0.013887
0.108638
-0.090163
0.012568
-0.074961
-0.023115
0.006577
0.015245
0.031075
0.003838
-0.019764
-0.054676
-0.028976
0.011558
-0.008092
0.097751
0.108104
0.092476
-0.109615
-0.029795
-0.015033
-0.103556
0.021422
0.053260
-0.105097
-0.026641
0.013552
-0.012326
0.025762
0.063707
0.059405
0.035479
0.084652
-0.018341
0.139799
0.034662
0.061518
-0.065020
-0.095890
-0.018385
0.064756
0.058334
-0.005021
0.039065
0.054016
0.020036
-0.051625
-0.070819
0.000505
-0.056370
0.005527
-0.007230
0.024483
-0.014815
0.020351
0.076360
0.005998
-0.036071
0.052856
-0.062683
-0.048445
-0.020734
-0.049474
-0.047508
-0.098910
-0.002659
-0.082378
-0.100139
-0.049594
-0.131160
-0.091241
-0.069027
-0.063220
-0.078443
-0.008360
-0.113517
0.069322
-0.001263
0.037166
0.092593
-0.016846
-0.010943
0.011881
0.100656
0.053592
0.036370
0.080895
0.039379
0.015093
-0.034462
-0.023245
0.017769
0.065485
-0.012363
0.034127
0.071758
-0.047555
-0.046350
-0.015609
0.030391
-0.051387
0.018202
0.071736
0.005206
0.008726
-0.069937
-0.102125
-0.147573
-0.046052
0.019934
-0.126341
0.011773
-0.029849
-0.061739
-0.042537
-0.020491
0.032493
-0.006685
0.015015
0.031622
0.096632
0.153279
0.047230
0.073570
0.013618
0.050664
0.096740
-0.030304
0.071103
-0.000958
-0.089125
0.025862
0.097389
0.031721
-0.033465
-0.017566
-0.015014
-0.065200
0.022974
-0.025024
-0.071510
0.030899
-0.063146
-0.044355
0.039821
-0.008542
-0.066343
0.078906
0.057707
0.008429
-0.000845
0.098555
-0.011713
0.006450
-0.014211
-0.081578
0.002954
-0.102723
0.010648
0.098557
0.000604
0.079691
0.105167
-0.057563
0.055919
0.035960
-0.062502
0.037289
-0.056186
-0.009591
0.047759
0.031193
0.011223
0.022640
-0.003476
0.060474
0.121874
0.001253
0.032711
0.030006
-0.049069
-0.014203
0.019095
-0.035657
0.054264
-0.014803
-0.081136
-0.109301
-0.008984
-0.040892
0.074069
-0.035620
0.010873
0.065527
0.052126
0.043137
-0.065009
-0.004550
0.022299
-0.006217
0.043237
-0.000459
0.027567
-0.014635
0.014066
-0.001871
-0.012928
0.000867
0.057897
0.036267
0.079809
0.005153
0.016469
0.002001
-0.032695
-0.000284
0.055854
0.067968
0.033869
0.063070
0.030313
0.036836
0.032932
0.052776
0.001171
-0.029262
0.002663
0.001840
0.070507
0.054467
0.016233
0.116857
0.054786
0.014600
0.099742
0.000321
0.067574
0.014566
-0.037315
-0.038978
0.017609
-0.046643
-0.065750
-0.025065
0.019446
0.069157
0.036958
-0.090813
-0.092742
0.001039
0.009045
0.068676
0.024466
-0.010671
-0.045744
0.015406
-0.022239
-0.017837
0.019828
-0.058075
-0.015644
0.061047
-0.052087
0.023413
0.015116
-0.088916
-0.099612
0.014762
-0.040705
-0.025860
-0.019533
-0.031937
0.071039
-0.021003
-0.028907
0.023216
-0.109071
0.011870
-0.017489
-0.067400
-0.044289
-0.032336
0.016003
0.125932
0.100187
0.076848
0.032240
0.027190
-0.038424
-0.027313
-0.082905
-0.012784
-0.020301
0.036637
0.008828
0.028522
0.031164
0.036994
0.041532
-0.002202
0.123643
0.040291
0.016538
0.071008
-0.000967
0.075701
0.042486
-0.029816
0.006428
0.030517
0.086538
0.048835
0.025653
0.004349
-0.044383
0.037656
0.054388
0.036403
-0.006174
-0.024266
-0.016423
0.011025
-0.004684
0.082917
0.068735
-0.055235
-0.065212
0.122648
0.082378
0.019872
-0.027060
0.017085
0.007016
-0.012902
-0.028052
-0.069461
-0.009296
-0.065324
0.047268
0.096490
-0.025761
-0.003862
0.035482
-0.022138
-0.011639
-0.009226
-0.006278
-0.019795
-0.092800
-0.055219
-0.071602
-0.013950
-0.052849
-0.042102
0.092378
0.031483
0.006770
0.028572
-0.050667
-0.093500
-0.037173
0.117887
0.062593
-0.026628
-0.049996
-0.030483
-0.036993
-0.044625
0.036921
-0.039186
-0.081836
0.039172
0.036545
0.142066
0.062867
-0.037463
0.060022
0.059307
-0.013671
-0.062170
0.035697
-0.077691
0.033871
0.089697
0.001445
0.022030
-0.104075
-0.041808
0.085962
0.012418
0.002440
0.084490
0.132321
0.050584
0.102480
0.108672
0.071966
0.067787
0.016505
-0.050878
-0.086028
-0.002485
0.022519
-0.138905
-0.096007
-0.049612
0.046271
0.040535
0.015180
0.044422
0.033136
0.041459
0.131224
0.084656
-0.039953
0.038121
0.028028
0.018733
0.026460
0.013533
0.063188
0.049727
0.063916
-0.031766
-0.015204
-0.025101
-0.028801
-0.022012
-0.008060
-0.069851
-0.040159
-0.039880
0.011972
-0.074271
-0.049985
0.027235
0.168330
0.095128
-0.070460
0.066798
0.025758
-0.026344
0.152049
0.069161
0.003366
0.005853
-0.002689
-0.035962
0.005978
-0.059687
0.005767
0.062278
0.029269
-0.012878
-0.083087
-0.003548
-0.063371
-0.082759
0.021168
-0.010416
0.051524
0.054842
0.027956
-0.076450
-0.152220
-0.090147
-0.030306
0.009313
-0.027051
-0.111973
-0.025441
-0.008045
0.066394
0.022725
-0.083808
0.029029
-0.088263
-0.064235
-0.015207
0.004165
0.022481
-0.050362
0.037079
0.075736
-0.059226
0.033300
0.065514
0.078061
0.132764
0.010009
-0.018043
-0.022739
-0.026092
0.058717
0.004952
-0.040740
-0.029175
0.073524
0.038250
-0.019107
0.095706
-0.043861
-0.012711
-0.006764
-0.004451
0.037333
0.049036
0.002211
0.010228
0.008757
-0.117375
-0.024237
-0.033058
0.025263
0.015441
0.000160
0.077284
0.066859
0.051798
0.052998
0.006044
-0.020490
0.000385
-0.015193
-0.011894
0.037517
-0.057767
-0.081797
0.085909
0.074005
0.080151
0.047460
0.080001
-0.002208
0.013912
-0.034719
-0.014507
0.009194
-0.039044
-0.074752
0.016513
0.021449
-0.043624
-0.014843
-0.042251
-0.050001
-0.068930
0.021454
0.045571
0.034262
0.069280
-0.044814
0.084654
0.036686
-0.001450
0.110049
0.012629
0.015603
0.046441
-0.051384
-0.009336
0.033474
0.114190
0.026386
-0.000353
-0.027364
-0.093035
-0.033722
-0.074672
-0.053589
0.007947
-0.012249
-0.050944
-0.072981
0.010094
0.151879
0.064940
0.003591
0.010761
-0.136131
-0.078228
0.076138
0.007644
0.043556
0.025627
0.006299
-0.020115
-0.115644
0.070251
0.072415
-0.002951
0.057848
-0.085271
0.079634
0.007523
-0.010125
0.040281
-0.049974
0.053060
-0.017512
-0.026381
0.024914
0.096348
0.088196
-0.002691
0.080842
0.018218
0.012553
0.107671
0.072966
0.019805
0.088368
0.073740
0.101663
0.050116
0.081903
0.010637
0.054623
0.067030
0.029005
0.040106
0.035473
0.019635
0.030753
0.046120
0.007601
0.008206
-0.022057
0.034185
0.097063
0.060581
0.010105
-0.002482
0.088358
0.037827
-0.012930
-0.077853
0.042090
-0.032180
0.006691
0.011340
-0.082020
0.073556
-0.033706
0.030865
0.030289
-0.042759
-0.030598
-0.043298
-0.004390
0.161979
0.094633
0.000146
-0.032293
0.040005
0.026114
-0.081747
-0.022277
0.043828
0.024454
0.106337
0.083336
0.020126
-0.035146
-0.025866
-0.025836
-0.097725
-0.014302
0.010884
-0.026256
0.040276
0.004117
-0.017871
0.035275
-0.005792
-0.033764
0.018265
-0.053375
-0.006059
0.043354
-0.018825
-0.051425
-0.080345
-0.113688
0.071353
0.138194
0.012898
0.023188
0.028212
0.019394
-0.057151
-0.078231
-0.016410
-0.002464
-0.006858
0.034541
0.120040
0.084374
0.027966
0.095302
0.081982
-0.041450
-0.002522
0.073649
-0.029497
-0.018335
0.059776
0.004566
-0.065804
0.079372
0.002870
0.020904
0.049555
0.049284
0.147235
0.042652
0.007750
0.109900
0.045597
0.042321
0.045334
0.042600
-0.026249
0.117456
-0.038169
-0.032551
-0.029106
0.058285
0.063528
0.003608
-0.039085
0.039267
-0.016332
0.013450
-0.076203
-0.036654
-0.008533
0.032591
0.089829
0.038798
0.046087
0.004477
-0.049723
0.024713
0.060974
0.111178
0.126671
0.024279
0.107377
0.102083
0.002086
-0.037093
-0.074287
-0.021231
-0.015728
0.042206
-0.093872
-0.090447
-0.034343
0.010219
-0.073113
0.041769
-0.038921
-0.074507
0.090698
-0.011258
0.000555
0.038338
-0.085797
-0.051326
-0.059847
-0.045060
-0.015433
0.018568
-0.037568
-0.005482
-0.090366
-0.061018
0.063398
0.023166
-0.049601
0.055174
-0.046346
0.006371
0.027407
-0.032301
0.015646
0.000683
-0.035415
0.010474
-0.016013
-0.061643
0.025182
-0.029794
0.039232
0.071804
-0.049897
-0.008991
-0.031023
-0.084194
-0.041305
-0.046611
-0.011034
0.055338
-0.066471
-0.007070
-0.061595
-0.032726
0.088922
0.104873
0.083998
0.035390
0.026119
-0.075104
-0.030269
-0.103131
-0.007107
0.018687
-0.053900
0.085151
0.098764
0.044160
0.077140
0.050745
0.074038
0.097328
0.053566
-0.041035
0.066012
0.049647
-0.068757
0.108243
0.081012
0.092507
0.030224
0.009941
0.048154
0.034257
0.117023
0.099849
0.038690
0.045274
0.039356
0.011269
-0.022022
-0.003076
0.090091
0.118095
0.071729
0.071322
0.001994
0.040333
-0.053320
-0.074677
-0.021584
-0.040683
-0.138492
-0.113969
-0.024973
-0.096932
0.057078
0.034737
-0.107476
0.005554
-0.029948
-0.037638
0.016976
0.037001
-0.088276
-0.036386
0.035637
-0.106251
-0.012894
0.060983
-0.003432
0.056601
0.051260
0.060331
0.022671
-0.070069
0.047771
0.042994
0.012119
0.039061
-0.008076
0.063428
0.014206
0.075101
0.004496
-0.038595
-0.052789
-0.004635
0.000252
-0.030137
0.027989
0.036935
-0.007698
0.042283
-0.077182
-0.092824
-0.027692
-0.001676
-0.048497
-0.034413
0.013463
0.008522
0.038194
0.080044
-0.072953
0.093893
0.018901
-0.017105
0.033861
0.012442
0.053004
0.080699
0.003165
0.059169
0.057259
-0.027503
0.016132
-0.029646
-0.006711
-0.010159
0.008957
0.058673
0.024073
-0.099798
-0.012686
0.085586
0.056891
0.041743
0.006621
0.006072
-0.000117
-0.009937
0.009763
0.043021
-0.025694
-0.053937
-0.105848
0.027715
0.098881
0.019141
-0.044124
-0.023971
-0.057364
0.031404
0.071622
0.027187
0.051262
0.032915
-0.090146
-0.052879
-0.112386
-0.040130
-0.000561
0.084762
0.053201
-0.021274
-0.012035
-0.070068
0.068017
-0.013457
-0.070070
0.085266
0.104830
0.111131
0.105326
0.012202
0.082876
-0.037040
0.100231
0.137389
-0.051945
0.091818
0.144082
0.114420
0.080092
-0.033096
0.048266
0.085273
0.036758
-0.003837
0.016025
-0.040916
0.040152
-0.031732
0.010751
0.016785
0.026530
-0.105822
-0.055470
-0.023809
0.033510
0.132462
0.043664
0.062144
-0.063561
-0.073833
-0.093480
-0.050238
-0.059314
0.004391
0.082878
-0.023619
-0.039646
-0.045292
-0.005077
-0.020858
0.000772
0.019088
-0.122322
-0.025050
0.032561
0.031287
0.007202
-0.043851
0.037105
-0.024640
-0.077362
-0.012028
0.047733
-0.033597
-0.020505
-0.025902
-0.013222
-0.040919
-0.033252
-0.031009
-0.058832
0.015418
0.058000
0.020595
0.025067
-0.040706
0.055150
0.017926
-0.032557
-0.058838
-0.160989
-0.056163
-0.061813
-0.057857
0.005640
-0.061114
-0.012051
-0.003664
-0.059109
0.080030
-0.065971
-0.040456
0.076819
0.034619
-0.078499
-0.012467
-0.065824
0.088267
0.058263
0.057892
0.085322
0.029212
0.107365
0.023523
-0.038442
0.019022
0.060993
0.018129
-0.031345
0.015028
0.010555
0.049246
0.018414
-0.011448
0.009297
0.051837
-0.110621
-0.049283
0.025559
-0.083103
-0.105809
-0.081733
-0.011161
0.004617
-0.012001
0.066576
-0.067454
-0.062558
-0.076168
-0.030793
0.052640
-0.014452
-0.020100
-0.005843
0.007956
-0.038405
-0.121879
0.087149
0.075268
-0.018839
0.035559
0.092490
0.110395
-0.037642
-0.037947
0.002655
0.022616
0.021127
-0.027720
-0.032892
-0.070542
0.024616
-0.048185
0.002753
-0.017722
-0.084019
0.073268
0.111018
-0.002265
0.006049
-0.007113
0.036503
-0.040600
0.060793
-0.026562
0.016252
0.202876
0.069594
-0.011295
-0.084372
-0.059967
-0.060291
-0.035431
0.172105
0.088041
0.009175
-0.033909
-0.055806
-0.034147
0.025182
0.020998
0.001888
0.044353
-0.021028
0.008041
-0.040178
-0.011033
-0.042883
0.043013
0.044175
0.060184
0.067006
-0.009315
0.019403
0.076238
0.006431
0.091065
0.151504
0.031895
0.096834
0.170313
-0.005271
-0.043128
0.009046
-0.034839
0.021729
-0.041549
-0.007641
0.045785
0.026554
-0.005009
-0.010342
0.057284
-0.012101
-0.067664
0.020158
0.075114
0.017483
0.059734
-0.065585
-0.123400
-0.049322
-0.002535
-0.072747
-0.099239
-0.051857
-0.008157
-0.039175
0.000715
-0.074093
0.017395
0.103447
0.075332
0.057381
0.008607
0.026601
0.011232
0.022513
-0.025691
0.010765
0.030123
0.034533
0.017270
0.021308
0.054127
0.058954
-0.000791
-0.028886
-0.007836
0.036789
0.025565
0.013192
0.011246
0.127242
0.053348
-0.007565
0.061846
-0.067399
0.038762
0.036970
0.084475
0.155412
0.050158
0.044119
-0.008770
-0.009961
0.081122
-0.007362
0.011164
-0.011923
-0.151265
-0.026344
-0.024151
-0.085758
-0.018221
-0.049925
0.056623
0.062572
0.047573
0.028784
-0.015810
-0.058573
0.021529
0.017300
0.030655
0.000260
-0.017864
0.044389
0.031449
0.001285
0.019267
0.037172
0.025165
-0.040109
-0.047583
-0.069059
0.110202
0.093954
0.129349
0.130477
0.025645
-0.005996
-0.064191
0.054395
-0.024113
-0.019068
-0.018590
-0.016844
0.063560
-0.007963
0.072405
0.093076
-0.055233
0.067161
0.021721
-0.038908
0.172828
0.054218
0.025951
0.103372
0.014100
-0.028231
-0.030210
0.019611
-0.004654
-0.033892
0.000074
-0.042955
0.090058
0.039910
-0.063786
-0.004552
-0.021881
0.000493
0.032654
-0.000314
0.057456
0.077347
0.040927
-0.020482
-0.006955
-0.139457
0.015877
0.023078
-0.106912
0.044432
-0.021833
-0.060961
0.039550
-0.039221
-0.037145
0.002343
-0.038722
0.041087
0.061179
0.013289
0.125958
-0.019965
-0.020714
-0.001157
0.025467
-0.041990
0.059101
0.014236
-0.112403
0.035713
0.038860
0.055707
0.039846
-0.033449
0.011803
0.037248
0.044389
-0.017541
-0.003760
-0.018313
-0.070522
-0.042587
-0.001311
0.033313
-0.022563
0.067411
0.166161
0.093915
-0.016668
0.092012
0.061831
0.012924
-0.029106
0.119621
-0.005478
-0.034722
-0.007816
-0.045501
0.103114
0.027188
0.061172
-0.021799
0.015572
0.091848
0.087866
0.101981
0.060522
0.016434
0.052715
0.032362
0.002732
0.062285
0.008593
-0.000924
0.048827
-0.018134
0.050292
-0.022180
0.068891
0.040141
-0.088061
0.019281
-0.087138
-0.053271
-0.096076
-0.190495
0.035163
-0.014734
0.033178
0.089234
0.054704
-0.053443
-0.046743
-0.033055
-0.019241
0.031916
-0.083534
0.024062
-0.032403
0.031263
-0.027560
0.061919
0.102667
0.016285
0.070593
0.027098
-0.043486
-0.041192
-0.083123
0.031244
0.033417
-0.004697
0.009007
-0.023989
0.045508
-0.071956
-0.011525
0.010318
0.027845
0.036317
0.002432
0.060253
-0.017839
0.046577
0.057905
-0.008002
0.068440
0.064969
-0.001657
0.028522
0.050462
0.091139
0.055445
0.007547
0.042148
-0.009407
-0.077063
-0.055494
-0.059575
0.073001
-0.016269
-0.015323
0.024070
0.067316
0.006335
0.009850
0.037485
0.118684
0.074179
0.024963
0.089025
-0.026665
0.020317
0.011229
-0.012988
0.007916
0.024462
0.005136
0.075585
0.045487
0.074511
0.113704
0.026016
0.063707
0.072571
0.021565
0.023583
0.053171
0.070293
0.026287
0.022404
-0.022415
0.075426
0.002448
0.055829
0.066835
0.023498
0.023348
0.068120
0.026007
-0.017771
-0.010265
-0.000581
-0.038511
-0.024118
-0.028486
-0.046045
-0.085665
-0.063367
0.003998
0.051026
0.019380
-0.116091
-0.000673
0.071227
0.017378
0.047639
0.042391
-0.003762
0.020158
0.029034
0.049982
0.031387
-0.011439
-0.064258
-0.137557
0.068158
0.084675
-0.007978
-0.064930
0.020773
0.048278
0.005362
-0.039518
-0.029617
-0.015492
-0.105295
-0.002322
0.012268
-0.084448
-0.016892
-0.044255
-0.140124
-0.052592
0.061089
0.034001
-0.020983
-0.051103
-0.037727
0.108873
0.036896
-0.054554
-0.130666
-0.029763
0.012723
0.064621
0.013793
0.013768
0.061038
0.081369
0.122634
0.064520
0.040277
-0.016546
0.000917
0.098966
-0.045969
-0.023678
-0.007645
0.016969
-0.034683
0.094238
0.032249
0.018376
0.062825
0.054459
-0.059590
-0.046164
-0.093918
0.077407
-0.007147
-0.130084
0.037813
-0.035226
-0.040423
-0.010533
-0.062840
0.010600
-0.029640
-0.037759
-0.020953
0.002130
-0.009863
0.008357
-0.060715
-0.078342
0.027602
0.053980
0.042685
-0.050593
-0.073032
-0.040226
0.065973
0.037159
0.037436
-0.046468
-0.017288
-0.010203
0.015335
-0.012825
0.013644
0.005470
-0.052056
0.007881
-0.042603
0.002304
-0.018124
-0.045166
0.088113
-0.014155
0.024052
0.058100
-0.005520
0.138727
-0.014662
-0.057035
0.038347
-0.025797
0.053363
0.039498
-0.048893
0.003479
0.071068
0.063395
0.033924
0.094163
-0.048217
0.006328
0.091862
-0.019099
0.042323
0.009986
-0.117911
-0.051066
0.056189
0.012291
0.108231
0.026610
0.016008
0.128656
0.096284
0.066761
0.063990
-0.004356
0.032411
-0.013406
0.009477
0.046527
0.007903
-0.020982
0.017222
0.020050
0.004207
-0.015558
-0.092338
-0.020411
0.063043
-0.002657
0.051817
-0.041945
0.004408
0.075637
0.020052
0.100706
0.041100
0.008615
-0.075106
-0.056941
0.011561
0.019265
0.007542
0.047642
0.035673
0.031284
0.040703
0.062485
0.023215
-0.034172
-0.052997
-0.048830
-0.004088
0.038422
0.000053
0.022790
0.028441
-0.070115
-0.138396
-0.017098
0.036578
0.067256
0.021327
0.124497
-0.018865
-0.068442
-0.028620
-0.083429
0.009437
0.028585
0.045936
0.007158
0.014874
-0.043592
0.004953
0.015297
-0.030845
-0.041161
-0.004039
-0.033601
-0.031373
-0.114668
-0.111373
0.059063
0.005379
-0.039514
-0.003551
0.021238
0.008218
0.026389
-0.003701
-0.064275
-0.026250
-0.025209
0.020825
0.111869
0.092024
0.033654
-0.005878
-0.035389
-0.028576
-0.045382
-0.080211
0.003987
0.031666
-0.008271
0.122889
-0.010338
-0.056701
-0.055028
-0.132996
-0.050015
-0.071061
-0.000879
0.105645
0.027231
-0.008996
-0.019671
0.011066
0.041451
0.042834
0.014141
0.062534
0.071850
-0.048790
0.003778
0.036251
-0.014172
0.075104
0.092522
-0.034846
0.001859
-0.078599
-0.037428
-0.017598
0.045475
0.052936
0.005126
0.081219
0.101957
0.070397
0.053211
0.030058
0.050725
0.035414
-0.026065
0.012425
0.033803
0.018322
0.083253
0.038010
0.095340
-0.006954
-0.054443
-0.043478
0.052979
0.086626
-0.033545
-0.034923
0.000336
0.047179
-0.021207
0.006295
-0.006538
0.001393
0.039598
-0.001784
0.089568
0.061029
-0.058788
-0.013020
0.041606
0.097718
-0.042719
0.036475
0.018613
0.018857
0.052025
0.167335
0.028220
-0.103855
-0.060629
0.017342
0.023211
-0.007247
0.143176
0.008527
-0.072503
-0.058935
-0.100112
-0.038964
-0.107682
-0.019750
0.013967
-0.079076
-0.113849
-0.102120
0.046911
-0.009453
0.010318
-0.005438
-0.000542
-0.013941
0.012753
-0.091216
0.017334
0.118156
0.013583
0.070698
0.082794
0.018786
0.028763
0.008874
-0.019018
0.025059
0.002102
-0.095522
-0.021075
0.023586
0.000469
-0.011126
0.053587
0.153320
0.050620
0.005170
0.035176
-0.031852
-0.064037
-0.062090
-0.055461
0.144442
0.166019
0.004854
0.118803
0.020533
0.027808
0.013084
0.041093
-0.070411
-0.098197
-0.023190
-0.018948
-0.079074
0.019034
0.056091
-0.033217
-0.098199
0.076936
0.013115
-0.079418
0.029700
-0.009103
-0.062133
0.013526
-0.011590
0.050594
0.047413
0.024621
0.061718
-0.097870
0.037742
-0.022316
0.000142
0.045335
-0.050868
0.073017
0.084387
0.009286
0.038294
0.127332
-0.036636
0.059784
0.083249
-0.058774
0.014472
-0.014343
-0.015373
-0.000623
-0.041974
0.053299
-0.008154
-0.020574
0.104524
0.037888
0.023225
-0.049578
-0.049651
-0.031447
-0.014053
-0.005002
0.060318
0.019814
-0.031217
-0.009242
0.017689
-0.057853
0.048939
0.106778
0.023977
0.037850
0.072726
-0.006430
0.041844
0.100015
-0.030439
-0.082079
0.090400
-0.005978
-0.020678
0.047099
0.043809
0.078500
0.096009
0.007423
-0.007153
0.051178
0.030643
0.019935
0.002596
0.015035
0.024434
0.095291
0.025070
0.023398
0.024677
-0.017346
0.037898
0.010450
-0.017267
0.002524
0.002515
0.044314
0.046659
0.020059
0.033719
0.030280
0.123571
0.024163
0.017894
0.001741
-0.088607
0.008569
-0.076885
0.007441
-0.022831
-0.007928
0.005901
-0.001061
-0.089308
-0.012984
0.075578
0.093062
0.041320
0.021166
0.031829
0.005811
0.069238
0.019584
0.087558
-0.047195
-0.008665
0.067408
-0.062722
-0.003288
0.058491
-0.007463
-0.047668
-0.037182
-0.060652
-0.059195
-0.017457
-0.040434
0.029262
0.115642
0.072809
0.033874
0.024013
0.021353
-0.020475
-0.032741
-0.032589
-0.090927
0.002987
-0.017580
-0.051487
0.070664
-0.094289
-0.118454
-0.011397
-0.162725
-0.082130
0.042674
-0.071901
-0.029328
0.067655
0.010983
0.150029
0.049388
0.071718
0.101756
-0.160989
-0.065136
0.022164
-0.067100
-0.099665
-0.029376
-0.104478
0.008414
0.102911
0.024158
-0.046534
-0.010774
-0.035466
-0.048291
0.038033
0.048305
0.020005
-0.002975
-0.043394
0.033093
0.029502
-0.062203
-0.029104
0.038444
-0.034043
-0.081806
-0.074261
0.060264
0.022506
-0.079892
-0.071773
0.006074
-0.022182
0.008179
0.000959
-0.016711
0.019566
-0.003083
0.095894
0.039321
-0.083285
-0.002134
0.009003
0.062316
0.002694
-0.029289
-0.085824
-0.012987
-0.003940
0.070926
0.074343
-0.024028
-0.034620
-0.081702
-0.042711
0.028559
-0.040771
0.092131
0.022436
0.039253
0.043654
0.068880
0.142327
0.085375
0.020587
0.087547
0.011563
-0.122451
0.095340
0.052667
-0.040967
0.044961
-0.006673
-0.017740
0.075729
0.057794
0.037529
-0.048712
0.053143
0.040069
-0.044374
-0.069746
-0.044585
0.048879
0.008253
-0.009917
-0.015037
-0.002340
0.036739
-0.029917
-0.049157
0.069485
0.023909
-0.000143
-0.085498
-0.023210
0.043878
-0.012579
-0.013871
0.177216
0.015465
-0.017876
0.067833
0.056590
-0.050632
-0.046086
-0.024639
0.062784
0.028987
0.011261
0.025412
-0.033957
-0.056902
-0.071795
-0.032474
-0.046612
-0.065139
0.025676
-0.024570
-0.065080
-0.038566
-0.111093
0.020807
0.021506
0.103167
-0.010807
-0.011904
0.064958
0.022285
0.031637
0.025960
-0.047298
0.071268
0.011009
-0.014397
0.063146
0.009768
-0.048403
-0.023104
-0.042174
-0.088993
-0.052986
-0.039285
-0.051815
0.082856
-0.000538
0.028131
-0.025110
-0.051302
0.055158
0.087420
0.021905
0.054171
0.026599
-0.064493
-0.041549
-0.066232
0.054517
0.007260
0.027540
-0.040605
-0.037253
0.023576
-0.087868
-0.047388
0.025322
-0.116318
-0.071721
0.009501
-0.036034
0.022109
0.090567
-0.022072
0.104643
-0.039984
0.003881
0.025373
-0.126038
-0.067091
-0.038455
-0.051233
-0.055803
-0.026408
-0.151127
-0.100202
-0.005377
0.011222
0.038300
0.092667
0.034129
-0.007431
-0.070001
0.062608
0.058530
-0.052694
-0.004368
0.037311
-0.015114
-0.058312
-0.013623
-0.020381
0.015930
-0.053606
-0.072900
-0.017074
0.002375
-0.100781
-0.059281
0.014375
-0.118455
-0.006457
-0.037441
-0.070321
-0.039138
-0.005368
-0.040880
-0.067774
-0.003891
-0.056057
-0.107469
-0.020418
-0.011235
0.020794
0.076717
0.086546
0.090062
-0.000445
-0.022068
-0.002812
-0.116769
-0.026438
-0.032016
-0.021290
-0.004767
-0.077294
0.020312
0.069687
0.120576
0.091396
-0.053357
0.069225
-0.094494
-0.016037
-0.065773
0.000536
-0.024944
-0.067997
0.019970
0.034669
0.047553
0.080221
0.028323
-0.027869
-0.053991
0.010208
-0.084567
-0.024746
0.008513
0.057252
0.048639
0.046645
0.010143
0.019039
0.051271
-0.053769
-0.017814
-0.045645
0.016487
0.045543
0.007487
0.076707
0.007327
-0.042233
0.050452
-0.030134
0.100209
0.098977
0.001536
-0.039323
0.085102
-0.057925
-0.109624
-0.007091
-0.016556
0.005123
-0.079653
0.027217
-0.010498
-0.002271
0.082352
0.025155
-0.063006
0.003391
0.032775
-0.115049
0.069320
0.045844
0.037345
-0.052653
-0.059458
0.098341
-0.034177
-0.002042
-0.021607
-0.043758
-0.145625
0.035382
0.084212
0.047090
-0.052248
0.035363
-0.055851
0.016392
0.003398
-0.035818
0.018644
0.040778
-0.021977
-0.011015
0.001936
-0.048524
-0.035153
-0.020429
-0.001634
0.042819
0.025488
0.069263
0.081556
0.021393
0.003764
0.040366
0.094534
0.011613
0.056665
-0.058345
-0.033221
0.023875
-0.003998
0.097375
-0.005048
0.036892
0.075747
0.033277
0.053611
0.070218
-0.053504
-0.000545
-0.078446
-0.021472
-0.001347
-0.104978
-0.081107
-0.075969
-0.060687
0.020663
0.055683
0.014410
0.032814
0.103828
0.009206
-0.026104
-0.084756
-0.013347
0.024295
-0.029494
0.019891
-0.036878
-0.083359
-0.056136
0.009108
-0.065402
-0.077172
-0.063241
-0.184770
-0.004187
0.040273
-0.023049
0.015454
-0.036717
-0.039102
-0.047791
-0.058153
0.029989
-0.015899
0.055041
0.046427
-0.010698
0.034702
-0.065587
-0.001394
0.014850
-0.087705
0.015291
0.024202
-0.011939
-0.012172
-0.032787
0.067768
0.123203
0.009232
-0.009055
0.023835
0.014670
-0.010597
-0.024186
0.076800
0.034718
0.040401
0.067887
0.015135
-0.032370
-0.113850
-0.042595
0.033136
0.022346
-0.065722
-0.028407
0.081969
-0.052611
0.100537
0.103620
0.123430
0.005195
-0.039513
0.073068
0.004107
-0.078469
0.023785
0.054661
0.055952
0.034543
0.021278
0.101372
0.034830
0.103944
0.114593
-0.044892
-0.006343
-0.022629
-0.007828
0.080319
-0.015727
0.009710
0.034813
-0.023968
-0.048841
0.045529
0.034092
-0.012429
0.012838
0.029955
-0.032014
0.065301
0.072533
0.049621
-0.015814
-0.025384
0.020851
-0.032642
-0.014727
0.050587
0.069457
-0.002833
0.021869
-0.080628
0.026713
0.087491
-0.003385
0.030942
0.085420
0.038950
0.052855
0.115488
0.022907
0.036938
0.088617
0.002099
-0.006333
-0.075343
-0.009298
-0.028295
-0.071817
0.005759
-0.062178
-0.022402
-0.022684
-0.098163
-0.099289
0.006186
0.081904
0.022729
-0.025231
0.003356
0.110383
0.105788
0.078896
0.090727
0.037249
-0.084677
-0.163301
-0.191640
-0.114525
0.031476
0.003085
-0.013348
0.079457
0.055399
-0.057053
0.060250
0.046208
0.068480
0.023460
-0.074059
0.021223
0.044675
-0.013256
0.042605
-0.005000
-0.070831
-0.033384
0.055578
0.134004
0.079007
-0.010524
0.018288
-0.046529
-0.051820
0.064293
0.035576
0.100733
0.024670
0.077841
0.190340
0.083312
0.010465
0.050779
0.073030
-0.005491
-0.030945
0.082883
0.132403
0.048243
0.056398
0.003723
-0.038216
-0.036907
0.007904
-0.061224
-0.059686
-0.026333
-0.062675
0.075711
0.003532
-0.060663
-0.087052
-0.075146
0.011577
0.016013
-0.001559
0.026468
-0.039644
-0.067892
-0.093780
0.010210
-0.015195
0.037290
0.027024
-0.027180
-0.027595
0.039902
0.006739
0.039673
-0.002825
0.029641
-0.010406
-0.065408
-0.115859
0.007927
-0.111123
0.009838
0.028464
0.029346
-0.006255
0.011399
-0.054980
0.006501
0.042316
-0.027975
-0.078169
-0.018081
0.053798
-0.039268
-0.068099
-0.068884
-0.028452
-0.033207
0.057034
-0.062180
0.010908
-0.080733
-0.056085
-0.013522
-0.036221
0.002994
0.027455
-0.008313
-0.016418
-0.073987
0.002544
0.013239
0.039797
-0.042268
0.012115
0.003179
-0.074703
0.033907
0.062734
0.026517
0.087415
0.037426
-0.049793
-0.008153
0.052871
0.035790
0.045587
-0.072374
-0.006476
-0.052677
-0.078267
-0.041793
0.001541
-0.000752
-0.053277
-0.014685
-0.016138
0.057928
0.063702
-0.084819
-0.065774
-0.142391
-0.127242
-0.087948
-0.028052
-0.026478
-0.010461
0.091499
0.022257
0.024136
-0.020871
-0.018848
-0.064711
-0.095748
0.047417
0.004459
0.021665
0.071563
0.033817
-0.045507
-0.057393
-0.040444
0.056516
0.095403
0.013959
-0.003640
0.008682
0.072385
0.034664
-0.109585
0.006473
-0.022468
-0.067954
-0.023815
-0.078420
-0.040123
0.032491
-0.027418
0.008062
0.055753
0.042574
0.063212
-0.086490
-0.028221
-0.029781
-0.104998
0.042230
0.082528
-0.036589
-0.021218
0.090051
0.016663
-0.077037
0.044519
0.046374
-0.025693
-0.019479
-0.013952
-0.079727
-0.079280
-0.009570
0.002869
0.060480
0.014853
0.029670
-0.061177
-0.107243
0.025991
-0.106131
0.023820
0.016165
0.013466
0.035886
0.040132
0.051047
0.027698
-0.058769
-0.044098
0.057644
-0.040875
-0.067823
-0.145435
-0.101279
-0.048804
-0.033094
0.056833
0.004368
0.001888
0.031249
0.042665
-0.032151
0.059180
0.001588
-0.120584
-0.063787
-0.055940
0.025365
-0.064008
-0.030192
0.035358
0.018128
0.044987
0.036334
0.064289
0.037680
0.077426
0.009280
0.020844
0.128080
0.091384
0.086489
0.078452
-0.004583
-0.016247
0.040162
-0.025363
0.023220
0.026284
0.078368
0.024246
0.045898
0.032005
-0.077881
0.065780
-0.011305
0.019297
-0.006168
-0.004215
-0.114925
-0.059528
-0.021385
-0.116263
-0.004343
-0.071073
-0.063630
0.005285
-0.037896
-0.025093
-0.004668
-0.022004
-0.027300
-0.006201
-0.058791
0.027688
0.089664
-0.036836
-0.085578
-0.026046
0.001372
0.047052
0.072346
-0.006917
-0.057207
0.016036
-0.026356
-0.056867
-0.088533
0.082830
0.056747
-0.003980
0.039728
0.002857
-0.013106
0.078203
-0.000788
0.046984
-0.040561
-0.012181
-0.024291
-0.049579
0.060365
0.054916
0.036753
-0.057721
-0.103580
-0.063897
-0.088819
0.050277
0.040427
-0.010853
-0.027832
-0.018086
-0.018345
-0.065602
-0.001573
-0.081161
-0.071625
0.038594
0.016752
-0.028401
-0.066446
-0.039108
-0.032559
0.063292
0.114655
-0.009821
-0.017647
0.020276
-0.014177
-0.028630
-0.004080
0.027888
0.006581
0.025402
-0.011882
0.052843
-0.003547
-0.089615
-0.010683
0.036269
-0.005460
-0.028195
-0.009971
0.050411
-0.066607
-0.041064
-0.029639
-0.026090
-0.023995
-0.041227
-0.048334
0.068038
-0.038094
-0.003195
0.100089
0.017807
0.006686
-0.039659
-0.070850
-0.111478
-0.042314
-0.029079
0.031903
-0.123034
-0.114707
0.044039
-0.044925
0.023663
-0.005739
-0.016925
0.096311
0.025005
-0.061030
-0.041106
0.074660
-0.033252
-0.057609
-0.002711
0.014407
0.086341
0.047436
0.104499
0.080198
-0.026807
0.073608
0.024177
0.029039
0.070735
-0.011608
-0.018194
-0.006203
0.003657
0.040711
-0.040678
-0.100997
-0.130324
0.042786
0.052525
-0.055194
-0.031352
-0.039503
0.017663
0.033966
-0.011394
-0.032646
0.011370
0.108078
0.058633
-0.014529
-0.038750
-0.025847
0.024193
0.005495
0.010408
-0.029903
-0.015042
-0.024156
0.074353
0.008447
-0.099813
-0.051572
-0.055993
0.016377
-0.040297
-0.019138
0.036047
-0.007534
0.006405
0.101939
0.008438
-0.015029
-0.034665
-0.034382
0.036157
0.070253
0.024802
0.009818
-0.001895
0.045969
-0.008954
0.061003
-0.014879
-0.056346
-0.155709
-0.072339
-0.115943
-0.009458
0.000856
-0.041435
0.026573
-0.067732
-0.034627
-0.076543
-0.046071
-0.085511
-0.045977
0.061898
-0.010183
0.041271
0.048281
-0.093216
0.035978
-0.016803
-0.075412
0.043114
-0.003736
0.019738
0.099268
-0.027063
0.025050
0.009255
-0.063342
-0.035909
0.039619
0.108059
0.011193
0.043197
-0.030163
0.017808
0.115355
0.092402
0.027515
0.017528
0.022492
-0.057114
-0.025293
0.044259
0.010603
0.062011
0.062730
0.016099
-0.052941
-0.042649
0.006079
0.072934
-0.065912
-0.007788
-0.046933
-0.014128
0.007361
-0.008772
0.023491
0.006615
-0.003871
0.030703
0.053243
-0.060063
0.026476
-0.018906
-0.033694
-0.019081
-0.108853
-0.053404
0.062276
0.017489
0.001182
0.005590
-0.014640
0.008997
-0.048530
-0.010723
0.036571
0.054383
0.107849
0.091355
0.022839
0.061550
0.082017
0.067017
0.037071
-0.051975
-0.025560
-0.072887
-0.082854
0.057044
0.041047
0.091025
0.083719
0.106221
0.086543
0.040387
-0.012768
-0.078735
0.026457
-0.075544
0.013866
-0.039249
-0.019724
-0.014462
0.018347
-0.010729
0.073608
0.008688
0.025445
0.062989
0.075029
0.061222
-0.074290
-0.074259
-0.049266
-0.035085
0.005476
0.080377
-0.014984
0.000870
0.035353
0.024196
0.121917
0.080625
0.083682
0.000392
-0.008866
0.004752
-0.033029
-0.049737
-0.025290
-0.047570
0.058858
0.013481
0.039263
0.019226
-0.033978
-0.038107
-0.048339
0.028733
0.041385
0.083345
0.058889
0.023768
0.103732
0.034101
-0.012292
-0.038693
-0.004096
0.072451
-0.014933
0.018550
0.022642
0.031120
0.031577
0.008068
0.047521
0.084177
0.027253
0.094839
0.075707
-0.039496
0.038398
0.011814
-0.010301
-0.015871
-0.072048
0.030942
0.053681
0.083039
-0.019978
0.103143
0.002450
-0.045580
0.035224
-0.006638
-0.004333
0.064475
-0.031303
0.017071
-0.069157
-0.065398
0.030483
-0.044003
0.072445
0.038327
0.004266
0.034993
0.011020
0.012498
0.011205
0.012805
-0.029558
0.008898
0.124161
-0.024797
0.021534
0.006649
0.000590
-0.011805
-0.032672
-0.026067
-0.050512
0.054704
0.007293
0.033750
0.107235
-0.009793
-0.037411
0.057285
-0.004190
0.003555
0.034284
0.061303
0.001967
-0.006008
-0.090060
0.004377
0.033252
-0.013572
-0.013591
-0.019985
0.039446
-0.048226
0.041762
-0.035518
-0.183024
-0.063154
-0.045447
-0.091883
-0.017709
-0.062436
-0.078932
-0.016853
0.059027
-0.029337
-0.018456
-0.056506
-0.160910
-0.076117
0.001928
0.002614
0.004271
-0.012823
-0.042596
-0.029057
-0.108973
-0.053122
-0.114409
0.004536
-0.056911
0.070186
0.101327
-0.042863
0.009937
-0.054915
-0.062559
-0.086595
0.006735
0.099946
0.096107
0.047721
0.006830
-0.015854
0.063266
0.048185
0.092534
0.134792
0.033739
-0.075562
0.035729
0.079846
0.038742
-0.015215
0.023711
0.090028
0.051581
-0.013843
-0.006829
-0.017711
-0.004936
0.079891
0.027789
0.041082
0.105844
0.022057
-0.013080
0.035499
0.035520
0.056814
0.154008
0.102012
0.054350
-0.050682
0.022050
0.074183
0.081524
-0.002992
-0.087670
-0.093208
0.089301
0.074075
0.057129
0.162383
0.027220
0.073668
0.008827
-0.033011
0.058324
0.062832
0.018136
-0.004765
0.035114
0.064044
0.007307
-0.003328
0.104572
0.072920
0.020255
0.036943
0.082155
0.161230
0.108169
0.138801
0.056147
0.074581
0.043983
0.034654
0.047614
0.005094
0.078603
-0.032257
0.010327
-0.032866
-0.034784
0.050049
0.060470
0.014612
0.031481
0.138789
0.035892
0.074418
0.005375
0.097437
0.021276
-0.010211
0.045016
0.002649
-0.009149
-0.104474
-0.014759
0.039489
0.091234
-0.047714
0.056753
0.019635
-0.136789
0.012367
-0.049510
-0.023742
-0.030224
0.017507
0.038606
0.030574
0.142986
0.073813
0.025181
0.093837
0.096260
0.018231
0.060247
0.103546
0.025274
0.030823
0.016758
0.133158
0.024352
0.037184
-0.008312
-0.051693
0.012171
0.051003
0.025310
0.046142
0.038065
-0.016996
0.026930
0.006632
-0.040441
-0.061090
-0.054807
-0.026932
0.052635
-0.009435
-0.095808
-0.084012
0.060107
0.065421
0.044111
-0.147858
-0.087937
-0.124696
-0.110111
-0.041838
-0.038569
-0.037732
0.023874
-0.018391
0.039614
0.069628
-0.039496
0.039026
-0.005204
-0.054048
0.001693
0.005853
0.128040
0.077282
0.028449
0.058726
0.011625
0.062601
0.024127
0.108648
0.074785
-0.014612
0.028422
0.015120
0.046478
0.107705
0.043004
0.023490
0.020296
-0.072199
-0.064645
0.074319
-0.021999
0.002148
0.004301
-0.072498
0.142837
0.105763
0.049734
0.040977
-0.007270
-0.020445
-0.025170
-0.012692
-0.024679
-0.027240
-0.058825
-0.040517
-0.049331
-0.077413
0.004758
-0.006311
-0.037822
-0.021757
0.028684
-0.006715
-0.003723
0.040294
0.074355
0.112248
0.026454
0.037640
0.054782
0.011864
0.004204
-0.034634
-0.026907
0.010269
0.004924
-0.013603
0.055370
0.080833
0.062861
0.039957
0.017336
0.021928
-0.022862
0.028155
-0.015194
0.087307
0.103664
0.000578
-0.025666
-0.016594
-0.041931
-0.033699
-0.061368
-0.079492
-0.042436
-0.026442
-0.095767
-0.126961
0.003776
-0.017686
0.024053
0.121676
0.033138
0.016586
0.090321
0.061366
0.058753
-0.025168
0.035409
0.035375
0.044121
-0.039619
0.006699
0.063751
0.123084
0.111034
0.079582
0.116163
0.099051
0.062560
-0.021209
-0.074728
0.002254
0.105952
0.033719
-0.039082
-0.044219
0.017909
0.058924
0.023893
-0.021452
0.031856
0.002635
0.098864
-0.040464
0.017523
-0.031725
-0.144206
0.028379
-0.043885
0.013564
-0.037319
0.100762
-0.063038
-0.012373
-0.040687
0.045723
0.118173
0.056383
-0.046645
-0.011127
-0.086029
-0.010597
0.016115
0.012693
-0.004891
-0.046222
-0.001523
0.022706
-0.017700
-0.089399
-0.087002
-0.003925
-0.068611
-0.019877
0.023157
-0.030681
0.036543
0.066087
-0.101540
-0.028037
-0.065678
-0.081669
-0.054966
-0.106689
-0.007521
0.033264
0.017772
0.113333
0.042674
-0.017856
-0.004349
0.054088
0.085855
-0.015026
-0.038030
-0.037979
-0.035064
-0.079551
-0.059448
0.024698
-0.020123
0.069314
0.078053
0.062464
0.056307
-0.003345
0.011723
0.074502
-0.045350
-0.001398
0.017735
0.093842
0.062535
0.014498
-0.038853
0.018329
-0.038472
-0.078649
0.028556
0.001597
0.043565
0.044093
0.083058
0.040227
0.019509
-0.021726
-0.017543
0.010294
0.024523
0.092169
-0.043001
-0.060664
0.008539
0.056935
0.024082
-0.048184
0.050042
0.075051
0.082192
0.077039
0.070678
0.022752
-0.121364
-0.084437
0.048794
0.011297
0.030719
0.047570
0.042063
0.054016
-0.017082
-0.034169
-0.003452
-0.038905
0.018262
0.035718
-0.050552
0.028179
0.117713
0.035677
0.068799
0.030097
-0.001138
-0.065519
-0.055195
0.081086
0.021231
-0.016238
0.047884
-0.073161
-0.061447
0.025630
0.011412
0.052572
0.090231
0.044949
-0.030802
-0.073493
-0.028834
0.019768
-0.047716
-0.014721
-0.000478
0.022790
0.059987
0.021825
-0.015143
0.050625
0.017997
-0.022159
-0.076829
-0.051223
-0.016286
-0.077936
-0.031888
0.017552
0.024702
-0.016368
0.054329
0.058105
0.014418
0.119691
-0.005947
0.008695
0.094320
0.012863
0.035824
-0.064873
-0.039178
0.017712
0.031863
-0.000007
0.055586
0.091485
0.006107
0.044706
-0.029631
0.005459
-0.011005
0.043906
0.050663
-0.009775
0.029745
0.020193
-0.091512
0.005000
0.042432
-0.008520
0.048309
0.068313
0.036454
0.021430
0.017188
-0.056185
-0.063150
-0.054937
-0.054775
-0.051582
0.020426
-0.020479
0.009691
0.004165
-0.066909
0.033151
-0.041373
0.050694
0.067933
-0.010068
-0.049468
-0.049604
-0.090274
-0.018004
0.009869
-0.114293
-0.027090
-0.052081
-0.026855
-0.022982
-0.084710
-0.032196
-0.099534
-0.090775
-0.075853
0.092612
0.103300
0.141476
0.082339
0.038977
0.103280
-0.007197
-0.067544
-0.032631
-0.019625
0.008243
-0.048719
0.098760
0.053194
0.035942
-0.058764
-0.043094
0.050886
0.017420
-0.015187
-0.033488
-0.035600
-0.021506
0.019757
-0.016228
0.068492
0.052958
0.018641
-0.008533
0.015614
-0.017469
0.047134
-0.020175
0.016674
0.034611
-0.014767
0.030918
0.044203
0.005104
0.033336
0.060665
0.013168
-0.017928
-0.040834
-0.010477
0.130409
0.017604
0.074630
0.091910
-0.005665
0.155027
0.040893
-0.007736
-0.003989
-0.124166
0.008615
-0.097634
-0.083817
-0.098787
0.072385
0.074897
0.114594
0.085873
-0.055642
-0.030795
-0.028456
-0.068698
-0.011644
-0.101057
-0.023712
0.007655
-0.015300
-0.053934
0.020356
0.001510
-0.004366
0.156181
0.017954
0.039841
0.182891
0.069690
-0.013095
0.010758
-0.015950
-0.048903
-0.074022
0.028282
-0.022229
-0.125347
0.044918
0.073828
-0.039849
-0.057883
-0.041343
-0.115618
-0.032529
0.060858
-0.091643
-0.033322
0.013303
-0.039542
-0.087936
-0.040762
0.014411
0.115695
-0.045587
0.024065
-0.043577
-0.088098
0.019548
-0.013576
0.090242
0.065314
0.108409
0.007998
-0.036573
0.039606
0.048967
-0.022138
0.035659
0.021063
0.065568
-0.015638
-0.003786
0.013131
0.021474
-0.003254
-0.062507
-0.012619
-0.044636
-0.019223
0.090950
0.049991
0.023163
0.015377
0.070817
0.112893
0.000121
-0.033701
0.087140
-0.005086
0.009311
-0.022362
-0.108384
-0.080386
-0.138853
-0.018458
0.030694
-0.024983
0.004644
0.054851
0.019842
0.073447
-0.002979
0.035868
-0.000828
0.007009
-0.060419
-0.040835
0.020092
-0.004974
0.027738
0.040324
0.127601
0.015550
0.039295
0.055785
-0.036868
0.023650
0.012979
0.071023
0.059662
0.001662
0.039184
0.027981
-0.019986
0.016007
0.059291
-0.023074
0.034265
-0.021595
-0.055145
-0.056377
-0.014031
0.009370
0.010009
-0.030078
0.004694
0.085837
0.009412
-0.058452
-0.029437
-0.036541
0.047696
0.042635
-0.015366
-0.073109
0.046695
-0.074425
-0.062349
-0.010821
-0.022655
-0.029247
0.019012
0.054916
-0.005592
0.053342
0.091600
-0.072269
0.012286
0.051923
0.061986
-0.063436
-0.016037
0.070196
0.049008
0.071407
0.031633
-0.081556
-0.047956
0.033882
-0.104392
0.021469
0.093396
0.041783
0.094903
0.088146
0.008539
-0.076220
-0.094930
0.057410
-0.006452
0.081994
0.024358
-0.043090
-0.125938
-0.008703
0.094783
-0.010451
0.012174
0.043333
0.059270
0.019420
0.101119
0.036709
0.032607
-0.028675
0.049983
0.015054
-0.022058
0.005438
-0.083464
-0.043810
-0.028175
0.039060
0.072656
0.009914
0.075678
-0.046520
0.031505
0.069860
-0.026433
-0.010943
0.000256
0.076059
-0.017133
0.105659
-0.010278
-0.065867
-0.086982
-0.018241
0.063752
-0.004366
-0.056232
0.054645
0.041423
0.093786
-0.032246
-0.044352
-0.015343
0.053576
0.058910
0.045631
-0.020951
-0.076814
-0.076308
0.020186
0.016816
0.004919
0.058038
-0.034074
-0.060028
0.015856
0.023256
0.029884
-0.001613
-0.017096
-0.065405
-0.122241
-0.106420
-0.039265
-0.084097
0.016636
0.106563
0.097817
0.009811
0.010839
0.045755
0.107103
0.058894
0.008610
0.064839
0.092799
0.006616
0.098078
-0.026747
-0.016302
0.078197
0.033920
0.026824
0.037487
0.044712
0.008785
0.008641
-0.077503
-0.080409
-0.026043
0.002156
-0.006498
0.003861
0.064780
0.168640
0.067900
-0.074348
0.053933
0.000739
-0.056954
0.015730
-0.042450
0.001580
-0.061805
-0.078372
0.026516
0.079291
0.077630
0.038962
0.039382
-0.000705
0.119073
0.068542
0.035114
0.046813
0.048033
-0.018592
-0.114692
0.014863
0.100504
0.046869
0.020113
0.017437
0.050023
0.066807
0.039241
-0.092272
-0.031173
-0.009989
-0.096932
-0.000217
-0.046206
0.060076
0.009017
-0.015874
0.049900
0.048595
0.039091
0.068161
0.012023
-0.063656
-0.054709
0.041531
0.130647
-0.003035
0.008301
-0.039950
0.020780
0.090759
0.019700
-0.061552
0.026382
0.026682
0.133496
0.082285
0.055840
0.085818
0.046729
0.075045
0.030000
0.063546
0.018059
0.114254
0.038547
-0.029657
0.042636
-0.022372
-0.016764
-0.019872
0.010852
0.008335
0.034225
-0.004991
0.139580
0.043656
0.077956
0.129651
-0.006413
0.137705
0.038468
-0.086850
0.049480
0.068014
-0.010597
0.016834
0.013212
0.059593
0.008851
0.092150
0.051549
-0.034605
-0.024616
0.003344
0.095715
-0.018875
0.049611
0.016059
0.044755
0.016512
0.047993
0.110556
-0.009586
-0.068682
0.079560
-0.016950
-0.087083
0.072998
0.028988
0.021627
0.038575
-0.044951
-0.041447
0.009190
0.095104
-0.056463
0.057779
0.049335
0.031161
0.075772
0.089495
0.087065
0.023002
0.053994
0.123943
0.098534
-0.053140
-0.043306
-0.006793
0.013296
-0.067205
-0.026725
0.030304
-0.026442
0.088778
0.012489
0.025412
0.076636
-0.082432
-0.042887
-0.056637
-0.116049
-0.037368
0.053543
0.052123
0.003343
0.024239
0.012754
-0.027436
0.035367
0.068917
0.117396
0.021866
-0.107159
-0.032040
-0.035988
-0.064281
0.066413
0.031963
-0.001059
0.113143
0.001269
0.033750
0.045366
0.032389
0.083673
-0.023678
-0.088722
-0.030737
0.027730
0.012477
0.050912
0.064279
-0.049979
0.045622
0.033927
-0.014950
-0.002734
-0.087480
-0.011881
0.029845
0.039090
0.060940
-0.063151
0.025115
0.043203
0.053166
0.152165
0.043223
-0.007953
0.097341
0.064247
0.023736
0.010558
0.048045
-0.003670
0.041925
0.001328
-0.062413
-0.064966
-0.020093
-0.032241
0.053595
-0.046980
-0.001342
0.049413
-0.002923
0.047058
0.047793
0.025036
-0.050107
-0.015131
-0.053468
-0.046093
-0.047695
-0.121549
-0.063340
-0.042743
-0.001111
-0.032751
-0.096745
-0.025516
-0.019056
-0.089669
-0.001229
0.002440
0.041247
0.036110
-0.005887
0.082222
-0.049633
0.002570
0.001586
-0.059264
-0.072046
-0.039691
0.020597
0.012815
0.091969
0.033204
-0.023987
0.028491
0.079579
0.028966
0.007092
0.026411
0.021046
-0.013984
-0.070626
-0.003567
0.027287
0.012981
0.047116
-0.003196
-0.054645
0.012909
-0.088297
-0.040104
0.030014
0.033731
0.046071
-0.012148
0.085340
-0.000297
-0.096774
0.033078
-0.036009
0.027284
0.032444
0.057412
0.091006
0.008379
0.088916
-0.000708
0.055085
-0.073957
-0.083576
-0.007893
0.000885
-0.026016
0.031635
0.030156
0.062836
-0.032315
0.008193
-0.053092
0.032238
-0.041589
-0.046030
-0.005477
-0.022531
-0.014907
-0.056343
0.031224
-0.088663
-0.053396
0.026233
-0.153164
-0.047835
0.048958
0.034658
-0.055376
0.002220
-0.004097
0.060451
0.080695
0.050715
0.025785
0.073278
0.017394
0.005308
-0.030152
0.044536
-0.063553
-0.028875
-0.061618
-0.030545
0.025912
-0.068866
0.006892
0.041396
-0.010246
-0.068610
-0.011917
0.006219
0.001391
-0.036143
-0.074341
0.015595
0.056881
0.034905
0.045200
0.000140
0.017154
0.001681
-0.050515
-0.032974
-0.024169
0.068677
0.049759
-0.013019
0.069211
-0.057918
-0.027859
-0.044211
-0.002753
0.051882
-0.030926
0.109648
0.060165
0.075771
-0.060927
0.046864
0.065097
0.103689
0.098902
0.031601
-0.007110
-0.009534
-0.025708
0.037220
0.069379
0.096367
0.052704
0.075722
0.211642
0.079423
0.144562
0.075019
-0.043018
0.030369
0.019621
0.059979
0.123708
0.053069
0.044986
0.106665
0.126589
0.054079
0.019923
-0.034797
0.064064
-0.070382
0.044168
-0.026676
0.031244
0.006667
0.012491
0.002967
0.008855
-0.053954
-0.007241
0.080108
-0.031158
0.046260
0.038182
0.061047
0.074762
-0.125572
-0.052471
0.027157
0.013974
-0.005822
0.096283
0.045257
-0.013599
0.041958
0.009578
0.024131
0.098734
0.090784
0.064585
0.055346
-0.041743
0.084978
0.023737
0.058412
0.124664
0.037258
-0.001930
0.002119
0.000524
0.042419
0.038057
-0.017304
-0.012457
-0.015501
-0.016731
0.063055
0.122975
0.089871
0.086382
0.009135
0.026517
0.049381
0.040733
-0.083303
-0.055365
-0.092811
-0.109458
0.068361
0.005163
0.049301
-0.007838
0.048027
0.189197
0.091765
0.065319
0.075794
-0.102474
-0.088522
-0.027847
-0.001169
0.050977
0.065465
0.008109
0.115214
0.028526
-0.029558
-0.027620
0.037613
-0.043670
-0.050977
0.078557
-0.020209
0.020995
-0.061760
-0.075731
0.034131
0.002620
-0.057890
0.018298
-0.065033
-0.046823
0.092449
-0.029088
0.020415
0.032512
-0.080679
0.024933
0.036198
-0.012659
0.004924
0.064264
-0.005544
0.014453
-0.042750
0.067834
0.058769
0.082511
-0.011419
-0.055048
0.083579
0.130355
0.109341
0.086182
0.073320
-0.008816
-0.011890
0.011653
0.056986
0.047006
0.022130
0.000058
-0.056698
-0.120221
-0.052747
-0.013126
0.022399
-0.024225
0.008337
0.020893
-0.046855
-0.008316
0.050097
0.024993
0.003386
-0.049990
-0.021373
0.009235
-0.110804
-0.033619
-0.018862
0.051845
0.016110
-0.139218
-0.011116
-0.032830
-0.008550
-0.033843
0.027471
0.004284
-0.040279
0.077938
0.072874
-0.018345
0.013248
-0.016915
0.017754
0.041330
-0.022307
0.085609
0.000676
0.029666
0.019874
-0.042869
-0.011674
0.045780
-0.069053
-0.065172
0.165787
0.074069
0.053461
0.065857
0.069999
0.040522
-0.019967
-0.055733
0.027440
0.081111
0.123659
0.017838
0.021252
0.095142
0.058839
0.039554
0.065492
0.189030
0.044068
-0.022344
-0.059846
-0.000645
-0.062523
0.043334
0.091052
-0.003602
0.023962
-0.019915
-0.072812
-0.037916
-0.062224
-0.054543
-0.071242
-0.060374
-0.027135
-0.001288
0.112055
0.004206
-0.105782
0.006598
-0.026874
-0.015187
0.077681
0.021643
0.080923
0.066610
-0.013155
0.009678
-0.006219
0.004492
0.044657
-0.047419
-0.044015
0.032680
-0.054538
-0.011817
0.050651
0.033272
-0.037391
0.039022
0.011304
0.039466
0.018997
-0.038133
0.051570
0.066159
0.086400
0.033425
0.018796
0.066047
0.032964
-0.024830
0.036394
-0.021348
-0.123440
-0.037491
0.091115
-0.021726
0.000513
-0.091439
0.033378
0.066563
-0.008236
0.091882
0.144508
0.087211
-0.032459
-0.081458
-0.010867
-0.012041
-0.007062
0.052198
0.055916
0.049778
0.007797
-0.024277
0.012603
0.049665
0.090282
0.050444
-0.041118
-0.028065
-0.065510
-0.033577
-0.006030
0.065429
-0.015433
-0.000693
0.015443
-0.090342
0.034330
0.100530
-0.021109
0.002771
0.034295
-0.034330
0.027953
-0.069389
-0.068037
-0.052818
-0.030410
0.118568
0.095513
0.040221
-0.086127
-0.066799
-0.053640
0.030714
0.070326
-0.010179
-0.059519
-0.057409
-0.022647
-0.006749
-0.036096
-0.041633
-0.068508
-0.025891
0.041624
0.029735
0.039602
-0.009775
0.054093
-0.014697
-0.039024
0.018598
0.102375
0.096749
0.049917
-0.061841
-0.021320
-0.024654
0.063615
-0.067530
-0.019325
0.095011
0.055012
0.034001
0.131466
-0.034711
-0.007928
0.027713
0.064212
-0.021954
0.027315
-0.010620
-0.055762
0.046957
0.084661
0.125393
-0.021816
-0.036860
-0.007007
0.005029
0.013314
-0.027330
0.035418
-0.006288
0.001256
0.028455
-0.072698
-0.003919
-0.058378
-0.045598
-0.015974
0.061228
0.051155
0.043039
0.062850
-0.072379
0.023448
-0.028305
-0.061565
-0.040694
-0.126705
-0.080173
0.074794
0.083577
-0.045469
0.005920
0.073820
0.056888
-0.027139
0.019044
0.043047
0.026954
0.005277
0.072886
-0.024717
-0.033223
-0.005806
-0.009670
-0.044906
-0.020273
-0.024080
-0.109750
0.040026
0.030839
-0.032952
0.015996
-0.001459
-0.128861
0.104358
-0.008380
0.067407
0.022977
0.045319
-0.022689
0.005214
0.033225
0.039268
0.008044
0.035225
0.004698
-0.085424
-0.037851
0.060658
0.101568
-0.022393
0.072701
0.153478
0.044050
0.019202
0.126365
0.063760
-0.021298
-0.010598
-0.000688
-0.072544
-0.074387
-0.074108
0.093188
-0.005137
-0.003110
0.079000
-0.009662
-0.063583
0.016180
0.079883
-0.061979
-0.059732
-0.067514
-0.044470
0.032715
0.053101
0.111408
0.057209
0.036999
0.075370
0.064114
0.047872
-0.018249
0.016660
-0.008015
-0.000101
-0.095521
0.000212
0.093543
0.040051
0.032185
-0.048470
-0.060160
-0.039903
0.031412
-0.067924
0.023632
0.016921
-0.009778
0.083745
-0.019716
-0.008779
0.068177
0.071375
0.098526
0.053310
-0.039721
-0.041677
0.042071
-0.028588
0.009234
-0.021180
0.086463
0.000559
-0.033356
0.089522
0.033695
0.019767
0.059961
-0.025080
-0.015436
0.062234
0.136534
0.049780
0.068912
0.098732
0.007470
-0.012114
0.027318
0.024757
-0.024965
-0.033577
0.053847
-0.001818
0.073971
0.059333
0.048052
0.121595
-0.039018
0.021201
0.040701
-0.067796
-0.029026
-0.005538
-0.001648
0.010186
-0.002701
-0.020986
-0.037491
0.026252
-0.026927
0.083102
0.122211
0.027288
0.091004
0.042472
0.059919
0.084784
0.066411
0.134425
0.140961
0.097773
0.055978
0.057348
0.054976
-0.000638
-0.004550
0.055390
0.018907
-0.011045
0.024349
-0.009104
-0.006686
-0.040073
0.018864
0.113938
0.014285
-0.050907
-0.121435
0.066910
0.148982
0.014184
0.011465
-0.049609
0.016889
0.003611
0.049239
0.004054
-0.010823
-0.067125
-0.013886
-0.036479
0.027495
0.007996
-0.039614
-0.018813
-0.009163
0.061709
-0.056661
-0.003440
0.109486
0.049844
-0.017240
0.004298
0.018292
0.051708
0.051170
-0.079651
-0.046258
0.022766
0.020602
0.076191
0.137672
0.087279
-0.015493
-0.001625
-0.034427
-0.012558
-0.082894
-0.039551
0.020520
-0.058783
0.008500
0.029632
0.029040
-0.025102
-0.001848
0.042818
0.014893
0.099434
0.025587
0.029643
0.091181
0.018158
0.042313
-0.006330
-0.001055
0.032971
-0.053013
0.137623
0.024122
-0.009399
-0.023126
-0.143267
-0.099178
-0.082957
-0.053920
-0.005401
-0.082832
-0.087079
-0.009012
-0.096308
-0.017679
0.083810
-0.010005
-0.033428
0.028238
-0.018443
0.067057
0.007710
0.012759
-0.064916
-0.091097
-0.080433
0.001790
-0.008354
-0.004986
-0.041750
0.047361
-0.029751
0.007441
0.081034
0.077891
0.072097
0.079271
0.029463
0.025114
0.059806
-0.044239
-0.010210
0.112558
0.004675
-0.023531
0.002727
-0.112291
-0.092764
-0.055710
-0.096730
-0.076526
-0.053987
-0.044931
-0.022232
-0.077966
-0.054642
-0.032312
-0.131377
0.030948
0.019346
0.067740
0.152239
-0.014464
-0.070292
-0.022799
0.000833
-0.020772
-0.030039
0.063113
-0.031406
-0.058921
-0.019800
0.054530
0.049219
-0.019651
0.003087
-0.050900
-0.047328
0.052048
0.034546
0.010819
0.054466
0.018672
0.034898
0.068338
0.011391
0.051409
0.083979
-0.089047
-0.074951
0.004129
-0.024068
0.060292
0.077620
0.002007
-0.092176
0.072768
-0.003495
-0.063601
-0.062134
0.022638
-0.043886
0.008584
-0.024339
-0.025707
-0.072446
-0.047758
0.004780
0.016990
-0.037465
-0.051106
-0.012774
-0.054432
-0.035240
-0.004909
0.032725
0.019729
-0.035055
-0.108271
-0.014738
-0.031921
-0.035599
-0.012163
0.025531
0.016095
0.001940
0.030608
0.048504
0.004436
0.006336
-0.028570
0.015393
0.041915
0.010934
0.006882
-0.018526
-0.066283
-0.048951
-0.026341
-0.033490
-0.049372
0.061518
-0.062482
0.011075
0.129946
0.072585
0.096190
0.080169
-0.088947
0.028014
-0.030044
-0.015465
-0.107539
-0.062498
0.046581
-0.012305
0.115417
-0.018034
0.023469
0.040923
0.041740
-0.026653
-0.023883
0.042212
-0.024547
-0.045257
-0.075175
-0.104479
-0.075487
-0.001642
-0.019719
0.010346
0.009378
0.034758
-0.122985
-0.013429
0.036978
0.012751
0.007281
0.017223
0.039845
-0.004876
-0.013035
-0.039859
0.090334
0.018060
-0.020780
-0.092554
-0.063686
-0.020508
-0.046379
-0.003204
0.004059
-0.045450
-0.024545
0.000209
0.071698
-0.036022
-0.097844
-0.045264
-0.044984
-0.031329
0.034518
-0.006216
-0.033388
0.036148
-0.008318
0.001364
-0.101946
-0.050165
0.019811
0.063363
0.033415
0.066997
0.031857
0.001157
0.058457
0.000537
-0.029357
-0.104621
-0.125937
-0.005192
-0.106706
-0.003006
0.032932
-0.011424
0.019611
0.070352
0.062554
0.029566
-0.056722
-0.004841
0.007794
0.076054
0.030167
-0.015721
-0.027776
-0.074918
-0.025717
-0.060410
-0.167540
-0.057489
0.025125
0.021251
-0.111319
0.012748
0.011378
0.021934
0.038822
-0.002079
0.022761
0.018260
0.143791
0.116877
0.046609
-0.017747
0.112116
0.033050
-0.066840
-0.033234
-0.062899
0.019574
-0.010926
-0.036477
0.061417
0.030168
-0.043851
-0.028928
0.037429
0.036745
-0.016160
0.005013
-0.073081
-0.034039
0.064844
0.001845
0.046981
0.044580
0.022178
0.052581
-0.057393
-0.061968
0.048855
0.029249
0.038881
0.150022
-0.003020
0.006546
0.009481
-0.053891
-0.040213
0.070144
0.023951
0.015573
-0.047108
-0.055244
-0.053517
0.064143
0.038261
0.003607
0.008651
0.045848
0.036109
-0.070725
0.084837
-0.035544
-0.031819
-0.091087
-0.092095
0.005912
-0.022352
-0.018138
0.060457
0.001552
0.058820
0.007256
-0.021264
-0.000872
-0.013438
-0.064400
-0.127540
-0.003830
-0.019429
-0.069795
-0.010079
0.088880
0.113709
0.085717
0.000566
0.010855
-0.016122
0.126505
0.080612
0.006017
0.010555
-0.038868
0.037010
0.141571
0.145304
0.082476
0.012070
0.009373
-0.028692
-0.053975
-0.001979
0.113625
-0.050503
-0.061568
0.023553
-0.008693
-0.013927
0.030974
0.064900
-0.000296
0.025092
0.084209
0.029668
0.000585
-0.079987
-0.009804
0.031546
0.035083
0.029814
0.044169
0.004621
0.061437
-0.010375
0.007091
0.009456
0.004203
-0.015966
0.015432
0.021672
0.002226
-0.029964
0.013017
0.115289
0.007327
0.136774
-0.019990
-0.058560
0.007849
-0.049666
0.203196
0.071829
-0.023623
0.104143
0.011460
0.064080
0.001507
-0.099405
0.012383
-0.025377
0.036555
0.042693
-0.100886
0.109545
0.043258
0.013981
0.039855
0.048265
0.003359
-0.055571
-0.027946
-0.045707
-0.022351
-0.005427
0.021801
0.061286
-0.034565
0.152397
0.069375
-0.003742
0.095399
-0.074604
0.052318
0.100839
0.058471
-0.032889
-0.117295
-0.005501
-0.020767
-0.048755
-0.065033
0.069887
-0.050926
0.033698
0.065494
0.075407
0.068813
0.011631
-0.006045
-0.016151
0.003200
-0.044971
0.011954
-0.017224
-0.027001
-0.094015
-0.028936
-0.032099
0.023056
-0.040555
-0.027418
-0.039562
0.025736
0.044774
-0.070087
0.063219
0.002363
0.003691
0.045695
0.060286
0.016891
0.075255
0.022021
0.022410
0.017402
0.045326
-0.017890
-0.082981
0.013034
-0.025457
-0.053982
-0.058512
-0.040317
-0.002710
-0.036130
-0.059521
-0.086725
0.055300
-0.028601
0.004671
0.017604
-0.035690
0.045265
0.095079
0.056958
0.000819
0.017648
0.120704
0.123990
0.070459
0.080139
0.140856
0.080298
0.084431
-0.016591
-0.104817
0.016762
-0.007504
-0.049445
-0.005520
-0.086622
-0.085725
-0.096213
-0.019630
-0.033498
-0.042458
-0.055041
0.037456
0.003207
-0.020370
-0.024640
-0.011824
-0.032762
-0.097824
-0.130869
-0.087034
-0.032777
-0.009783
-0.017868
0.034060
0.055687
0.042448
0.076113
-0.039297
-0.039209
-0.075190
-0.096799
-0.019806
0.086464
0.100362
0.023457
0.084561
-0.012517
-0.033155
0.046184
-0.013403
0.024186
0.038996
0.014015
-0.003004
0.029748
0.060517
0.092864
0.095501
0.012452
-0.012218
-0.041500
0.056028
-0.151913
0.007293
-0.025713
-0.031408
0.033980
-0.074070
-0.029889
-0.083821
-0.060523
-0.088811
-0.039706
0.025807
-0.033456
0.036285
0.112298
-0.040352
-0.004156
0.043050
-0.016562
-0.063504
-0.052022
-0.028996
-0.022141
-0.011535
-0.022241
0.039375
0.035700
0.039425
0.104098
0.103222
0.054857
0.010821
-0.017523
-0.047773
-0.020738
-0.059103
0.045521
0.085574
0.029649
0.136117
0.063435
0.071062
0.045101
-0.052068
0.031483
-0.050014
-0.005097
-0.028917
-0.133965
-0.023798
-0.035732
-0.041886
0.043219
0.023554
0.086153
0.036776
-0.002345
0.030187
-0.006557
0.015238
-0.017645
-0.103341
-0.121942
-0.030555
0.039985
0.011072
-0.006496
-0.057890
0.031805
0.067548
0.049487
0.049458
-0.033550
-0.108272
-0.035459
-0.049348
-0.085951
0.029745
-0.034350
0.034036
0.136154
0.068812
0.010071
0.030370
0.029394
-0.121782
0.049372
-0.058264
-0.049584
0.016324
-0.091370
0.052819
0.055991
0.023646
-0.095761
-0.062102
0.032717
-0.015082
0.021138
0.006211
-0.043353
-0.019655
-0.111712
-0.067909
-0.018234
0.018855
-0.045295
0.032352
0.008328
0.023934
0.116529
0.029976
-0.007631
0.001745
0.046336
0.007955
-0.033668
0.066316
0.014027
0.065465
0.121217
0.109549
-0.015200
0.021634
0.003039
-0.002611
0.033314
-0.015239
-0.096568
-0.034860
-0.042231
-0.018467
0.048025
0.059951
0.106516
0.110447
0.030242
-0.042391
-0.002414
0.011641
0.024387
0.060296
0.030968
0.024865
0.060696
0.054186
0.013479
-0.031786
0.008290
0.044503
-0.004995
-0.034845
-0.027604
0.009523
-0.014868
-0.042945
-0.018012
-0.002990
0.060861
0.070192
-0.029755
-0.058107
-0.020792
-0.002055
-0.030311
0.071407
0.095780
0.096031
0.081186
0.020182
0.015062
-0.028025
-0.083101
-0.026770
0.021547
0.075838
0.029951
0.046029
0.007738
0.064243
-0.013562
0.025043
0.012332
-0.065615
0.043674
-0.039946
-0.015043
0.036891
-0.054737
-0.034541
-0.013081
0.018251
-0.034487
-0.009416
0.032099
0.022810
0.060829
0.064510
0.043404
0.060576
0.094622
0.076000
-0.031513
0.019828
0.106234
-0.020304
0.074667
-0.043663
-0.014812
0.060137
-0.064685
0.038758
0.067255
-0.050883
-0.008640
0.016406
-0.018669
-0.024321
0.050180
0.036931
-0.011411
-0.076398
-0.062572
-0.142031
-0.047377
-0.066581
-0.021584
-0.018617
-0.004097
0.001392
-0.061964
0.076346
0.039712
0.014923
0.026686
0.012610
0.065206
0.083910
0.072149
0.028451
0.060326
-0.034774
-0.033228
0.016664
-0.004847
0.052249
-0.084796
-0.041159
0.027639
0.029400
-0.028138
-0.079837
0.004315
0.006608
-0.060883
0.107674
0.037317
-0.016559
0.091742
-0.034857
0.046537
0.003532
0.058312
0.071370
0.042379
0.115815
0.009795
-0.041000
0.027016
0.013539
0.102623
0.065584
-0.036903
0.041388
0.126758
-0.048529
-0.009799
-0.038406
-0.044017
-0.002288
0.080749
-0.013304
-0.053276
-0.011243
0.031583
0.013810
-0.036452
-0.018422
-0.030401
0.046935
-0.015474
-0.057072
-0.019120
-0.131995
-0.028291
-0.039524
-0.069469
-0.086649
-0.141852
0.011309
0.050483
0.022093
-0.023310
-0.028733
-0.011555
0.020387
0.011596
-0.058446
-0.061880
-0.072344
0.071724
0.015789
0.020330
0.064522
0.025237
0.005986
0.074334
0.026802
-0.024655
-0.007253
0.000230
0.048032
-0.087406
-0.052713
-0.065489
-0.052333
-0.060658
0.071556
0.019278
-0.019660
-0.047613
-0.007621
-0.004329
-0.014561
0.069020
-0.003951
-0.104781
-0.138756
-0.066234
0.024583
-0.047288
0.047310
0.047039
-0.049909
0.116447
-0.039689
-0.014853
0.094922
-0.087014
0.029016
-0.042331
0.016632
-0.079256
0.006438
-0.033869
-0.008984
0.054880
-0.055203
-0.129781
-0.018688
-0.034091
-0.014728
0.040332
-0.005741
0.045712
0.009414
0.077361
-0.000010
-0.057451
-0.013488
0.008638
0.032646
0.012117
0.045417
0.070949
-0.079449
-0.016926
-0.016551
-0.012508
-0.019245
0.083785
-0.071483
-0.034020
0.002333
-0.054806
-0.020403
0.019775
0.064647
0.043949
0.000091
0.092748
-0.040027
-0.067243
-0.064470
-0.046762
0.125422
-0.067715
0.051776
0.048866
0.036589
0.112221
-0.032587
-0.040546
0.067508
0.019758
-0.005626
0.034781
-0.046158
-0.012166
-0.014835
-0.038509
-0.026228
-0.031528
-0.042545
-0.038062
-0.005659
-0.068408
0.016059
0.049912
0.030961
-0.036394
0.042359
0.016659
-0.020149
-0.098879
-0.066368
-0.041894
-0.014707
0.092562
0.028679
0.049583
0.020951
0.005291
-0.045916
0.004345
0.013251
0.015497
-0.048797
0.034271
-0.139323
-0.056727
0.048199
0.060637
0.001864
-0.020103
0.079795
0.083047
-0.017817
-0.023515
0.185598
0.065201
0.010717
0.037063
0.023414
-0.040429
-0.031521
-0.100770
0.002440
0.034894
-0.034363
-0.055577
-0.057668
0.048493
0.126331
0.046134
0.027419
0.009218
0.080718
0.099046
0.070445
-0.079438
-0.028944
0.055743
0.092875
0.038105
0.043669
0.031209
-0.103805
-0.050707
0.079671
-0.080350
0.035033
-0.022498
-0.036382
-0.044549
-0.016431
0.005026
0.064686
0.039643
-0.090981
-0.040416
-0.111380
-0.027755
-0.059237
-0.013943
-0.008700
-0.082943
-0.024123
0.047066
0.069365
0.066043
0.036277
0.001279
-0.081159
-0.010377
-0.015856
-0.016787
-0.064191
-0.005788
0.016116
-0.004008
0.015549
-0.013651
-0.034880
0.017237
-0.006883
-0.041920
0.100931
-0.047780
-0.005140
-0.053005
-0.007952
0.033513
-0.001386
-0.029792
0.015952
-0.015813
0.042085
0.118596
0.049634
-0.022422
-0.075335
-0.033766
-0.020942
-0.105794
0.015405
0.043229
0.005082
0.068676
0.006298
-0.036239
0.045462
0.073888
-0.107531
-0.008879
-0.000036
-0.030039
0.004436
-0.040117
-0.075150
-0.088841
-0.033719
-0.047043
-0.072122
0.071525
-0.007529
0.032845
0.005245
-0.020632
0.084027
0.016469
-0.041138
0.018267
0.007457
0.051186
-0.018968
0.028772
0.025506
-0.031158
-0.051883
-0.015515
-0.066643
-0.046270
0.040703
-0.081218
-0.006349
0.055633
-0.045202
0.062726
0.031751
-0.015395
-0.009655
-0.063078
0.018951
-0.048371
-0.081320
-0.004079
0.046631
0.064402
0.092539
0.093524
0.051787
0.110329
0.059140
0.021688
-0.035152
-0.031761
0.057025
0.033285
0.025519
0.033512
-0.042233
-0.079689
0.047978
0.027007
-0.035603
0.033519
0.038680
-0.039336
-0.074050
-0.051128
-0.071157
0.013588
0.055720
0.042342
0.082131
0.047924
0.057661
-0.027739
-0.000229
-0.052758
-0.075769
-0.115449
-0.040358
-0.120910
-0.086618
-0.092387
-0.047045
0.036518
0.058518
0.009111
0.064166
-0.027319
-0.081231
0.001825
0.085917
0.052732
0.001376
-0.036867
-0.081008
-0.012763
-0.110055
0.012530
0.120220
-0.008372
-0.056029
0.018567
0.047455
-0.021221
0.026071
0.006487
-0.014958
0.002179
0.012735
0.074695
0.057281
0.076626
0.106342
0.059955
0.031074
-0.043668
-0.021066
0.012142
0.021212
0.044561
-0.021423
-0.095041
-0.055866
0.071870
0.052239
-0.012140
-0.015505
-0.033912
-0.004594
-0.040411
-0.018689
-0.037201
0.012068
0.031021
0.018469
0.027495
-0.022794
0.046265
-0.027984
-0.103976
0.049048
0.045513
0.006844
0.092168
0.003941
-0.001612
0.066524
0.109387
0.116234
0.063955
0.093497
-0.009776
0.007247
-0.058784
-0.017370
-0.044296
0.010596
0.042064
-0.029594
0.092276
-0.051428
0.030382
0.060567
-0.055032
0.052339
-0.018457
-0.042657
0.093951
0.074073
-0.007978
-0.051109
-0.084077
-0.025911
0.024464
-0.044714
-0.027794
-0.022534
-0.065816
0.014146
0.026361
-0.003980
0.011132
-0.058901
-0.063784
-0.000679
-0.055459
-0.012402
-0.048672
-0.085001
-0.045516
-0.121075
0.054683
0.094505
0.029653
0.071204
0.000258
0.022191
-0.005928
0.023486
-0.009315
-0.044121
-0.075738
-0.000757
0.043037
0.070732
0.033286
-0.068624
0.025695
-0.020204
0.035644
0.075120
-0.044845
-0.039218
0.037907
0.084768
0.027368
0.050020
0.093824
-0.025051
0.043864
-0.000587
-0.064444
0.009993
-0.002757
0.035377
0.026851
0.068154
0.013362
-0.019867
0.017512
-0.048358
-0.034134
-0.019044
-0.030297
0.097618
0.073189
0.044760
-0.007418
-0.008493
-0.036561
-0.054739
0.032873
0.033790
-0.054377
-0.020272
0.017767
0.025199
-0.040267
-0.051624
0.021288
-0.006965
0.061660
0.071777
-0.034475
-0.055390
-0.076991
0.083604
0.056489
0.000707
-0.087841
-0.022809
-0.010755
0.003016
0.018439
0.054397
0.109582
0.074008
0.028558
0.021622
-0.029887
-0.012556
0.023494
-0.015283
-0.009309
0.028520
0.032718
-0.003787
-0.043005
0.059601
0.078205
-0.032942
-0.070589
0.019199
0.041049
0.040303
0.092054
-0.054662
-0.135254
-0.018723
-0.054018
0.027393
0.072436
-0.031449
0.024383
-0.038336
-0.005082
-0.065785
0.096124
-0.041542
-0.012563
-0.030745
-0.018382
0.051079
0.011239
0.017192
0.009797
-0.034756
0.009555
0.005761
-0.034408
0.018081
0.013235
-0.038813
0.027382
-0.053392
0.013208
-0.032256
0.032302
0.095973
-0.024899
0.066889
0.028460
-0.110213
-0.058535
-0.097452
-0.076710
0.011066
-0.013220
0.021590
-0.036805
-0.009895
0.023228
-0.049944
-0.013013
-0.004668
0.008442
0.015123
0.037047
-0.058074
-0.016526
0.005585
-0.009763
0.089968
0.008694
0.012443
-0.006030
0.013561
0.066776
-0.010157
-0.013970
-0.037681
-0.024049
-0.036217
-0.077910
-0.040326
0.035027
-0.110535
-0.108277
0.016286
-0.135403
0.006590
0.065729
0.098359
-0.051316
-0.078243
-0.134057
-0.137721
-0.078195
-0.068957
-0.103400
-0.099282
-0.064810
-0.019224
-0.022378
-0.102557
0.042722
0.019786
-0.041701
0.058432
0.109044
0.073235
0.005167
-0.004286
-0.023613
0.039979
0.030126
0.073413
-0.023744
-0.024415
0.058886
-0.052154
-0.047822
-0.068734
0.002275
-0.003444
0.005405
0.080341
0.059981
-0.015043
-0.026184
0.052979
0.001631
0.009556
0.018269
0.017737
0.047035
0.032445
0.032575
-0.038920
-0.033635
-0.090281
-0.016351
0.079232
-0.025350
0.026263
0.041559
-0.026186
-0.010254
-0.064774
-0.038433
-0.001294
0.065303
0.015593
0.066751
0.183210
0.054147
0.039199
0.029177
0.060608
-0.023543
-0.130882
-0.106887
-0.022235
-0.086822
-0.110721
-0.004142
-0.032304
-0.016129
0.042985
-0.018331
-0.040994
-0.001545
-0.062838
-0.096285
-0.048859
-0.102148
-0.027716
0.002328
0.010912
0.023574
-0.004405
-0.026541
-0.017502
-0.049654
0.002384
0.087139
-0.026208
-0.075419
-0.103282
-0.147753
0.035067
0.086015
0.051017
0.025343
0.045137
0.087166
0.043894
0.010649
-0.024899
-0.015685
-0.053084
-0.078799
0.023683
0.030318
-0.025413
-0.029684
-0.081718
0.047695
0.081574
0.105527
0.012526
0.049498
0.025544
-0.013010
-0.053791
-0.020984
0.046510
0.030453
0.069074
-0.017472
-0.070894
0.017341
0.037587
0.050883
-0.019996
-0.061270
-0.080540
0.075078
-0.046162
-0.108098
-0.009240
0.003518
-0.030758
-0.057038
-0.004982
-0.038150
-0.053178
0.044315
0.055161
0.060022
0.015617
0.026605
-0.011824
0.023854
0.063140
0.010590
-0.000034
-0.007713
0.095799
0.047228
0.062808
-0.025216
0.017211
0.106186
0.084887
0.134266
-0.016967
-0.063844
-0.059147
0.026946
0.019583
0.048258
-0.103932
0.110393
0.181650
0.033820
-0.011631
0.011590
0.101759
0.063395
0.022112
-0.022960
-0.023835
0.013521
0.037278
-0.005500
-0.098342
-0.130650
-0.050343
0.014833
-0.011065
-0.041997
-0.038295
0.023476
-0.064366
0.013326
0.084368
-0.093253
-0.000114
0.084529
0.083654
0.077291
0.033710
-0.022675
0.051758
0.062651
0.134337
0.044566
-0.020662
0.073244
0.090384
0.088470
0.022642
0.057712
0.080680
0.043987
0.014372
0.057187
0.036681
0.014546
0.027190
-0.043217
0.018243
0.061156
0.062680
0.083282
-0.011084
0.034926
0.112159
0.012988
0.001038
-0.036385
-0.000549
-0.000623
-0.122421
-0.035847
-0.010136
0.009278
0.064716
0.036794
0.064651
-0.004264
0.043989
0.025483
-0.021148
-0.075418
-0.025885
0.000577
0.001364
0.078217
-0.008266
0.018673
-0.026023
-0.110145
-0.073193
0.032239
-0.069774
0.045909
-0.030632
-0.134629
-0.076896
-0.014778
0.000483
0.032124
-0.007124
-0.038753
-0.115397
-0.045267
-0.030555
0.026019
-0.006131
0.010968
-0.007322
-0.155774
0.005204
-0.071374
-0.035745
0.017576
0.034155
-0.007517
-0.074186
-0.017427
-0.026338
-0.165082
0.058003
0.092966
-0.087406
-0.030907
-0.002920
0.047739
-0.070835
-0.014601
0.032900
0.020918
0.111859
0.049705
0.079750
0.016769
-0.041999
-0.006066
0.082406
0.046467
0.075023
0.043925
-0.032834
-0.023532
0.039083
-0.002231
0.085343
0.067376
0.026534
0.008294
-0.082162
0.009712
-0.029237
-0.078967
0.036656
-0.040686
0.004333
0.043339
0.079181
0.112692
0.056568
0.025903
0.107272
0.062546
0.035712
-0.065266
-0.113748
0.139075
0.046865
0.006070
0.087374
-0.020866
0.055868
-0.082808
0.068821
0.046968
0.023281
-0.044333
-0.045867
0.043039
0.015807
0.059522
-0.047238
-0.058064
0.115917
0.053461
0.042138
0.071698
0.080349
-0.033763
-0.023262
-0.074688
-0.032467
-0.069450
-0.026889
0.004985
-0.062007
-0.017769
-0.036806
-0.046662
0.070041
-0.004645
0.062697
0.112285
0.079848
0.043608
0.171127
0.038022
0.019665
-0.006345
-0.075579
-0.051401
-0.047855
0.015070
-0.024124
-0.094341
-0.066151
0.073362
0.021350
-0.024536
0.013607
-0.051858
-0.063603
-0.005382
-0.015080
-0.005487
-0.048077
-0.016000
0.009963
-0.051476
-0.083988
0.059366
0.030654
0.003941
0.074819
0.050739
-0.019560
0.029546
0.013984
-0.003654
0.063649
0.016636
0.026912
-0.007717
0.050640
0.114976
-0.037069
-0.019040
-0.108031
-0.066453
-0.044403
-0.101375
0.001934
-0.029983
0.044060
-0.126052
-0.065476
-0.008578
-0.082465
0.034680
0.011954
0.023039
-0.009648
0.053679
0.037528
0.010256
0.042852
0.047388
0.050573
0.100124
0.090414
0.098204
0.010787
-0.008856
0.027807
0.123812
-0.066886
-0.083402
-0.003514
-0.129438
0.026630
0.036909
0.015600
-0.035825
-0.172445
-0.050292
-0.114718
-0.043481
0.090345
0.058894
0.102397
-0.036682
-0.085110
-0.086415
0.010118
-0.041717
-0.020356
0.001548
-0.027175
-0.040867
-0.081357
-0.060044
-0.041721
0.003060
-0.014267
-0.077677
-0.014078
-0.026329
0.006144
-0.028588
-0.013469
-0.025046
-0.015606
0.028695
0.032564
-0.030662
-0.076918
-0.121750
-0.043450
-0.052723
-0.027852
0.009810
-0.019780
-0.019739
-0.017412
-0.010099
-0.072302
0.002738
0.029247
0.021657
0.111557
0.012225
0.019413
0.021740
-0.038272
0.063763
-0.032430
0.047526
0.021238
-0.027082
0.001148
0.047362
-0.020327
0.024211
0.010553
-0.036153
0.045135
0.026358
0.076800
-0.006160
-0.058601
0.015802
-0.057831
-0.107330
-0.031188
-0.016533
-0.002924
0.030020
0.070927
0.055887
-0.002194
0.080069
0.057834
0.049176
0.022891
-0.048999
-0.011198
-0.059310
-0.009910
0.004157
-0.072395
0.040349
-0.002914
-0.040970
0.034374
0.105415
-0.036258
0.014961
-0.000260
0.021499
-0.113798
-0.025557
0.119367
0.058226
-0.104353
-0.042722
0.021341
0.013772
-0.016096
0.031679
0.067111
0.094730
0.061164
0.064705
0.071897
-0.028238
0.102943
0.067187
-0.018525
0.040224
-0.056050
-0.083473
0.017997
0.045533
-0.002493
-0.074612
0.027472
-0.105077
-0.023156
0.051058
0.085139
0.008999
-0.019698
-0.017131
-0.085309
-0.025790
0.008439
-0.065652
-0.002883
0.011230
0.013322
0.073399
0.090107
0.005955
0.109876
0.027534
-0.010912
0.022690
-0.024181
0.034783
-0.064168
-0.011651
-0.003418
-0.000267
0.050123
0.033387
-0.005087
0.074793
-0.052530
0.023398
0.061036
-0.059049
-0.032410
0.079734
-0.017713
0.036124
0.054178
0.060064
0.060340
0.070626
-0.048926
0.057389
0.098090
0.087156
-0.007118
0.085746
0.028528
-0.012430
0.066735
0.052200
0.075611
0.047828
0.035195
0.034562
-0.015436
-0.090852
-0.090451
-0.043480
-0.008414
0.032324
-0.022296
0.050695
0.089968
0.026078
-0.028283
0.003655
0.041339
0.070212
0.045787
0.089151
0.042277
0.021607
-0.017826
0.029177
0.032855
-0.006016
-0.072342
0.030908
-0.058011
0.032437
0.029523
0.040609
-0.011832
-0.036002
0.017956
0.013871
-0.030757
-0.007216
0.028637
0.062908
0.057320
0.021944
0.010804
0.040662
-0.032399
-0.100456
0.065281
-0.068414
-0.002605
-0.035619
-0.061686
0.082408
0.011170
-0.023569
-0.025141
-0.032303
0.047209
0.043108
-0.003535
0.028803
-0.059197
0.015496
0.002513
0.022265
0.031702
0.021336
0.090973
0.108892
-0.013027
0.022489
0.005821
0.084956
0.076984
0.100022
0.043385
-0.080834
0.025307
-0.010384
-0.031153
0.066744
0.097256
0.141980
0.111193
0.030611
-0.001304
0.021083
-0.042897
-0.032980
0.029480
0.111989
0.019335
-0.034383
-0.042945
0.051830
0.095197
0.135062
0.019438
0.131769
0.077628
0.037313
0.079445
-0.002932
0.050576
0.028511
0.082262
0.084972
0.068677
0.002249
-0.002535
0.039397
0.061978
-0.020917
0.110796
0.018404
0.047386
0.095003
-0.003077
-0.017433
-0.064701
-0.066516
-0.017859
-0.018219
-0.034317
0.082321
-0.011627
-0.021559
-0.015212
0.007238
0.000035
0.020863
0.050652
0.036065
-0.000759
0.079259
0.037824
-0.043685
0.073445
0.073725
0.025061
0.075214
0.010119
0.007204
-0.035628
-0.031290
0.081069
0.061361
0.075684
0.033899
-0.057864
-0.004124
-0.032283
0.025010
0.018658
0.007686
0.007454
-0.061037
-0.039462
-0.083525
-0.036579
0.104303
0.102589
-0.023324
-0.027606
0.066605
-0.034297
0.012812
0.040785
-0.043075
-0.033295
0.007688
0.058887
0.045529
0.027473
0.098388
-0.143119
0.000218
0.044821
0.044534
0.047217
0.021184
0.016009
0.050854
0.022077
-0.010222
-0.017796
-0.019224
0.038102
-0.057603
-0.019194
-0.052530
-0.052210
-0.015689
-0.000048
-0.004999
0.040589
0.012062
0.001033
0.064849
0.012629
0.001923
0.003445
-0.037675
-0.048102
-0.104361
-0.047425
-0.062060
-0.024102
-0.051075
-0.061922
-0.087126
0.015005
-0.135428
-0.176734
-0.052209
-0.096267
-0.041004
-0.084674
-0.101770
-0.025407
-0.070836
0.026489
0.055434
0.040833
0.058075
-0.007444
0.024653
-0.040815
-0.045762
-0.020730
0.014482
0.007664
-0.123416
-0.077985
0.007002
-0.057685
0.077674
0.047425
0.050623
0.028375
0.065092
-0.006013
-0.092823
-0.018299
0.058025
-0.085358
-0.030426
0.097882
-0.008190
0.020113
0.026835
-0.032275
0.009107
0.023936
0.005498
-0.017779
-0.006810
-0.007441
0.030720
-0.000562
0.032342
0.078154
0.040478
0.050856
-0.031001
-0.027441
0.010935
0.012557
-0.038802
-0.042357
-0.049120
-0.012478
0.081494
0.004936
0.012251
-0.015092
0.036942
0.077876
0.065005
0.013518
0.014448
-0.002923
0.010595
-0.062540
0.035275
0.029033
0.040338
-0.053341
-0.090472
0.021686
0.107137
-0.060777
-0.043928
0.070890
-0.117662
-0.031753
0.019118
0.020506
0.070729
-0.018740
-0.006320
-0.053616
0.039753
-0.000265
-0.034449
0.051517
0.017757
0.044276
0.031627
-0.031067
0.015827
-0.016550
-0.104113
0.008003
-0.037681
-0.080749
0.049824
-0.002896
-0.094821
0.004276
-0.005954
0.012342
-0.001958
0.025704
0.008578
-0.008995
-0.002031
0.062025
-0.015968
0.051364
0.047371
-0.010465
0.028990
0.015657
-0.029842
-0.009259
-0.079624
-0.100421
-0.082204
-0.123353
-0.007901
0.081120
0.111399
0.075085
-0.004923
-0.011717
-0.018834
-0.010433
0.071240
0.109553
0.052054
0.072664
0.064239
-0.008739
0.032352
-0.005979
0.043111
-0.020651
0.002408
-0.005597
0.085782
0.055394
0.024908
0.010669
-0.018772
0.002942
0.069470
-0.019681
0.010964
-0.045920
-0.104261
0.038950
-0.010414
-0.014319
0.042082
0.024966
0.065153
-0.044708
-0.044642
-0.071285
0.007387
0.045205
-0.022837
-0.000393
0.017376
-0.065075
0.051007
-0.020884
-0.036692
0.080772
0.033270
0.034700
0.022395
-0.021459
-0.007057
0.048366
0.105892
-0.019748
0.011163
0.036930
-0.011534
0.048029
0.000778
0.030408
0.036839
-0.022415
0.107793
0.001730
-0.009468
0.091646
0.002961
0.057116
0.116089
0.115912
0.118187
0.104043
0.020722
0.040814
-0.006806
-0.006646
-0.006890
0.001000
0.004113
0.042774
0.129431
0.135829
0.124313
0.039864
0.000347
-0.120842
-0.020735
0.005466
0.028711
0.040175
-0.061431
0.013447
-0.053713
0.003871
0.106091
-0.059776
-0.000752
-0.008241
-0.079434
-0.010852
0.038370
0.043580
0.009786
-0.058271
-0.021592
-0.040021
-0.069553
0.054575
0.091103
0.035290
0.018808
-0.114518
-0.184861
-0.139067
-0.074331
-0.014156
0.031495
-0.039577
-0.088580
-0.118685
0.014063
-0.017990
0.083780
0.164684
0.082285
0.000155
0.031043
0.024786
0.048618
-0.000465
0.069228
0.046013
0.051440
0.023056
-0.113301
-0.016389
-0.055875
-0.030700
0.051130
0.074902
0.064848
0.026600
-0.065513
-0.094410
0.001522
-0.059968
-0.061059
-0.025433
-0.035302
-0.061790
-0.030586
-0.074221
-0.057766
-0.035222
-0.029185
0.023631
0.031018
0.011481
-0.012458
0.013087
-0.095019
0.013754
0.001564
-0.063846
0.037188
0.048730
0.018097
-0.086944
0.003162
0.003160
0.023958
0.045626
0.089522
-0.010681
0.006889
0.031926
-0.032121
-0.001826
-0.031011
-0.032253
-0.095065
-0.077992
-0.078072
-0.053127
0.000131
0.030514
-0.006213
-0.077523
-0.040563
-0.046058
0.045714
-0.047080
-0.045020
-0.003945
-0.074706
-0.036863
-0.006775
-0.044675
0.036447
0.039406
0.018562
0.116855
0.007760
-0.056867
-0.085494
0.008728
0.127431
0.048648
0.025691
0.056035
0.002041
-0.131020
-0.036074
-0.005316
0.000799
-0.009417
0.016848
0.003313
-0.036745
-0.088894
0.001316
0.060611
0.012018
0.049503
0.002351
-0.024296
-0.018189
-0.017927
0.024795
-0.098940
-0.018791
0.048076
-0.023707
0.018490
0.020767
-0.009537
-0.024501
-0.008880
-0.042897
-0.055693
-0.072694
-0.003359
-0.022556
0.000877
0.027477
0.063079
-0.025228
-0.034544
-0.002623
0.014184
-0.015318
0.032306
0.017587
0.044908
-0.027146
0.098694
0.058450
0.029309
0.069905
0.146613
0.040203
0.151215
0.068020
0.030769
0.041415
0.047259
0.008407
-0.104399
0.040483
-0.024848
-0.122423
-0.001432
-0.098247
-0.013808
0.031130
0.070581
0.037944
0.028368
-0.005885
0.015725
-0.023365
-0.079386
-0.035017
-0.024498
-0.064097
-0.108564
0.006762
-0.025591
0.044792
-0.044567
-0.068358
-0.004225
0.009423
-0.029496
0.037783
0.009275
-0.120291
-0.035586
0.039116
0.008420
0.033054
-0.051369
-0.074434
-0.040677
-0.056445
-0.042259
0.046209
-0.019910
0.014839
-0.011947
0.092542
0.054758
-0.071602
-0.039441
0.068897
0.008819
-0.032684
0.055092
-0.056596
0.002684
0.056744
-0.005221
0.108381
-0.038848
-0.011994
0.042189
-0.005957
0.049427
0.038157
0.039630
0.037592
-0.040422
-0.011224
0.010294
-0.002113
0.070568
-0.022554
-0.042402
0.055368
0.077648
0.105369
0.008946
0.083597
0.098324
0.025866
-0.012747
0.064040
0.016820
-0.030370
0.018660
-0.070612
-0.081601
-0.064905
-0.051870
-0.032248
-0.055728
-0.037653
-0.032329
0.056252
-0.042210
-0.016714
-0.103884
-0.092585
-0.058333
-0.032851
-0.056952
-0.084386
-0.011042
-0.004864
-0.084311
-0.107390
-0.096120
-0.057448
-0.032885
0.016715
-0.042682
0.016848
0.061780
0.115073
