1.733085
1.017165
0.674099
0.422875
0.379174
0.353693
0.248035
0.229941
0.194194
0.146390
0.101320
0.168697
0.169299
0.167369
0.137263
0.068194
0.210560
0.201818
0.168914
0.058469
0.168833
0.106868
0.118765
-0.011392
0.070837
0.106822
0.072297
0.053244
0.133894
0.064464
-0.008958
0.187763
0.174695
0.066581
0.166708
0.098552
0.128028
0.056163
0.047051
0.111941
0.150788
0.122774
0.148667
0.130127
0.100562
0.075897
0.139386
0.078809
0.094139
0.131095
0.094818
-0.008416
0.056058
0.087976
0.034988
0.103488
-0.027566
0.014015
0.004652
0.072928
0.075269
0.034584
0.034965
0.141669
0.079590
0.064438
0.168116
0.124935
0.113219
0.109181
0.183595
0.094995
0.019024
0.129563
0.122120
0.123668
0.142729
0.138366
0.142119
0.055500
-0.077997
0.047505
0.084081
0.071928
0.123590
0.216183
0.153543
0.083811
0.026558
0.156718
0.072965
0.037872
0.139775
0.083142
0.122077
0.057466
0.028588
0.135700
0.215749
0.166563
0.070369
0.092007
0.085205
0.082877
0.064059
-0.013798
0.105646
0.186080
0.163479
0.161652
0.060207
-0.032021
0.093563
-0.035083
0.065920
0.097218
0.045289
0.014801
0.040545
0.008480
-0.032102
-0.029195
0.025513
0.002844
0.027070
0.085975
0.037887
0.050483
0.072800
0.112941
0.098562
0.038489
0.003743
-0.000490
0.033420
0.040410
0.011919
0.015768
0.118261
0.075407
0.055483
0.070631
-0.006795
0.055263
0.133807
0.011983
0.011338
-0.061514
0.069918
-0.064888
0.042389
0.000271
-0.041440
0.004357
0.081721
0.157890
0.095524
0.104711
-0.034222
0.104830
0.075153
0.078648
0.061515
-0.002723
0.026835
0.067739
0.048838
0.050351
0.043070
0.157632
0.062170
0.060664
-0.036136
-0.037439
0.069961
0.032120
0.135403
0.096098
0.014196
0.161599
0.116195
0.046868
0.029741
-0.021973
-0.002947
0.001386
-0.054363
0.006733
-0.037493
-0.097117
-0.037219
0.000022
-0.091589
-0.058508
-0.020599
-0.062730
-0.001478
0.056586
0.014225
0.071254
0.034350
0.072206
0.036371
0.023794
0.074493
0.113777
0.068956
0.040149
-0.015669
0.071756
-0.047794
0.002182
0.071361
-0.061049
-0.034453
0.071028
-0.011713
0.025872
0.091324
0.072173
-0.024473
0.070207
0.179081
0.068515
-0.001786
0.007119
-0.009603
0.017834
0.068691
0.100368
0.110026
-0.037722
-0.059455
-0.054942
-0.000609
0.005255
0.037235
0.060506
-0.004169
0.028162
0.059281
0.028744
-0.007376
0.044128
0.032028
0.075675
0.024956
0.054944
0.029450
-0.021855
-0.059779
0.016431
0.102784
-0.010385
0.067461
0.031456
-0.027182
0.085342
-0.045764
0.046805
0.105632
-0.010700
-0.035383
0.040528
0.140254
0.012392
0.044310
0.026147
-0.038042
0.040478
0.001749
0.049426
0.017736
-0.006112
0.002355
0.038407
0.039639
0.086591
0.116291
0.072398
-0.025770
0.023375
0.047245
0.085098
0.026798
0.057008
0.103425
0.095359
0.081879
-0.002959
0.078771
0.075034
0.108321
0.032995
-0.041708
0.098197
0.112997
0.080013
0.047019
0.027599
0.033628
0.055648
0.018747
0.000825
0.074141
0.103754
0.111346
0.104080
0.134995
0.074954
0.073367
0.147224
0.106188
0.178572
0.028875
-0.050381
0.000593
0.084624
0.078511
0.007142
0.018224
0.007384
-0.024681
-0.000595
-0.024922
-0.040461
0.044469
-0.012319
-0.072995
0.015787
-0.021104
0.099702
-0.037278
-0.011175
0.034969
0.083772
0.009483
0.003244
-0.004153
0.009607
0.068850
-0.033866
-0.011225
-0.076260
-0.024372
0.060005
0.062727
0.007149
0.024948
-0.048237
0.068513
0.025229
0.059861
0.021354
-0.047893
-0.031926
-0.090005
0.093608
-0.069939
0.079939
0.068514
0.004435
0.075566
0.027570
0.062586
0.048825
0.059430
0.027994
-0.015662
0.027613
0.025279
0.008024
0.132941
0.054305
0.050206
0.093992
-0.035753
-0.054900
-0.061538
-0.031582
0.019400
0.050484
0.072475
0.043605
0.089387
-0.042709
0.004757
0.051509
0.058261
0.063004
0.105227
0.148525
0.136273
0.069304
0.078703
0.091953
0.143559
0.031642
0.028862
0.029181
0.043689
0.041099
0.153590
0.113947
0.059067
0.034660
0.014619
0.079691
0.151850
-0.009440
0.080108
0.176473
0.033330
0.119045
0.059365
0.033585
0.034589
0.044538
0.156240
0.076337
0.061208
0.061698
0.018290
0.047657
-0.012570
-0.089164
0.051240
-0.005125
0.003741
0.044017
0.119385
0.115720
0.025448
0.056017
-0.096470
0.071900
0.005642
0.060971
0.057344
0.109142
0.129878
0.095961
0.088545
0.141061
0.090423
0.049644
0.059466
0.138803
0.030882
0.008460
-0.001988
-0.094912
-0.008326
0.074694
0.058353
0.080444
0.041433
0.053614
0.013613
0.104683
0.060575
0.105703
0.164510
0.095586
0.014686
0.008347
0.067851
0.085987
0.060606
0.023933
-0.022226
0.028953
0.107687
0.025206
-0.029757
0.023767
-0.018008
-0.046267
0.021526
0.050901
0.031744
-0.009969
0.021014
0.085810
0.071112
-0.039080
0.079908
-0.010042
-0.042801
-0.001170
0.016861
0.029335
0.088928
0.028453
-0.003511
-0.024911
-0.005626
0.039836
0.050980
0.005689
0.090156
0.009444
-0.013244
0.012824
0.104989
0.106459
0.046671
0.138558
0.184228
0.076212
0.002706
0.053803
0.041276
0.133995
0.053478
0.055801
0.191002
0.160114
0.119546
0.047421
0.018524
0.051329
-0.025484
-0.063963
-0.028435
-0.034442
-0.025434
0.048888
0.080665
0.081102
-0.032005
0.004683
0.050404
0.065226
0.043786
-0.034177
0.095893
0.082497
0.011742
0.140886
0.128416
0.005990
0.024045
-0.014619
-0.009793
0.092282
0.025993
-0.006416
0.108711
0.199749
0.149134
0.102371
0.121680
0.109437
-0.001315
0.087073
0.023235
0.104137
0.074327
-0.049180
0.031306
-0.012764
0.053166
0.096251
0.068912
0.030087
0.005957
0.023894
-0.026036
0.057329
0.011161
0.003754
0.117299
0.037109
-0.007052
0.005093
0.045257
0.036570
0.034491
0.029607
0.040589
-0.035139
-0.010443
0.084799
0.003466
0.018896
0.049365
-0.021206
-0.054769
0.068414
-0.029837
-0.023473
-0.024603
-0.038705
-0.039122
-0.089181
0.000554
0.035456
-0.046601
0.014773
0.075608
0.111115
0.121390
0.045577
0.038127
0.010889
0.108069
-0.024189
0.081949
0.054455
0.019958
0.038569
-0.008206
-0.087360
0.043699
0.042424
0.173100
0.158584
0.097547
0.032917
0.086799
0.203790
0.075367
0.009416
0.043160
-0.026753
0.040634
0.106984
0.021234
0.066424
0.067077
0.012961
0.061382
0.103088
0.082854
0.110060
-0.008358
0.115001
0.077719
-0.009846
0.069877
0.054914
0.109955
0.190655
0.092406
0.101543
0.061645
0.141669
0.130914
0.084798
0.081096
0.070353
0.080285
0.057481
0.056684
-0.047228
-0.014359
0.075847
0.018735
-0.023696
0.026373
0.095652
0.029955
0.049896
0.053982
0.028509
0.021261
0.113689
0.104973
0.069687
0.118878
0.093042
0.128472
0.109259
0.122299
0.112227
0.062834
0.150783
0.065271
0.037095
-0.034651
0.032248
0.018569
0.020956
0.069227
0.066199
-0.000155
-0.009825
0.095986
0.151768
0.053756
0.104592
0.106596
0.066451
0.048749
-0.008464
-0.026668
0.016474
0.088150
0.057652
-0.019118
0.131554
0.047227
-0.007898
0.130150
-0.049225
0.033254
0.146281
0.013049
0.021903
0.053206
0.025409
0.033489
0.107789
0.030039
0.065558
0.032194
0.017917
0.022661
0.029179
0.075205
0.052656
0.039829
0.201655
0.106529
0.089717
0.014705
-0.005353
0.048167
0.057937
0.038439
0.037556
0.005840
-0.027874
0.088047
0.010108
0.073575
0.109919
0.017722
0.017812
0.042208
0.013616
-0.031114
0.079532
-0.007663
0.019125
-0.031589
0.043553
0.071084
-0.002248
0.039004
0.034446
0.013120
0.078848
0.147555
0.108320
0.065651
0.085950
-0.030520
-0.043095
0.053714
0.073002
0.124174
0.086800
0.087946
0.043403
0.089758
0.047328
0.000326
0.031009
0.031592
-0.010013
-0.015522
0.024897
0.061325
0.065476
0.000814
0.027534
0.023296
0.087765
0.142117
-0.009546
0.042559
0.054207
-0.000823
0.066253
0.041085
0.042978
0.074353
0.060732
0.066662
0.079826
0.017951
0.079216
-0.023799
0.035299
0.087728
-0.019035
-0.019892
0.021206
-0.065038
-0.062249
-0.038793
-0.032957
0.090697
-0.016902
-0.054294
-0.010943
-0.019234
0.062090
0.068620
0.041816
-0.019790
0.012295
0.054193
0.056176
0.004318
-0.010307
-0.022045
0.033204
0.024609
0.001172
0.113814
0.125448
0.088771
0.094350
0.055888
0.011290
0.053873
0.014501
0.005864
0.007184
0.011476
-0.032604
-0.016846
0.017695
0.029914
-0.026540
0.046607
-0.032034
-0.008600
0.105204
0.006867
0.011239
0.071704
0.110144
0.043922
0.086374
0.099717
-0.004728
0.058711
0.099210
0.040493
0.131109
0.036593
0.069445
0.092767
0.097977
0.019390
0.028468
-0.011575
-0.005437
0.099714
0.062339
-0.017616
0.045221
0.095148
0.069574
-0.040489
-0.028275
0.050128
0.027835
-0.051123
0.086899
0.111853
0.081861
0.058870
0.093389
0.073072
-0.003154
0.123686
-0.032958
-0.013460
0.019732
0.031404
0.090579
0.037365
-0.031773
0.037357
0.029817
-0.014751
-0.044554
-0.041199
0.033005
0.127191
0.130633
-0.011330
-0.024213
0.086505
0.051389
0.010860
-0.022289
0.052406
0.081584
0.095977
0.158110
0.154617
0.113270
0.095012
0.088587
0.071028
0.097166
0.150161
0.092786
0.066580
0.030886
0.114015
0.030115
0.048387
0.129538
0.038930
0.088620
0.097502
0.006218
0.090780
0.102662
-0.102111
0.115633
0.083035
0.001512
0.083958
0.074390
0.075750
0.099071
0.088231
0.032930
0.062765
0.070962
0.012756
0.062458
0.024597
0.047663
0.100404
0.126003
0.019243
-0.053463
-0.015959
0.109084
0.042846
0.032783
0.107471
0.061545
0.002901
-0.027653
0.045511
0.095515
0.072788
0.032014
0.049070
0.086606
0.044188
0.128001
0.069311
0.066707
0.138867
0.053096
-0.005408
-0.008040
0.066691
0.068271
-0.013156
-0.041528
0.079744
0.139344
0.042240
-0.005366
0.018562
-0.049668
0.041776
0.119303
0.097053
0.108471
0.016286
-0.010359
0.067128
0.042653
0.125800
-0.074156
0.023714
0.050740
-0.037957
0.046924
0.049074
0.082717
0.076783
-0.104626
0.005642
0.047368
-0.030237
0.032767
0.021715
0.002041
0.015851
-0.039945
-0.006356
0.026394
0.099091
0.105559
0.079593
0.019340
-0.068471
-0.066824
0.071597
-0.065347
0.088224
0.026497
-0.005428
0.111450
0.046542
0.063695
-0.016197
0.040407
-0.007828
0.096811
0.046343
-0.014839
0.127067
0.072747
0.023948
0.051977
0.031408
0.049619
0.058068
-0.000652
0.074550
-0.043604
0.025031
0.004882
-0.093437
0.131379
-0.003969
-0.020213
0.033970
0.070622
0.036462
0.042271
0.062987
0.016897
0.026084
0.039439
-0.014512
0.045560
0.101021
0.092986
0.057736
0.068113
-0.031456
0.021171
0.092965
0.075521
-0.017987
0.027770
0.125007
0.007669
0.068956
0.101974
0.100348
0.093711
0.080423
-0.011412
-0.027349
0.069861
0.008745
0.046370
0.084856
-0.013935
-0.029571
0.094342
0.053128
0.054917
0.058696
0.070923
0.080060
0.134751
0.002676
0.049062
0.014054
0.016586
0.034787
0.093054
0.072657
-0.006368
0.012867
0.008853
-0.103518
-0.040749
-0.004275
0.079852
0.069072
0.029744
-0.022256
0.045334
0.037022
-0.032119
0.052385
0.055305
0.105345
0.206111
0.131937
0.011536
-0.049266
0.032189
-0.057888
-0.078076
-0.070939
-0.028075
0.014970
-0.003161
0.128587
-0.000294
-0.003375
-0.023991
0.013689
0.054235
-0.066744
-0.028611
0.007361
-0.005740
0.027981
0.055977
0.072990
0.079299
-0.045524
0.013384
0.094280
0.086573
0.063625
-0.067145
0.011533
0.068416
0.047656
-0.040839
0.055860
0.072934
-0.034196
-0.004270
-0.044509
-0.028926
0.035563
-0.007605
0.030900
0.032807
0.006305
0.071247
0.077351
0.037057
0.021313
-0.049540
-0.002985
-0.023869
-0.008525
0.013031
0.061457
-0.005432
-0.023415
0.018905
0.096583
0.092733
0.106465
0.122108
0.086927
0.118548
0.107251
0.088670
0.079115
0.013919
0.074707
0.018867
0.048744
0.103106
0.049046
0.038364
0.091312
0.121610
0.012205
0.062331
0.152995
0.025029
-0.007388
0.085502
0.118663
-0.020790
-0.030573
0.051009
0.028210
0.006331
0.054817
-0.022822
0.051606
0.073870
-0.013400
0.015747
-0.006719
-0.003028
0.050426
0.047221
0.023606
0.048575
0.026749
-0.026943
-0.040494
-0.085847
-0.042063
-0.032794
0.117494
0.138336
0.023605
0.049369
0.028542
0.089804
0.016936
0.101891
0.052124
0.043475
0.039394
0.031124
-0.013032
0.088536
0.009938
-0.025553
0.013367
0.010128
0.015492
0.052410
0.125193
-0.012551
0.028231
-0.005422
-0.012550
0.024841
-0.030408
0.052753
0.092540
0.071227
0.069053
0.045943
0.012118
0.017088
0.012318
-0.025549
-0.052353
0.036053
0.097597
0.107084
0.016405
0.105947
-0.028042
0.015375
0.042106
-0.015321
0.204308
0.087464
0.014178
0.107137
0.026803
0.019931
0.027448
-0.019474
-0.020639
-0.022276
0.049702
-0.058537
-0.024083
0.001251
0.011080
0.074763
0.105725
-0.005359
-0.048962
-0.037299
0.008302
-0.066512
-0.000084
0.025480
-0.039411
-0.051713
0.064509
0.081737
0.064634
0.049957
0.068339
0.074937
0.124708
0.076164
0.015417
0.071503
0.024112
0.060857
0.084536
0.045323
0.020656
0.015342
0.025103
-0.019039
-0.012068
0.130061
0.083878
0.037527
-0.004058
0.059970
0.080224
-0.027006
0.018206
0.066369
0.042088
0.092114
0.038791
0.092512
-0.017324
0.033769
0.039740
0.046841
0.085916
-0.002373
0.041674
-0.022510
0.024075
-0.035279
-0.020737
0.079815
0.043391
0.081351
0.024250
0.078986
0.010250
0.018514
0.065848
0.051857
0.087207
0.004712
0.105435
0.141497
-0.017800
0.081933
0.100310
0.070332
-0.012433
0.012907
0.035672
-0.081933
0.007238
0.000538
0.017357
-0.035838
-0.013886
0.064449
0.193640
0.043787
0.120877
0.122850
0.076688
0.039606
-0.032511
0.014424
0.005393
-0.021484
0.077290
0.040672
0.104491
0.047127
-0.071922
0.096052
0.150979
0.030484
0.030087
-0.010928
0.049249
-0.002538
-0.073488
0.054970
0.026059
0.038079
0.011681
0.116147
0.025487
0.065281
0.038629
-0.050755
0.017504
0.079945
0.059022
-0.007726
-0.003162
0.122836
0.128470
0.006295
0.068545
-0.004211
0.026417
0.148763
0.130051
0.138432
0.058439
0.008053
0.000802
-0.120186
-0.072625
-0.013075
0.016917
0.002775
0.008522
0.007115
0.091313
0.072683
0.060681
0.034457
0.051378
0.029922
0.103611
0.128761
0.045987
-0.016969
0.022674
0.064696
-0.040511
0.037154
0.027194
0.055913
0.105995
0.061929
0.047852
0.082574
0.060787
0.086238
0.030325
0.019320
0.161075
0.046770
0.064977
0.047913
0.097487
0.079576
0.065256
0.094536
0.062579
0.085797
0.092414
0.076090
0.098054
0.102299
0.021057
0.012982
-0.032225
-0.031201
-0.036443
-0.014643
0.018000
0.053737
0.057548
0.073327
0.074026
0.027946
0.041549
-0.028599
0.002439
-0.002640
-0.042201
0.105663
0.084678
-0.009883
-0.074787
-0.032461
0.065512
0.155668
0.136657
0.169564
0.180509
0.102230
-0.035109
0.009206
0.066580
0.100868
0.027347
0.014801
0.051511
0.001478
0.107860
0.126139
-0.022458
0.099916
0.077537
0.112197
0.107198
0.094651
0.102506
0.056270
0.082844
0.006472
-0.026906
-0.000369
0.038013
-0.018946
0.061919
0.161579
0.032598
0.015359
0.043170
-0.034243
0.031930
0.017764
-0.050573
0.000784
-0.022611
-0.018858
0.098509
0.053527
0.113353
0.069137
0.103197
0.087846
0.147644
0.061171
0.042900
0.054734
0.033489
0.062119
-0.045773
0.063196
0.057362
0.057572
0.059036
0.018338
0.043866
-0.051077
-0.048499
0.120594
0.076155
0.063054
0.062537
0.049046
-0.014182
-0.013603
-0.040309
-0.065502
-0.040608
-0.005072
0.113802
0.159060
0.040245
0.096786
0.039684
0.042510
-0.033615
0.029361
0.022848
0.039495
0.055606
-0.003777
0.054445
0.031731
-0.013349
0.071719
0.016876
0.018483
-0.055688
-0.010085
0.012139
0.054213
0.104240
0.043188
0.043641
0.125444
0.033538
0.089752
0.037349
0.068246
0.047116
0.142611
0.010687
-0.017421
-0.149944
-0.008863
-0.031281
-0.057112
-0.049946
-0.022947
-0.029810
0.030767
0.059409
0.044090
0.037951
-0.026261
0.087126
0.117371
0.039653
-0.012620
-0.016408
-0.014970
-0.035886
0.016828
0.052797
0.030153
0.045544
0.059591
-0.088176
-0.038703
0.013304
-0.035947
0.088380
0.056512
-0.013656
0.027081
0.077614
0.102069
-0.024312
0.092651
0.039601
0.039147
0.015440
0.026902
-0.012861
0.032495
0.027887
0.046773
0.011861
0.006688
-0.004040
0.054497
-0.028315
-0.055024
-0.034657
0.012234
0.081738
0.027743
0.110930
0.044484
0.061427
0.112565
0.097968
0.012035
-0.006806
0.021244
-0.026983
0.066921
0.045662
0.061426
0.021149
0.086527
0.038213
-0.047308
0.056061
0.062619
-0.009788
-0.017280
0.036589
-0.018518
-0.049897
-0.068319
-0.015806
-0.034316
-0.108224
0.002588
0.021778
0.067569
0.101358
-0.061292
-0.006580
0.037027
0.069025
0.053564
0.124713
0.119648
0.150990
0.096601
0.092980
0.152925
0.078997
0.081077
0.077713
0.107505
0.013543
0.052537
-0.103323
0.046073
0.097964
0.110561
0.155447
0.055021
0.069614
-0.000326
0.002745
0.004771
-0.016462
-0.026047
0.026641
0.097195
0.017617
-0.049418
-0.005831
0.073058
0.069908
-0.047075
0.034715
-0.007300
-0.042862
-0.059092
-0.086759
-0.026019
-0.051168
0.047343
-0.009828
0.014448
-0.042969
-0.032162
0.063895
0.033471
0.086801
0.160298
0.021656
0.126722
0.122794
-0.030278
-0.040474
0.059269
0.047472
0.034489
0.082562
-0.002979
0.052510
-0.015179
0.013224
0.126299
0.039905
0.028513
0.063375
0.004382
0.018543
0.099184
0.122029
0.086062
0.060129
0.115389
0.113618
0.179838
0.169229
0.144702
-0.005857
0.054390
0.070724
0.077085
0.099212
0.036015
0.061884
0.074013
0.020450
0.104822
-0.048152
-0.016393
0.051253
-0.031281
-0.019569
-0.012578
0.082089
0.015314
0.036771
0.147193
-0.053270
0.033379
-0.025782
0.031419
0.132830
0.033366
0.149500
0.141184
0.017003
0.018192
-0.064003
0.050425
0.088082
-0.044066
-0.063760
0.021722
0.039991
0.052026
0.052200
0.031932
0.030723
0.029658
-0.019168
-0.011666
0.054083
0.007945
0.035235
0.059491
0.085183
0.116670
0.120154
0.044316
0.008050
0.059889
0.067741
0.053652
0.141375
0.075435
-0.006860
0.007570
0.055248
-0.014290
-0.038146
-0.007303
0.060612
-0.015476
0.008609
-0.037104
0.045006
-0.029810
0.035401
0.080148
0.090949
0.131401
0.055278
0.002641
0.126513
0.026029
0.005016
0.065851
-0.016427
-0.030482
0.048579
0.032928
-0.018073
0.014958
0.059325
0.046024
-0.003095
-0.048426
0.077436
-0.003052
-0.069455
0.022189
-0.114714
-0.033057
-0.000535
-0.024586
0.081968
0.009481
0.011584
0.053220
0.076027
0.037698
0.074844
0.035037
-0.063479
-0.011742
-0.007287
0.104723
0.062635
0.036427
0.075647
0.111724
0.071802
0.003800
-0.048402
0.006500
0.076650
0.076237
0.088135
0.088915
0.023692
0.031110
0.098847
0.015572
0.078270
0.202975
0.040787
0.021042
0.098727
0.110654
-0.054532
0.007540
0.084088
0.066961
-0.020682
0.052451
-0.008202
0.042065
0.040138
0.108009
0.045482
0.123732
0.000503
-0.030919
0.026280
-0.068892
0.018919
0.016219
0.049679
0.083114
0.064335
0.084145
0.017003
0.026999
0.045249
-0.089848
0.085849
-0.021029
0.028276
0.029645
0.099438
0.108503
0.062115
0.075450
0.099492
0.113457
0.030203
-0.008752
0.012093
0.055889
0.062015
0.067652
0.095617
0.076347
-0.001088
0.037099
0.000485
0.021068
-0.099148
0.025561
-0.020556
-0.065896
0.002744
0.024616
0.007577
-0.021580
0.010553
-0.059415
0.031073
0.027459
-0.027636
0.051944
0.115484
0.124386
0.081812
0.086592
-0.025334
0.076886
0.040625
0.080008
0.095430
-0.015367
0.066803
0.126436
0.081249
0.053338
0.013934
0.060090
0.026658
-0.067373
-0.057700
0.049372
-0.032445
-0.039677
0.010391
0.090197
0.024833
0.100104
0.094842
0.156210
0.111182
0.079744
-0.023312
0.085921
0.057100
-0.000938
-0.020046
0.005502
0.083397
0.021897
0.123128
-0.015696
0.039556
0.075096
-0.011745
0.136394
0.020778
-0.001936
-0.019077
-0.082687
0.042778
0.090376
0.080670
-0.073255
0.075078
0.048717
-0.004212
-0.042564
0.060711
0.048586
0.040744
0.037055
0.133200
0.096102
0.091191
0.126644
0.068474
0.060357
0.036386
-0.028751
0.035951
0.084085
-0.000472
0.063434
0.050877
0.033701
0.096686
-0.013011
0.093799
0.094852
0.055658
0.053339
0.066162
0.066751
0.027208
0.090465
0.019462
0.117720
0.091638
0.014390
0.029482
-0.032252
0.120081
0.117920
0.017268
0.048308
0.120117
0.075189
0.106660
0.017051
0.062263
0.104648
-0.000454
0.061713
-0.017913
0.001492
0.066598
0.108255
0.110301
0.127266
0.030791
-0.014882
0.055896
0.129936
-0.016910
-0.031097
0.057277
0.083779
0.060263
0.046703
0.063008
0.089016
0.062959
-0.056070
-0.005966
0.045317
0.027496
-0.011424
-0.043591
-0.022975
-0.047267
-0.041698
-0.027968
0.020206
0.061616
0.133372
0.048862
0.006116
0.044395
0.039370
0.090442
0.113770
-0.027726
0.024366
0.079284
-0.010391
0.020503
0.073073
-0.020581
-0.076689
0.030591
0.026469
0.046830
-0.003280
-0.021863
-0.012974
0.006405
0.182191
0.103507
-0.027981
-0.060933
-0.023616
-0.047819
0.050218
0.017131
0.073088
-0.025826
-0.019389
-0.053088
-0.038587
0.008937
-0.004324
-0.009908
0.048578
0.076931
-0.008392
-0.043504
0.031166
0.131298
0.076041
0.106633
-0.059658
0.129583
0.020022
0.049296
0.010599
0.002645
0.051828
-0.013495
0.052874
0.093580
0.128948
0.020626
0.105383
0.012261
0.067530
-0.076760
-0.080486
0.002228
-0.004880
-0.045348
-0.070997
-0.036853
-0.066622
0.002459
0.002534
0.045897
0.026911
-0.064234
-0.056936
0.036182
0.013327
0.065964
0.006104
0.022250
0.013089
0.049766
-0.050748
0.081025
0.114177
0.032972
0.090255
0.018684
0.013776
0.078308
0.053140
0.074661
0.027589
-0.091178
-0.009442
0.086885
0.066098
0.126234
0.088131
0.043703
0.027706
-0.002605
-0.009623
-0.024766
0.048648
0.011660
0.013462
0.032252
-0.041359
0.024725
0.052251
0.126605
-0.013056
0.007376
0.062880
0.002181
-0.021353
-0.043491
0.069651
-0.049929
-0.010481
0.016628
0.012620
-0.004683
-0.037454
0.009750
0.019197
-0.005422
0.017319
0.056865
0.070472
0.058980
-0.002494
0.059794
0.045906
0.002637
0.038065
-0.013824
0.024986
0.054603
-0.013880
0.036420
0.032430
0.077298
-0.018830
-0.066747
0.018736
-0.054435
-0.099692
-0.030863
0.094260
0.017767
-0.011458
0.053862
0.167165
-0.006080
0.049725
0.012080
0.076421
0.132498
0.099481
0.020596
0.064492
0.153461
0.144665
0.110797
0.103769
0.042253
0.111713
0.073792
-0.003369
0.029923
0.049733
-0.053903
-0.056487
-0.042229
0.064018
0.032307
0.020344
-0.017636
0.042124
0.066783
0.012586
0.002923
0.021721
0.039209
0.020909
-0.025952
0.059194
0.073091
0.083060
-0.009041
0.066432
0.121978
0.021068
-0.012595
0.011316
0.008624
0.070684
0.056441
0.044446
0.108273
0.095213
0.074221
0.046170
0.061555
-0.052156
-0.013130
0.040421
0.114483
0.088845
0.054466
0.075094
0.024577
0.046299
-0.009188
0.039445
0.030229
0.058677
0.020881
0.010689
0.071348
0.080320
-0.039879
0.012663
-0.026045
0.095344
-0.011316
-0.082606
0.000087
-0.008540
0.009105
0.011738
-0.049707
0.026588
0.025512
-0.030604
-0.030653
0.017284
0.093775
0.019364
0.032005
-0.043845
-0.044615
-0.027427
-0.014865
0.051043
-0.005729
-0.011011
-0.015914
0.007799
-0.060504
0.004605
-0.008195
-0.041760
0.015151
-0.068038
0.019760
-0.018319
0.079102
0.013861
-0.024190
-0.009999
-0.098123
0.011804
0.132663
0.030691
0.033266
-0.000887
0.070142
0.058750
0.043017
0.028774
-0.024209
-0.014408
-0.049436
0.015619
-0.080004
-0.013827
-0.080508
-0.070503
0.072090
-0.005008
-0.024722
0.016896
-0.039095
0.028680
-0.002190
0.032343
0.017711
0.000902
0.022352
-0.011664
0.047381
0.014998
0.092182
-0.011294
-0.043165
-0.000144
-0.055576
-0.008989
0.034628
-0.084547
-0.039036
-0.055278
-0.015956
-0.062198
0.062734
0.116529
0.080283
0.091881
-0.036392
0.079783
0.005651
-0.007078
-0.036457
-0.030017
-0.064100
-0.018800
0.032249
0.093406
0.028048
0.054864
0.046635
-0.018768
-0.001471
0.107508
-0.073205
0.026727
0.018928
-0.011432
0.014015
0.028115
-0.009315
0.030675
0.081961
-0.038817
0.064443
-0.019489
-0.007066
0.057007
0.033651
-0.043550
0.004044
0.018943
-0.050436
0.032390
-0.028613
-0.103328
-0.009544
0.098427
0.018958
-0.003330
0.060262
0.018693
0.050953
0.169742
0.082564
0.093966
0.064274
-0.022666
0.076327
0.160293
0.041763
0.060735
0.094660
0.077542
0.011443
0.032772
-0.042077
0.049409
0.031241
0.070682
0.132923
0.063476
0.008739
0.055119
0.006997
0.013369
-0.002517
0.054352
-0.029331
-0.025195
0.014485
0.030951
-0.090272
0.033929
0.012753
0.016615
0.028435
-0.044607
-0.016325
-0.012320
0.007178
0.118635
0.027704
-0.000445
0.099564
0.088888
0.031677
0.024969
-0.009271
0.105510
0.071251
0.072861
0.032578
0.133494
0.097215
0.013512
-0.013102
0.032279
0.078781
0.062051
0.077479
0.122645
0.089210
0.109411
-0.009312
-0.030864
-0.033846
-0.010636
0.101637
0.084891
0.055663
0.032189
0.023527
0.076753
0.086922
0.110703
0.053929
0.032311
0.061394
0.053207
-0.007796
0.045330
0.053252
0.073160
0.105190
0.138008
0.058094
-0.016040
0.063191
0.022719
0.044147
0.152454
-0.016631
-0.003407
-0.008096
-0.010747
-0.037351
0.018688
-0.010752
0.102264
0.077446
0.113749
0.041270
0.119312
0.062055
-0.095804
-0.036036
0.055696
0.059114
0.038104
0.031559
0.102987
0.048528
0.031198
-0.023649
0.041818
0.067118
0.033211
0.027837
0.068231
0.049214
0.022315
0.001358
0.056432
0.030445
0.056993
0.032995
0.096246
0.026113
0.054277
0.037372
0.030154
-0.036348
0.000235
0.010159
-0.028029
-0.061665
-0.039360
0.044220
0.050533
-0.045344
0.025497
0.035172
0.031181
-0.009169
-0.006770
0.072007
0.045850
0.057713
0.133543
0.047029
0.030935
0.023047
0.003999
0.062562
0.071389
-0.049530
0.002214
0.086166
0.079260
0.085048
0.049091
-0.006736
0.058328
0.055546
0.112873
0.066087
0.007295
0.095288
0.051135
0.031443
-0.027208
0.099998
0.090384
0.108738
0.075801
0.060990
0.051817
0.068830
0.083198
0.125831
0.180923
0.132640
-0.071127
0.029345
0.137025
0.102437
-0.022104
0.003636
-0.032758
-0.003952
0.052426
0.026836
0.049964
0.133619
0.129257
0.073605
-0.026040
0.035291
0.060288
0.062877
0.047474
0.019085
-0.028488
0.069500
0.011813
0.051720
0.110265
0.114948
0.131009
0.009241
0.029365
0.003390
-0.012666
0.099176
-0.020121
0.041153
0.040380
-0.010309
-0.010190
-0.096243
0.040470
0.007971
-0.053687
-0.020243
0.079610
0.065694
-0.012442
-0.046184
0.025863
0.016718
-0.097917
0.013500
0.017531
-0.043052
-0.006538
0.074454
0.097182
0.086183
0.088097
-0.011118
0.003698
0.018330
0.114116
0.084686
0.071209
0.094840
-0.012137
-0.008689
-0.064143
-0.070617
-0.003860
-0.017901
-0.054442
0.008825
0.071406
0.080004
0.051141
0.050158
0.048248
0.035963
-0.001305
-0.043362
-0.023845
0.036263
0.159255
0.098776
0.050634
0.058485
-0.035662
0.003087
-0.015228
-0.092541
-0.086653
-0.013037
0.026004
0.055856
-0.030125
0.051391
0.043105
-0.003196
0.017933
0.008836
0.038301
0.018866
0.134608
0.182128
0.049705
0.086130
0.101447
0.000803
0.039733
-0.020247
0.090394
-0.022274
0.041053
0.062594
-0.026748
0.011230
-0.017191
-0.055854
-0.030653
-0.016624
0.071137
0.057670
0.088411
-0.075075
-0.037268
0.042032
-0.021899
0.019377
0.068229
0.100455
0.042081
0.065494
0.049503
0.055603
0.053432
-0.021952
0.086431
-0.002366
-0.068140
0.027615
-0.003690
0.172265
0.119060
0.084762
0.018527
0.003264
0.055901
0.060665
0.036517
0.013497
-0.045376
-0.071063
0.031741
-0.029651
-0.028753
0.012013
-0.096185
0.078062
0.083426
0.033513
0.091554
0.047300
0.082816
0.154442
0.126030
0.078102
0.012547
0.009797
0.084786
0.040983
-0.040561
-0.053543
-0.016638
-0.086409
0.003007
-0.033175
-0.091200
0.015553
-0.009187
0.083561
0.017372
0.102144
0.011554
0.056102
-0.015456
-0.002363
-0.044520
0.016736
-0.063231
-0.026178
0.010997
0.070455
0.173111
0.011642
-0.037366
0.019445
0.059597
0.037869
0.016030
0.089860
0.058465
0.029556
0.011613
0.090690
0.166704
0.133726
-0.041182
-0.094279
0.057764
-0.014987
-0.027301
0.005790
0.064345
-0.093548
-0.013897
0.010291
-0.014338
-0.020135
0.002816
0.011317
0.048296
0.024661
0.073920
-0.094057
0.080551
0.000294
-0.049755
-0.009719
-0.024996
0.017719
0.022061
0.075841
0.089917
0.046351
0.092240
0.100973
0.108492
0.050182
0.034975
-0.023310
0.036703
-0.003350
0.065217
0.058927
-0.100972
0.033609
-0.094648
0.023017
-0.056657
-0.016944
0.063663
-0.020039
0.128219
0.072866
0.115337
-0.015372
0.006486
0.042484
-0.029064
0.166479
0.031822
-0.056342
-0.016314
-0.015318
0.089096
-0.065177
-0.076390
0.021443
-0.044338
0.008653
0.016431
0.014016
-0.016097
0.017020
0.026033
-0.068441
0.004571
0.005420
0.066010
0.045089
0.026949
0.017768
-0.085332
-0.046274
-0.017872
-0.009608
0.008066
0.104688
0.029671
0.020733
0.065373
0.046238
0.108123
0.052911
-0.091670
-0.062152
0.004466
-0.025879
-0.009887
0.089657
0.071031
0.083675
-0.024835
0.013065
-0.056060
-0.001592
0.048140
-0.083093
-0.042166
0.045683
0.028295
-0.009881
0.001735
0.002617
0.018831
-0.092758
0.106227
0.075261
0.051555
0.101348
0.065480
0.030561
0.074276
0.025621
0.027740
0.029373
-0.017123
0.071698
-0.067588
-0.003496
0.007898
0.115525
0.002682
-0.043465
-0.063705
-0.038111
0.012069
0.085889
0.045272
0.059935
-0.016148
-0.037218
-0.042034
-0.051924
-0.040542
0.040995
0.014248
-0.039300
0.041962
0.092066
0.060156
-0.012804
-0.028926
-0.025954
0.067841
-0.037100
0.041506
0.029369
-0.068381
0.091783
-0.036520
-0.002527
-0.018574
-0.069666
-0.059622
-0.031098
0.046694
0.068062
0.044312
0.006391
0.103627
-0.058379
0.043915
0.057138
0.065520
0.040717
-0.048473
0.060156
0.057629
0.044348
0.079790
0.038943
0.008888
0.122849
0.035055
-0.040903
-0.022584
-0.010740
0.071047
0.069153
0.122042
0.078403
0.081875
0.023639
0.036733
-0.065753
-0.009434
0.025617
0.047290
0.075204
-0.030110
-0.017295
0.006033
-0.026259
0.124252
0.029271
-0.073415
-0.021570
0.026042
-0.095443
-0.003316
-0.035035
0.036562
-0.020074
-0.043155
0.086779
0.008107
0.018334
0.021869
0.034023
-0.017572
0.054016
0.037844
0.074127
0.003367
0.010083
0.012775
0.038918
0.034313
0.062129
-0.035710
-0.010748
0.049447
0.094572
-0.012475
0.077458
-0.059567
-0.001242
0.022716
-0.043716
0.066722
0.022614
0.077194
0.078296
0.047229
0.064484
-0.013045
-0.017578
0.049711
0.036428
-0.021238
-0.019073
-0.004811
-0.071386
0.003432
0.000097
-0.029190
-0.061821
0.015552
0.020497
0.041358
0.069311
0.013325
-0.035497
0.038214
-0.023297
-0.002064
0.021673
0.013303
-0.029848
0.049614
0.120430
0.058502
0.059228
-0.012561
-0.031366
0.021986
-0.023890
0.012474
0.037021
0.058337
-0.036241
0.058551
0.025367
-0.029679
0.060787
0.046087
-0.039383
0.024147
0.034814
-0.014719
-0.041111
0.002387
-0.039695
0.093690
-0.006094
-0.121684
0.081949
-0.010234
0.040973
0.039371
0.044461
0.100230
0.037702
-0.023453
0.043192
0.047220
-0.053480
0.121655
0.110458
0.014565
0.041127
0.022336
0.133859
0.002147
0.064159
0.119920
-0.014149
0.083942
0.069998
0.007598
-0.018398
0.168220
0.121751
0.082338
0.126811
0.043024
0.035078
0.066151
-0.000035
0.065165
-0.019400
0.045298
0.082234
-0.077231
0.000677
0.087127
0.021220
0.015654
0.079992
0.142751
0.143048
0.062701
0.013959
0.156130
0.032737
0.079838
0.120633
0.080919
0.129208
0.034434
0.150567
0.017146
-0.023151
0.095336
-0.007542
0.093712
0.020224
-0.055265
0.017492
0.080129
0.038984
-0.031292
-0.012446
-0.133994
-0.024533
-0.045086
-0.108432
-0.042130
-0.059563
-0.069787
0.000197
-0.009523
-0.053574
0.029753
0.038429
0.013937
-0.007699
0.152065
0.148187
-0.021756
-0.065703
0.001965
-0.000490
0.073940
-0.043549
-0.005167
0.006775
0.068972
0.095565
0.043685
0.023686
-0.001630
-0.003877
0.040797
0.017365
-0.041994
-0.016112
0.082057
0.078642
0.064466
0.098911
0.043285
-0.076962
0.012539
0.000403
-0.037446
-0.058182
-0.083243
0.095458
0.065637
0.047065
0.108885
0.103808
0.104009
0.024249
0.079942
0.004483
0.005369
0.069889
0.002383
-0.004252
0.027909
-0.031957
0.046298
-0.041644
0.029131
0.043386
0.069691
0.022868
0.055237
0.047143
0.105005
0.096171
0.127384
0.111907
0.121074
0.112341
0.043546
0.058639
0.008669
0.036088
0.019271
0.065930
0.065283
0.116409
0.073454
0.120772
0.035208
-0.044293
0.092951
0.070769
0.113009
0.101323
0.108358
-0.010054
-0.054257
-0.008680
0.026310
0.025895
-0.071626
-0.056808
0.052697
0.005217
0.065347
-0.053148
-0.001109
-0.016695
-0.096364
-0.033504
0.026986
-0.020679
-0.026049
0.049901
0.112522
0.096563
-0.031245
0.011015
0.140595
-0.019536
0.120428
0.095343
0.080422
0.074181
0.089129
0.028898
0.049851
0.071018
0.021062
-0.072950
-0.028458
-0.056890
-0.018285
0.027768
0.083424
0.081164
-0.004939
0.076083
0.076203
0.021825
0.001091
0.016255
0.056062
0.050521
0.111715
0.057937
-0.081887
-0.000764
-0.024715
-0.067740
0.053776
-0.049550
0.007478
-0.057068
0.052657
0.037616
-0.046720
0.014140
0.057513
0.001568
0.067740
0.027664
-0.049225
-0.011672
-0.000265
-0.104209
0.019999
-0.010881
0.004343
0.041005
0.012661
0.066792
0.037788
0.022194
0.032039
0.045350
0.052264
0.081217
0.098224
0.172259
0.134460
-0.008328
0.015362
-0.020523
0.115440
-0.008956
-0.048241
-0.121169
0.022428
-0.024872
-0.082488
0.018658
-0.013949
-0.002482
0.030187
-0.005236
0.024730
0.153359
0.089070
0.003916
0.017467
0.054462
0.079477
0.117990
-0.081677
0.116637
0.046580
-0.069780
0.061296
0.035698
0.037473
0.055593
-0.011113
0.041449
0.021290
0.077842
0.049919
0.148735
0.084507
-0.001489
-0.016905
-0.018149
-0.002360
0.058439
0.064070
0.079370
0.072890
0.116562
0.019408
-0.015264
0.027345
0.054493
0.030438
-0.011228
-0.042573
-0.049540
-0.063175
-0.022183
0.035667
-0.037295
-0.003521
0.032239
-0.003487
0.065854
0.050008
0.044359
0.068680
0.044904
-0.006443
-0.127989
0.010425
0.119383
0.061840
0.009563
0.083783
0.067860
0.122067
0.026058
0.060835
0.151282
0.060391
0.033529
0.049910
-0.042315
-0.044071
-0.021590
0.057284
0.076497
0.102207
0.080527
-0.028249
0.054225
0.013266
0.008063
-0.035903
-0.050404
0.018715
-0.053043
0.009113
0.011793
0.021347
0.053735
0.083169
0.037132
0.024569
0.011204
0.038742
0.057259
0.064898
0.104886
0.086947
0.046447
-0.028347
0.031146
0.005310
0.022641
-0.043146
-0.045115
0.005790
-0.063033
0.002098
-0.015903
0.012306
0.086079
0.083901
0.015916
0.089017
0.002448
0.065209
0.080562
0.073556
0.029634
-0.014105
0.046492
0.090262
0.062127
0.137079
0.155596
0.110786
0.022457
0.011978
0.077553
0.033741
0.042519
0.175109
0.025037
-0.077749
-0.035620
-0.086864
0.135242
0.060174
0.017162
-0.037102
0.146238
0.094548
0.099472
0.094049
0.053574
0.025953
-0.048060
0.041117
0.019144
0.086802
0.017397
-0.034616
0.033987
0.043043
0.125864
0.142308
0.050235
0.056658
0.068903
-0.001218
0.066072
0.048582
-0.003707
-0.025227
-0.015199
-0.059663
-0.046766
-0.093167
-0.100309
0.044331
-0.063495
0.006486
0.045124
0.043843
0.045929
0.064336
0.032246
-0.042806
0.010745
-0.061842
0.010092
-0.035577
-0.038010
-0.042069
-0.000611
-0.119386
-0.068218
-0.040282
0.021999
0.078964
0.005401
-0.013487
0.061196
0.091780
0.036671
-0.030805
-0.014611
0.093021
0.124722
0.033105
0.095311
0.034434
0.138017
0.046816
0.075043
0.027682
0.052097
0.008911
0.031558
0.040289
0.095877
0.043584
-0.020251
0.072724
0.049801
-0.032913
0.047325
0.008483
0.046479
0.098748
0.128242
0.089612
0.088496
0.053152
-0.036639
0.005054
0.086869
0.055765
-0.028135
0.089218
-0.043415
-0.034587
0.094866
0.052108
0.002714
0.036517
0.089833
0.028842
0.046418
0.040677
0.005960
-0.023038
0.098141
0.029408
-0.002576
0.084420
-0.029153
0.027350
0.088889
0.108194
0.031239
0.011002
0.048910
0.026490
-0.037855
-0.015403
-0.021189
0.098669
0.043769
-0.016725
-0.023880
0.080820
0.119712
0.072438
0.043943
-0.002821
-0.044209
0.023880
0.023360
-0.011659
0.024181
0.036977
-0.043141
-0.080329
-0.088689
0.045327
0.031302
0.053347
0.078058
0.014142
-0.004858
-0.011089
0.022564
0.038263
0.013866
0.062588
0.086020
0.078013
-0.052094
0.036501
-0.018376
0.040138
-0.059709
-0.015038
0.004109
0.028808
-0.017044
0.117869
-0.004242
-0.038155
0.005000
-0.004116
0.027418
-0.016896
0.030850
0.024396
0.162386
0.027447
0.071777
0.046807
0.058108
0.047124
-0.016998
-0.047153
-0.017632
0.094733
0.072055
-0.017717
-0.016277
0.123470
0.059496
0.075638
0.029040
0.039632
0.058322
0.049028
0.023409
-0.003247
0.031596
0.036987
0.059036
0.088267
-0.006140
-0.022759
-0.025416
0.067454
0.175118
0.041322
0.048737
0.089466
-0.013320
-0.130333
0.037441
-0.018483
0.002045
0.063615
0.065443
0.026770
0.021875
0.000222
0.011134
0.026407
0.147396
-0.015376
0.006534
0.183845
0.015336
-0.010663
0.013736
0.062238
0.042933
0.097797
0.077973
0.069451
0.122718
0.158143
0.041427
0.093096
0.044934
0.121474
0.066292
0.128864
0.040130
0.064021
0.035889
0.045589
-0.066206
-0.008530
-0.087765
0.053549
0.025523
0.107132
0.080306
0.071014
0.085350
0.126824
0.059915
0.001971
0.050951
0.070312
0.036400
0.215323
0.100173
0.002020
0.066317
0.165283
0.168038
0.109400
0.152739
0.074326
0.067902
0.022003
-0.002887
0.047706
-0.024290
0.025872
0.031335
0.006035
0.011601
-0.009905
0.037257
0.023245
-0.103533
0.062352
0.088346
-0.000508
-0.076805
-0.010151
-0.052937
0.011015
0.019496
0.066222
0.073656
-0.006628
0.027495
0.069700
0.007934
-0.106119
0.099231
0.015575
0.022648
0.037972
0.085595
0.082139
-0.053266
0.013399
0.034111
0.075022
0.058265
0.058229
0.032312
0.029782
0.048213
0.158443
0.053363
0.070224
0.065152
0.067449
0.129645
0.152316
-0.034873
0.040434
-0.012003
0.003647
0.115960
0.016085
0.006568
0.050377
-0.008723
0.097751
0.033759
0.093014
0.064387
0.093600
0.076179
0.011482
0.028355
0.056504
-0.010574
0.044686
0.080383
0.005048
0.035723
-0.010090
-0.074972
-0.020959
-0.015633
0.025023
0.046976
0.069646
0.001234
0.076023
0.008262
0.061906
0.053176
-0.018858
0.022393
0.051793
0.019377
0.043307
0.000443
-0.007590
-0.011671
0.023653
0.033362
0.076387
0.047761
0.079151
0.112456
0.053321
0.087540
0.048562
0.023899
0.039026
0.095555
0.100502
-0.034059
0.032201
-0.029774
0.028592
-0.110074
-0.020984
-0.062917
-0.041270
-0.013328
-0.025713
0.043287
0.008122
0.016660
0.051298
0.045702
0.053745
0.042796
0.121545
0.019518
0.075115
0.050077
0.078582
0.013954
-0.032394
-0.018076
0.039109
0.033942
0.057468
0.087267
-0.034760
0.043308
-0.077326
-0.023180
0.056585
0.033287
0.044996
0.028285
0.123794
0.117803
0.168066
0.106630
0.089312
0.058446
0.203871
0.086391
0.037136
-0.011746
0.002369
-0.072509
0.066179
0.084396
0.131404
0.081361
0.009579
0.053283
-0.025468
0.054333
-0.048465
0.027154
0.084518
0.000411
0.065512
-0.032469
0.062047
0.066761
0.060607
0.017611
0.090764
0.062054
-0.014943
0.060068
0.130890
0.119459
-0.049727
0.061424
0.101994
0.069515
0.045164
0.078491
-0.026742
-0.008058
0.065202
-0.000416
0.106880
0.017820
0.015006
-0.020268
-0.054477
0.086834
-0.003695
-0.011959
0.060933
0.035329
0.027082
0.002762
0.051635
0.019947
-0.006824
0.040381
0.110098
0.011089
-0.121754
0.018866
0.032188
0.022030
0.009076
0.080784
0.040731
0.099919
0.047702
0.112595
0.018546
0.077741
0.082230
-0.022311
0.002277
0.035954
0.041664
0.024210
0.056721
-0.023949
-0.002908
0.044076
0.055292
0.021411
0.013993
0.015819
0.067080
0.134070
-0.001856
0.043033
0.117753
0.068389
0.156928
0.107686
-0.017689
0.054081
0.069573
0.163031
0.154494
0.006051
0.055020
0.021472
0.029713
-0.026647
-0.005230
-0.111435
-0.035962
-0.070170
0.031124
0.025757
0.066388
0.067625
0.001475
0.035096
0.093675
0.108981
0.053157
0.069019
0.056760
0.021749
0.021385
0.117344
0.051155
0.023602
0.011739
0.056344
0.071731
0.192799
0.008387
0.031676
0.033354
0.041160
0.041052
-0.021322
0.050023
-0.061687
-0.052405
0.108342
-0.033971
0.026033
0.013066
-0.001334
0.050457
0.063821
-0.029502
0.079729
0.074389
0.071194
0.043629
-0.014563
0.090106
0.065368
0.031347
-0.006513
0.026805
0.051018
0.061093
-0.058108
-0.021225
-0.001467
0.042741
0.021827
0.060598
0.001016
-0.053074
0.046978
0.038207
0.039413
0.091352
0.020694
-0.038397
-0.024185
-0.018831
0.010410
0.020172
0.050597
-0.004321
0.133288
0.046514
-0.002077
-0.033345
-0.030664
0.034490
0.035502
0.082096
-0.011806
0.116548
0.116954
0.058115
0.039444
-0.003267
-0.092790
0.049464
0.043003
0.099415
0.025924
0.086570
0.072010
0.129714
0.057917
0.156225
0.089497
0.025298
-0.017653
0.109812
-0.046576
-0.034743
0.004891
-0.002935
0.024997
0.056471
0.011933
-0.066456
-0.059476
-0.028876
0.092499
0.011941
0.083878
0.095426
0.059052
0.056712
0.000422
0.076316
0.044629
-0.039593
-0.057755
-0.002226
0.024130
0.010639
0.100229
0.109583
0.092850
0.058470
0.025873
0.114815
0.131590
-0.004772
-0.009055
-0.023705
-0.020492
0.036396
0.019450
0.088706
-0.057454
0.025021
0.134138
0.103756
0.088699
-0.053757
0.000223
0.094665
0.025658
-0.031179
0.025642
-0.010828
-0.002388
-0.030663
-0.041551
-0.027608
-0.078299
-0.015097
0.057441
0.005565
-0.036142
0.055367
0.164501
0.043295
0.022580
0.026131
-0.014480
0.012997
0.008498
0.093165
0.069631
0.023356
-0.006764
0.010891
0.096935
-0.011161
0.092264
0.057591
0.059485
0.057199
-0.013881
-0.008007
0.045556
-0.076708
0.077696
0.041650
0.027790
0.008152
-0.045859
-0.059724
-0.022677
-0.050833
0.116465
0.029041
-0.063658
-0.034795
0.064630
0.048049
0.001139
-0.042813
0.097098
-0.013469
-0.005643
-0.004279
0.028676
0.067300
0.008089
-0.010153
0.012035
-0.039682
0.015590
0.033990
0.045091
-0.032461
0.038421
-0.041965
-0.017185
0.025510
0.055091
-0.000821
-0.004524
-0.009533
0.006581
0.062654
-0.077240
0.127805
-0.004305
0.008082
0.043147
0.054242
0.043211
0.061461
0.121719
0.033904
0.075426
0.018891
-0.023610
-0.012348
-0.056146
-0.024117
-0.092945
-0.013506
0.022581
-0.004296
0.025874
0.080215
0.012496
-0.025372
0.029871
0.057992
-0.002262
-0.035427
0.022265
-0.041234
0.009210
0.035741
-0.014500
0.095729
0.042680
-0.099882
-0.051733
0.029074
-0.058358
0.006718
-0.011035
0.037128
-0.051956
-0.069770
-0.068293
-0.039694
0.004016
-0.014901
0.060291
-0.015921
0.016334
0.025061
0.036566
-0.047032
0.059956
0.029335
-0.073039
0.018152
0.088414
0.039219
0.060838
0.017509
0.037229
0.070986
-0.009023
0.078765
0.128140
0.001163
0.076349
0.065170
0.071022
0.020949
-0.004549
-0.004992
-0.062272
-0.038640
0.088194
0.037007
-0.037984
-0.077874
-0.041505
0.028951
-0.030198
-0.017841
0.024394
0.033890
0.067081
-0.000100
0.057817
0.000432
0.042435
0.055982
0.060533
0.018171
0.030340
0.005820
0.012442
0.058851
-0.016788
-0.010595
0.048528
0.046505
0.062416
0.027196
0.077283
0.081467
0.083790
0.069447
0.033946
-0.018437
0.021382
0.035177
-0.023595
0.044370
0.030782
0.135758
-0.012007
0.057067
0.005699
-0.053774
0.141214
-0.021795
0.029461
0.023798
-0.031472
0.087966
-0.025530
0.109263
0.123378
0.005740
0.042137
0.126419
0.092927
0.027392
0.077100
0.069873
0.077160
0.004499
0.034077
0.167847
0.039797
0.087090
0.088365
0.051037
0.064320
0.087503
0.099698
-0.037313
0.013382
0.099100
0.055464
-0.001277
0.039304
0.060217
-0.035930
-0.019664
-0.018506
-0.024982
0.003362
-0.036103
-0.052203
0.014062
0.043306
0.104977
-0.015585
0.108720
0.084791
0.074003
0.063855
0.046293
0.000815
-0.043414
-0.023282
0.064630
0.057998
0.013884
0.006414
-0.043528
0.048665
0.060097
-0.045967
0.129064
-0.023699
-0.020085
-0.044755
0.047450
-0.009303
0.002813
0.087771
0.107726
0.144867
0.074930
0.037184
0.095137
0.066065
0.002326
0.089889
0.110985
0.144206
0.048357
0.075503
0.007039
0.017445
0.165462
-0.013727
-0.014276
-0.005545
-0.008684
-0.005475
-0.061112
-0.035908
-0.003658
0.065165
0.064134
0.068081
0.046083
0.012359
0.043699
0.090637
-0.049887
0.058499
0.026163
0.059685
0.070194
0.065568
-0.011162
-0.044651
0.054001
-0.101244
0.019347
-0.006856
0.018354
-0.003428
0.004590
-0.062102
0.026664
0.078808
0.020427
-0.083898
-0.064420
-0.017146
0.102687
0.081546
0.117569
0.058657
0.044559
-0.005946
-0.017092
-0.008573
0.016190
-0.041920
-0.065709
0.020926
0.011978
0.048402
-0.002535
0.045001
0.047098
0.108559
0.084652
0.131253
0.064099
-0.037697
0.091292
0.020227
-0.009493
0.009447
0.012709
0.002283
0.064066
0.123386
0.088363
0.029688
0.028259
0.012737
-0.006380
0.012664
-0.031060
0.027137
-0.175403
-0.063413
0.088034
-0.106601
0.021634
0.058405
-0.049188
-0.014537
0.010725
0.014275
0.005352
-0.029266
0.062217
0.035310
0.030308
-0.032349
-0.070008
0.097920
-0.068670
-0.015252
0.082580
0.045810
0.033332
0.116657
0.004151
0.063850
0.048776
0.084391
-0.025266
0.016404
0.032370
0.051954
0.002391
-0.118199
-0.039879
0.083545
0.020537
-0.065812
-0.011928
0.017124
0.052880
0.011260
0.011001
-0.003018
-0.010413
-0.048425
0.015578
0.027262
-0.013701
0.040105
0.076309
0.021859
0.111607
0.123071
0.015819
-0.062827
0.023279
0.110370
0.018506
0.003141
0.111477
0.093137
0.022830
0.004171
-0.064660
0.022881
0.056589
0.017955
-0.033372
-0.013138
-0.012447
0.084016
0.063644
-0.040017
0.044860
0.061407
0.030798
0.083781
0.037360
0.047251
-0.066161
0.035776
0.032591
-0.005936
-0.008320
-0.001318
-0.022818
-0.089538
0.052636
0.096043
0.115060
0.026353
0.019785
0.012302
0.063874
0.011529
0.074697
0.079431
0.009605
0.081251
0.025426
-0.017602
-0.051754
0.024794
-0.017585
0.035560
-0.044516
-0.041108
0.038772
0.032803
0.024170
-0.052474
-0.022531
0.007875
0.018874
0.001713
0.060730
0.084118
-0.015301
-0.001585
-0.040747
-0.028976
0.000632
0.015964
0.060633
0.012855
0.004253
0.120425
0.159248
0.053960
-0.014792
-0.051063
0.039149
0.065432
0.012176
-0.044432
0.000581
0.023933
0.051801
0.051232
0.065725
0.124958
0.030747
0.073931
0.036481
0.006799
0.045161
0.000585
0.015110
-0.061539
-0.001619
0.117735
-0.006446
-0.012978
-0.000219
0.045252
-0.001028
0.053608
0.059848
0.076732
0.010064
0.011047
0.051749
0.084662
0.049353
0.016397
0.030025
0.048753
-0.022984
0.012342
0.110811
-0.042340
0.069084
-0.012198
-0.033286
-0.016919
-0.072587
-0.096388
-0.101908
0.009617
0.056792
0.020647
0.108024
0.060505
0.066706
0.095197
-0.010961
0.014862
0.021113
0.123924
0.036087
0.018751
0.031049
0.079036
-0.014073
0.056784
0.038968
0.033931
0.049482
-0.060905
0.021001
0.099265
0.075009
0.048431
-0.035212
0.126994
-0.029696
-0.019621
0.053592
0.041916
0.072198
0.027753
0.057177
0.065499
0.052877
0.107305
0.010881
0.005856
0.087937
0.020225
0.072398
0.000717
-0.005241
0.063576
-0.024843
0.011377
-0.002786
0.030588
0.058977
0.043976
-0.008338
-0.041331
0.066014
0.132424
0.120514
0.128309
0.008220
0.017968
-0.008355
-0.023164
-0.050039
0.026812
0.070029
0.067089
-0.025479
0.090242
0.142712
0.150398
0.144903
0.097227
-0.024586
0.028628
0.095124
-0.020084
0.006079
0.072776
0.089946
0.123954
0.096846
0.071911
0.009897
-0.006906
0.068412
0.146317
-0.009438
-0.049680
-0.074511
0.001975
0.061434
0.074667
0.122727
0.021007
-0.013934
-0.022129
0.061200
0.135132
-0.009967
0.044501
0.092126
0.115344
0.047454
0.021888
0.060266
0.009650
-0.034507
0.094293
0.099620
-0.027245
0.058575
-0.018124
0.009890
-0.068110
-0.057152
0.033076
0.050960
0.057685
0.129291
0.021282
0.141483
0.050865
0.096381
0.122525
-0.041503
-0.038529
0.010819
0.084831
0.095833
0.020246
-0.023097
0.021199
0.066023
0.044814
0.122643
0.054594
0.058327
0.049377
0.051528
0.067357
0.064201
-0.097514
-0.029516
0.094905
0.068403
0.015568
0.020495
-0.054954
0.018373
0.096432
0.050609
-0.007607
-0.013822
0.057641
0.010860
0.065611
0.066229
0.005609
0.033532
0.040853
0.091748
0.059919
-0.017547
-0.020348
0.011333
-0.009851
0.031374
-0.059549
-0.129392
-0.036518
-0.033510
0.028033
0.035910
0.008691
0.008773
0.018101
0.052190
-0.026974
-0.058191
0.050117
0.125005
0.022149
0.003623
0.126740
-0.006331
0.040305
0.034233
-0.003416
0.165727
0.091676
0.062897
-0.057104
-0.023926
-0.055030
-0.057482
0.142416
0.074386
0.103405
0.045864
-0.053397
0.012439
0.075919
0.031640
0.018477
0.023307
-0.006441
-0.007335
0.051582
-0.030110
-0.001876
0.009360
0.053138
0.027696
0.003139
0.015482
-0.007191
-0.003927
0.026705
0.113371
0.041817
0.113924
0.098378
0.051397
-0.047973
-0.007879
0.033217
0.109373
0.033497
0.067862
0.039931
0.112675
0.080495
-0.011559
0.014153
0.065397
0.052500
0.028864
-0.015864
0.083394
0.117596
0.027089
0.011545
-0.011954
0.008543
0.054238
-0.008400
0.118755
0.095786
-0.012335
-0.017577
0.066911
0.046103
0.017673
-0.015408
-0.033870
0.053568
0.081512
0.131519
-0.009069
-0.008347
0.041580
0.145533
-0.038598
-0.027229
0.121988
0.028604
0.003024
0.013594
-0.007849
0.019605
-0.005929
-0.037023
0.039964
0.017841
0.003891
0.069157
0.066804
0.019997
0.072219
0.077402
0.020233
-0.005972
-0.001193
0.005135
0.045465
-0.076388
-0.008523
0.052635
-0.033516
-0.016735
0.061531
0.054780
0.012035
0.036625
0.025465
0.040759
-0.013299
-0.057874
-0.013935
0.039794
0.051300
-0.021752
-0.064874
0.092932
0.049975
-0.051375
-0.041533
0.000907
0.042165
0.025466
0.078699
0.027741
0.014030
0.021041
0.081778
0.183402
0.089855
0.081751
0.071518
0.050164
0.023435
0.010824
-0.013973
0.051590
0.019198
-0.004469
-0.045422
-0.009292
-0.069833
0.012487
0.063213
-0.060492
0.064844
0.140720
0.056741
0.071682
-0.098217
-0.013452
0.029162
0.099150
0.146243
0.142339
0.074521
0.097074
-0.112908
-0.074026
0.025560
0.023299
0.001694
0.004487
0.017249
0.015244
-0.081851
0.014209
-0.000906
-0.039574
-0.026433
0.013495
-0.017394
0.003365
0.052336
0.045461
-0.003196
-0.054791
0.079698
0.097456
0.010556
0.036422
-0.049962
0.026909
0.037149
0.035913
0.064756
0.113289
0.086147
0.046541
0.009019
0.060539
0.064001
0.035884
-0.031029
-0.084610
-0.042098
0.037761
0.026115
-0.019157
-0.084474
-0.008044
-0.022827
-0.177737
-0.022757
0.037573
-0.059098
0.009041
-0.058466
-0.047219
0.017354
0.061313
-0.029644
0.001106
0.034451
0.044654
0.028758
-0.032921
-0.067834
0.005179
-0.058568
0.034465
-0.059768
0.016233
0.026455
-0.045866
0.017618
0.114567
0.011345
0.104839
0.134949
0.088239
0.148703
-0.002938
-0.027069
-0.049217
0.068508
0.038449
0.077991
0.025446
-0.015334
0.025249
0.001407
0.067462
0.072096
0.047173
0.115326
0.031810
0.065853
0.072670
0.102162
0.014149
-0.003578
0.078644
0.042582
0.029157
-0.060091
0.051709
0.061464
-0.177543
0.060002
0.070255
0.001373
-0.017773
0.012421
-0.026661
-0.020216
0.049567
0.102614
0.000819
-0.004269
-0.038906
-0.083551
0.075549
0.122368
0.091822
0.025680
0.042340
0.040207
-0.002945
0.090691
0.078668
0.041074
0.081120
0.041159
0.054830
-0.040191
0.019065
0.040828
-0.026515
0.068716
-0.027000
-0.024185
0.019629
-0.071385
0.021808
-0.077622
0.041356
0.114875
0.013305
0.028115
-0.012726
0.058236
0.049087
0.006788
-0.003990
-0.000019
-0.001533
0.100067
0.149963
0.022959
0.054360
-0.011450
0.007004
0.079176
-0.011522
0.016772
0.092115
-0.034110
0.016159
0.034927
0.103015
0.049612
0.051228
0.149668
0.153684
0.027971
-0.024731
-0.021285
0.066656
0.016361
-0.030395
0.075527
-0.031812
0.037310
0.036754
0.028833
0.189951
0.077932
0.006605
0.018111
-0.037605
0.010718
0.082672
0.064544
0.130734
0.053770
0.019337
0.093355
-0.056245
0.011498
0.055461
0.055995
0.110679
0.113403
0.072670
0.083754
0.063036
0.055702
0.017740
0.047585
-0.006805
-0.063196
0.006095
0.011776
0.028433
0.057541
0.096892
0.090426
0.043066
0.064354
-0.020531
-0.034412
-0.003518
-0.015088
0.067259
0.036065
0.077089
0.045716
0.023632
0.078687
-0.003561
0.022282
0.033535
-0.009288
0.047751
-0.025057
-0.133554
-0.116500
-0.013429
0.008591
0.102400
0.096082
0.104495
0.051523
0.068102
0.031934
0.114962
0.027936
0.125513
0.049866
0.026254
0.000255
0.041891
0.027446
0.126508
0.101470
0.044005
0.142666
0.071759
0.048599
0.011933
-0.041247
0.072826
-0.023023
0.030568
-0.044876
-0.046936
0.056176
0.026704
-0.000404
-0.066943
0.015148
0.040421
0.029086
-0.015000
0.048685
0.014861
0.060289
0.046233
0.014489
0.001169
-0.006525
-0.040892
0.011348
0.030464
-0.014345
-0.015327
-0.019828
0.086859
-0.024132
0.041422
0.031288
0.146630
0.038575
0.007303
0.024703
0.097427
0.023274
-0.014734
0.083058
0.085884
0.116419
0.084059
0.061142
-0.015782
-0.070450
-0.078825
-0.083034
-0.054764
0.003424
-0.074059
0.013598
0.023622
0.004360
-0.039029
-0.028756
0.011061
0.064788
0.056805
-0.034800
0.049501
0.015819
0.026140
0.052111
-0.045078
0.064216
0.030817
-0.037623
-0.022823
0.052548
-0.017731
0.098455
0.174750
0.062128
0.046627
-0.025789
-0.020544
0.097172
-0.039423
-0.071683
-0.099542
0.000816
0.073070
-0.067676
0.074283
0.005342
-0.058277
-0.015774
0.001356
-0.041457
0.021863
0.038800
-0.066262
0.006881
0.019687
-0.082479
0.015318
0.004204
-0.032124
0.059339
-0.016385
-0.003852
0.064409
0.039242
-0.043010
-0.046124
0.036956
0.036655
0.003683
-0.066786
-0.001216
-0.018597
0.032133
0.107874
0.013839
0.102779
0.019523
0.029866
0.087502
0.048087
0.077921
-0.015006
-0.010552
0.042835
0.026930
-0.007145
0.062701
0.059793
0.006565
0.028937
0.094580
-0.122796
-0.018728
-0.058099
-0.032751
0.043839
0.076664
-0.018945
0.014262
0.023916
0.112759
0.045065
0.201097
0.133702
0.089296
0.141432
0.102420
0.085634
0.036258
0.006713
0.084849
0.133173
0.073464
0.016121
0.056668
-0.014742
0.106697
0.059845
0.078441
0.065433
-0.006342
0.173863
0.044404
0.034728
0.084590
0.122357
-0.001099
0.064787
0.013243
0.014633
0.096705
0.004817
0.089009
0.019460
0.002041
-0.032998
0.071408
0.045022
0.013151
0.049573
-0.096232
0.034616
0.070238
-0.001432
-0.006415
0.033921
0.112189
0.045284
0.079244
0.052392
0.051296
0.036688
0.048244
0.060946
0.069179
0.009335
0.053059
0.021628
0.068198
0.075354
-0.039165
-0.013413
-0.044026
0.041807
0.036987
0.069373
0.120957
0.036343
0.036627
-0.043828
-0.042623
0.071649
0.116223
0.040291
0.108117
0.153314
0.014835
-0.068078
-0.035686
0.009589
-0.054569
0.021867
0.053686
-0.042297
-0.080837
0.043412
-0.075515
-0.149041
0.011543
-0.025049
0.002589
0.010398
0.041777
-0.054580
0.001663
-0.014069
0.063288
-0.000995
0.088344
0.087068
-0.004957
0.118205
0.023856
0.113727
-0.048957
-0.095629
0.009187
0.033061
0.135472
0.094321
0.081867
-0.024823
-0.020832
-0.000617
0.042319
0.028907
0.023839
-0.018691
0.049452
0.058084
-0.029374
-0.044868
0.047873
0.050918
0.016625
0.140016
0.064288
0.009471
0.095139
0.051388
-0.002728
0.050826
0.023854
-0.011233
-0.036910
0.054729
0.000767
0.113283
0.081886
0.033322
0.066371
0.023348
0.013087
0.113498
0.024064
0.088721
0.139799
-0.015414
-0.071427
0.054328
0.049771
0.037937
0.121462
-0.006989
-0.057883
0.002631
0.054766
0.017050
-0.006067
0.082783
0.062586
0.021371
0.023927
0.074059
-0.019885
0.000154
-0.013668
-0.090251
-0.030644
0.047293
0.063490
0.056586
0.035201
-0.000556
0.031315
0.050202
0.147879
0.081731
0.006647
0.053617
-0.004195
0.002986
-0.008408
0.137657
0.027489
0.090614
0.213574
0.005998
0.085969
0.157336
0.021649
-0.065707
0.028844
0.067912
-0.011169
-0.053595
-0.034783
0.002856
0.014854
-0.025225
0.106069
0.121982
0.027197
0.039398
0.103395
-0.013542
0.076861
-0.000839
0.020924
-0.017168
0.075881
0.048073
0.041275
0.053155
-0.054074
-0.000601
-0.021493
0.007823
0.027247
0.010592
-0.004613
0.104710
-0.015954
0.002874
-0.048049
0.045936
0.057599
0.011757
-0.051382
-0.019749
0.030569
0.001392
0.041289
0.053631
0.017255
-0.004699
-0.012691
0.015929
0.043429
0.099579
0.014398
0.064329
-0.001694
0.071053
0.105418
0.014587
0.093739
0.054225
-0.003793
-0.024133
0.095434
0.076572
-0.076930
0.049119
0.046305
0.023984
0.055587
-0.068092
0.023881
0.055294
-0.063053
0.043784
0.025278
-0.022713
-0.023419
0.004726
-0.039712
0.016639
0.038936
0.052576
0.005161
0.094511
0.065088
-0.018608
0.007748
0.065459
0.042526
-0.034739
0.057821
-0.038744
0.001535
0.047844
0.035523
-0.015252
0.047600
0.022724
-0.000903
0.112661
0.061085
0.003313
0.095836
0.025068
0.003663
0.005937
0.010592
0.014710
0.028829
0.001635
0.071316
0.079383
-0.052899
-0.026003
0.018979
0.036879
-0.014663
-0.002705
0.068508
0.001596
0.095195
-0.021798
-0.005768
0.029651
0.058508
-0.035375
-0.038595
-0.061977
0.013732
0.033288
0.056057
-0.003966
0.036285
0.078107
-0.023495
-0.004636
-0.027658
-0.020806
0.041747
0.018364
0.047152
0.071039
-0.002837
0.019683
0.007857
0.047732
0.039319
-0.094713
0.010527
0.039247
0.047355
0.041950
-0.008170
-0.033704
-0.019935
-0.043989
-0.006383
-0.007087
-0.023611
0.001461
0.078307
0.033582
0.115129
-0.012753
-0.066648
0.047244
-0.064264
-0.118420
-0.046733
-0.052787
0.013074
0.098043
-0.051255
-0.027804
0.017224
0.045131
-0.002289
0.137746
-0.023858
-0.049519
-0.090713
0.064831
0.093501
0.124629
0.143510
0.054946
-0.112751
-0.036681
-0.020456
-0.016634
-0.005265
0.032176
0.011652
-0.016498
-0.038444
0.008105
0.029636
0.047147
-0.001599
0.080851
0.103143
-0.036259
-0.089928
0.023685
-0.062944
0.034911
0.008591
0.011314
0.136562
0.120526
0.086777
-0.015836
-0.046345
0.010789
-0.034228
-0.038858
0.162664
0.050932
-0.013577
0.048238
0.021171
0.012403
0.059415
-0.028257
0.014628
0.041667
0.001787
-0.055511
-0.073541
-0.020531
0.031319
0.002918
0.011147
-0.014863
0.008060
-0.054959
-0.006424
0.048722
-0.069479
0.059062
0.050792
-0.059824
-0.051079
-0.022527
-0.016195
0.016932
0.008966
0.075961
0.080801
-0.076930
0.072377
0.079952
-0.005250
-0.005948
-0.083492
0.097704
0.024855
0.038597
-0.022253
0.051349
0.027536
0.040086
0.052440
0.116304
0.047384
-0.003284
0.008822
-0.026100
0.081787
0.151569
0.041077
0.021418
0.062185
-0.070345
0.034498
0.031420
0.068424
0.021847
-0.009510
-0.046490
0.090499
0.053809
0.050652
0.038492
-0.007356
-0.015739
0.013709
-0.025060
0.004000
-0.003296
0.030366
0.104095
0.092832
0.083016
0.007434
-0.030851
0.107669
0.004295
0.040592
0.034551
-0.065770
0.018117
0.067084
-0.010711
-0.007909
0.045189
0.040140
0.085742
0.060068
0.072922
0.062484
-0.031059
0.146940
0.065346
0.038782
0.028865
0.105683
0.075528
0.090464
0.098405
0.010254
-0.019837
0.042927
-0.057722
-0.056166
-0.084360
-0.078353
-0.009353
0.018823
-0.029649
-0.098815
-0.029325
0.017361
-0.029252
-0.016433
0.082665
0.166766
0.038911
0.078887
0.009494
0.061997
0.045730
0.014433
0.040265
0.036743
-0.012813
0.034029
-0.050730
0.009656
-0.092885
0.038435
0.037378
0.042656
0.101931
0.075577
0.139168
0.040816
-0.027266
-0.033243
0.000008
0.086610
0.026004
0.043224
0.089374
0.053528
0.093390
-0.012354
0.044189
0.014752
-0.028686
0.070207
-0.009665
-0.002625
0.010092
-0.015852
-0.019022
0.018170
-0.081938
-0.051046
0.008798
-0.047694
-0.022880
-0.007203
-0.021513
0.091486
0.012864
0.010110
0.070772
0.042373
0.061952
-0.048381
0.091526
0.119747
0.145177
0.124046
0.031801
0.090912
0.001856
0.074662
0.031755
-0.035253
-0.077273
-0.019579
0.077392
-0.057678
-0.010194
0.012994
0.078098
0.048890
0.014918
0.041764
0.132608
0.084467
0.055785
0.001142
0.115244
0.001650
0.070379
0.159671
0.081793
0.137976
0.034966
0.124246
-0.017322
-0.006875
0.036516
0.069816
-0.052226
-0.064749
0.062308
0.040243
0.018199
0.093436
0.094952
0.034649
0.005643
0.044940
0.017690
-0.024866
0.017857
0.117377
0.049544
0.000630
0.064706
0.061539
0.142075
0.025647
0.024141
0.114773
0.086397
0.032911
-0.027934
-0.012311
-0.011823
0.025393
0.007611
0.051586
0.000190
-0.054613
0.040211
0.021681
0.086103
0.093637
0.077510
0.037269
0.012259
0.110587
0.180052
0.029279
0.051114
0.051001
0.015935
0.000880
0.044688
0.046790
0.070432
-0.017592
0.064989
0.022267
-0.038736
0.063825
0.139100
-0.006476
0.021801
0.008938
-0.024873
0.106036
0.053214
0.087128
0.033743
0.009005
-0.028305
0.031992
-0.028602
-0.072356
-0.051200
-0.000660
0.051905
-0.003942
0.055015
-0.035618
0.025543
0.009184
0.142628
0.122994
0.017100
-0.013463
0.010130
-0.021020
-0.025217
0.084913
0.023182
0.059624
0.160985
0.008875
0.078225
-0.022841
-0.013618
0.032259
0.019539
0.037206
0.006708
0.102605
0.083316
0.086797
-0.016301
0.007087
0.041003
0.083516
0.003235
0.094822
0.040694
0.034441
-0.047743
-0.006597
0.003361
0.029941
0.134348
0.063308
-0.002947
0.063337
0.046934
0.010345
0.046438
0.017045
0.006030
0.006981
0.034845
0.030561
0.088445
0.093223
0.062166
0.065046
0.120210
0.063234
0.041065
0.063069
0.047578
0.007664
0.027230
0.065157
0.010662
-0.026946
0.067697
0.103178
0.055722
-0.039172
0.051319
0.061933
0.053300
0.015779
-0.007557
0.076965
-0.012501
0.090338
0.007392
0.129288
0.083284
-0.010912
0.132436
0.102943
-0.041305
0.042244
0.140963
0.052459
0.000715
0.008510
-0.084058
0.029387
0.045921
0.076366
0.093246
0.029217
0.085829
0.050065
-0.026653
0.018879
-0.127443
-0.019947
-0.065111
0.013078
0.064576
0.082247
0.150616
0.067202
0.057402
0.067468
0.027020
0.007126
0.059830
0.043201
0.041075
0.010532
0.050330
0.166844
0.085731
0.044431
0.050498
-0.004393
0.115763
0.092726
0.003210
0.043732
-0.000138
0.041781
-0.062467
0.047424
0.036537
-0.030420
0.034025
0.012200
-0.077089
-0.121965
0.005591
0.060056
0.050058
0.020502
-0.009073
0.052032
-0.015253
-0.056676
0.028067
0.000986
-0.018072
-0.032361
-0.025228
0.012092
0.044395
0.095272
0.062366
0.110280
-0.028212
-0.027540
-0.016726
0.034796
0.061141
0.035582
0.076317
0.036334
-0.005207
0.013712
0.038161
-0.035656
0.019364
0.013177
0.010057
0.073064
-0.026469
-0.057098
-0.065202
-0.030382
-0.028803
0.022982
0.062637
0.043387
0.070041
0.150256
0.054602
-0.023197
0.122549
0.027293
0.092249
-0.002842
0.033381
0.087180
-0.090725
-0.013822
0.020803
-0.007401
0.007766
-0.002515
0.055634
-0.014448
0.002071
-0.061706
-0.059441
-0.113335
-0.046999
0.017080
0.061086
-0.006919
0.056959
-0.052502
0.038280
0.070237
0.058108
0.096843
0.042380
0.009166
-0.036870
-0.061241
0.024822
0.018812
-0.050774
0.041561
-0.049137
-0.048842
-0.042455
0.006195
0.035244
-0.005400
0.015380
-0.050272
0.050121
0.052442
0.026070
0.041636
0.047339
-0.001602
0.047000
0.048851
0.025644
0.008455
0.111874
0.069395
-0.016555
-0.017699
-0.042749
-0.006467
0.030038
0.024599
0.026556
0.048501
-0.027621
-0.017843
-0.078721
-0.093148
0.004925
-0.091591
-0.088813
-0.030079
-0.026483
0.025008
0.174836
0.036502
0.001071
-0.032334
0.010137
0.043732
0.009588
0.008604
0.056675
0.032488
-0.000965
0.137069
0.036497
0.051707
0.039087
0.053708
-0.040052
0.120054
0.061573
0.036640
0.015860
0.008523
0.023334
-0.029586
-0.052314
0.091950
0.079746
0.048168
0.069005
0.034463
-0.080521
0.029495
0.045761
-0.086801
0.055474
0.024533
0.092944
0.076590
0.047124
0.064832
0.054127
0.027892
0.058440
0.045796
0.043007
0.061252
0.048599
-0.045658
0.021630
0.108576
0.007505
-0.006564
-0.011964
0.051808
0.101661
0.027704
0.002247
0.026331
0.126510
0.086300
0.077162
0.107992
-0.016160
-0.012795
-0.017360
0.017586
0.102143
0.079498
0.078793
0.045280
0.052396
0.033821
0.121030
0.045712
-0.061761
0.089591
-0.042397
0.077133
-0.005769
-0.055391
0.053147
0.017894
0.046730
0.061453
0.039352
-0.023226
0.076897
0.084843
0.079018
0.068350
-0.004272
0.041322
-0.028783
0.061628
0.088625
-0.000418
0.149195
0.048390
0.117235
0.101973
0.079725
0.087645
0.017192
0.063410
0.002651
-0.065491
-0.074277
0.006209
0.052480
0.061870
-0.022663
0.003486
0.032142
0.054994
0.027947
0.080029
0.083567
0.015428
0.009312
-0.028423
0.036437
0.013154
0.043690
0.059395
-0.060521
-0.006757
0.052166
-0.015842
-0.058184
-0.044449
0.042013
0.018439
0.037165
0.091418
0.108853
0.131164
0.149030
0.028363
-0.027946
0.020391
-0.081987
0.014259
0.034709
0.000732
0.006681
0.044484
0.053579
0.000119
0.015441
0.060012
-0.028550
0.143225
0.065625
-0.001468
0.137992
0.097939
0.078873
0.076404
0.116653
0.085957
-0.020670
-0.058443
0.025479
0.027435
0.061533
0.167257
0.057726
-0.046824
0.053719
0.031462
-0.001141
-0.034337
0.029620
-0.057548
-0.065521
-0.011705
0.020755
0.127489
0.048123
0.041792
0.006478
-0.024486
-0.040817
-0.004500
-0.080360
0.020028
0.053281
-0.001098
-0.024766
-0.006028
-0.103802
-0.077964
-0.090078
-0.073726
-0.005214
-0.092148
-0.053139
0.088489
0.030858
0.014627
-0.009826
0.013544
-0.053949
0.041795
0.071672
0.147348
-0.017805
0.031672
-0.021664
-0.040093
-0.003689
-0.005943
0.024586
-0.016021
-0.012839
-0.042413
0.005801
-0.064786
-0.006352
0.015320
0.046650
0.009393
0.037587
0.123320
-0.021124
0.018996
-0.072977
-0.014113
0.018594
0.011872
0.008518
-0.051408
-0.021051
0.013721
-0.020485
0.030220
-0.055147
0.082717
0.095963
0.057772
0.063063
0.078464
0.062581
0.051681
0.100412
0.025748
0.097553
0.044081
-0.024345
0.059963
-0.026726
0.015829
0.014196
0.024826
-0.037579
-0.023462
-0.000983
0.089040
0.060693
0.032748
0.119462
0.011781
0.074008
0.041014
0.012731
0.068049
-0.007780
0.007766
0.002312
-0.002791
0.055384
-0.006073
0.008990
0.031110
-0.010639
0.026043
-0.021244
-0.142425
-0.081592
0.007400
0.062515
0.023804
-0.018559
0.074576
0.047638
0.100945
0.052197
0.030906
0.056145
0.064467
-0.035470
-0.168201
0.097890
0.011895
-0.014432
0.041041
-0.060742
-0.043316
-0.020322
0.049241
0.074974
0.041474
-0.066912
0.029337
0.076483
-0.033572
0.004589
0.102418
0.034414
-0.023172
0.021294
-0.028695
-0.034085
-0.009089
0.062075
0.078165
0.013707
0.010255
0.098292
0.042021
-0.000317
0.054050
-0.048350
0.092787
-0.068122
-0.045934
-0.056260
-0.032397
-0.040119
0.051280
0.113732
0.057522
-0.023209
0.107176
-0.013943
-0.014199
0.016568
0.088761
0.076286
0.027783
-0.022706
0.048438
0.048002
-0.011687
0.057788
0.024365
0.073345
0.069421
-0.070273
0.042945
-0.019567
-0.042227
-0.010257
0.068547
0.103204
0.092963
-0.012546
0.022900
0.011805
-0.111191
0.014281
0.012004
-0.036485
0.031352
0.053728
0.010011
0.041861
-0.032838
0.007809
0.114818
0.056720
0.059749
-0.006934
-0.079806
0.029165
0.066061
0.023432
-0.019949
-0.122018
-0.069461
-0.030547
0.037075
-0.050330
-0.044082
-0.079839
0.016972
0.001493
-0.046054
-0.066549
-0.079399
0.063761
-0.006057
0.060120
-0.003727
-0.024043
0.067080
0.052223
0.048354
-0.021560
-0.003242
-0.030936
-0.006685
0.062115
0.058831
-0.048571
0.009843
0.049307
0.087378
-0.032689
-0.019651
0.072345
0.032550
0.033561
0.065457
0.067676
0.009188
0.079230
0.018805
-0.007408
0.025013
0.086242
0.065136
0.063806
0.060258
0.012641
0.037188
-0.017681
0.026858
0.087149
-0.005752
0.101374
0.054557
0.090363
0.048550
0.096639
0.163045
0.114196
0.028662
0.080767
0.073683
-0.080746
-0.103918
0.059688
0.054429
-0.015992
0.004178
0.032974
0.062202
0.049892
0.038381
0.002357
0.070368
-0.027449
-0.032284
-0.053553
-0.044867
0.114192
0.099805
0.010315
-0.012599
0.062388
-0.027629
-0.007370
0.091154
-0.044883
-0.077680
0.047742
-0.025590
0.053594
0.147816
0.072849
-0.010503
0.049004
0.085963
0.102093
0.062539
0.038817
0.019219
-0.006128
0.060082
0.155991
0.037479
0.011241
0.020267
-0.066380
-0.112824
0.029593
0.021653
0.048057
-0.039313
0.022717
0.014083
0.001994
0.072600
0.107750
0.019752
0.011869
0.039964
-0.009379
0.062809
0.019071
0.004320
0.051808
0.028183
-0.019900
-0.040829
0.008000
-0.088059
0.041857
0.038363
0.005794
0.127810
0.146414
-0.028965
0.022105
-0.044697
-0.016457
0.038352
0.007788
0.047586
0.112833
0.069664
-0.037665
-0.028353
-0.001177
0.061596
0.117887
0.028340
0.064187
0.072247
0.015634
0.056700
0.020185
-0.066364
-0.074376
-0.067515
0.010634
0.048524
0.073558
0.138522
0.068928
-0.069859
0.004454
0.004318
-0.070412
0.031368
0.086200
-0.022615
-0.001820
0.085042
0.015805
0.058490
-0.086774
-0.059523
-0.023405
-0.040274
-0.004764
0.034793
0.006393
-0.010700
0.038678
0.008129
0.046246
0.067198
0.001218
0.108943
-0.082955
-0.053515
0.009922
-0.005015
-0.018578
-0.029824
-0.178654
-0.014191
0.001828
-0.075379
0.123637
0.051060
0.007719
0.109679
0.024917
0.137361
-0.056795
-0.036672
0.031998
0.022363
-0.095871
0.032820
0.117588
0.011207
0.006485
0.002057
-0.074738
-0.071925
0.005867
-0.037714
-0.035114
-0.040155
-0.021470
0.058363
0.025418
0.003864
-0.023334
0.058042
0.015946
-0.060507
-0.052625
0.022510
0.020337
-0.002873
-0.070300
0.066784
0.107776
0.041408
-0.027192
0.049088
0.137069
0.069341
0.049949
0.009418
-0.081348
-0.023038
0.044321
-0.100530
-0.073158
-0.024211
-0.074398
0.004881
0.032938
-0.024009
0.076867
0.019470
-0.058899
0.021282
0.034171
0.030492
-0.027172
0.108490
0.133998
0.104461
0.008055
0.019701
0.065822
0.107040
0.104896
0.056747
0.063989
0.035299
0.079800
0.065402
0.017015
0.059363
0.062526
0.001072
-0.026958
0.047950
0.097069
0.029328
0.034600
0.081074
0.066468
0.056605
0.028880
0.112862
0.103721
0.027277
0.008208
0.131018
0.028578
0.020757
0.037903
0.024386
-0.035698
-0.057831
0.018739
-0.027187
-0.031136
-0.075640
0.011943
0.051129
0.023030
0.042104
-0.012944
0.117516
0.196486
0.067520
0.115029
0.032811
0.014943
0.043778
0.054025
0.054024
0.017832
-0.069357
0.037685
0.083565
0.112120
0.084518
0.067503
0.113899
0.102017
0.089837
-0.013162
0.039603
-0.008365
0.003415
-0.055820
0.096042
0.064111
0.007294
0.125633
0.084633
0.038622
0.034253
0.030147
0.003896
0.011866
-0.050995
-0.006841
-0.053149
0.021248
0.075318
-0.021540
-0.024270
-0.088552
-0.049227
0.011452
0.030927
-0.018082
-0.048498
-0.027060
-0.008148
-0.065408
-0.020405
0.016863
-0.057442
-0.009573
0.021655
0.003721
-0.080708
0.060017
0.071907
0.062677
0.074450
0.061716
0.034611
0.069845
0.017115
0.079880
0.101002
0.016398
0.042584
-0.010640
-0.047225
-0.119601
-0.080299
-0.052209
-0.045306
0.004026
-0.027970
0.001524
-0.048847
0.043720
0.092349
0.020796
0.070745
0.069837
0.013077
-0.007334
0.099708
0.051208
0.046967
0.074459
0.095143
0.014186
0.007154
0.163902
0.094864
0.065100
-0.044947
0.054308
0.036419
0.007553
0.005608
-0.007455
0.067433
0.058739
0.036847
-0.039143
0.027850
0.030967
0.076740
0.033972
-0.004540
0.120163
-0.006500
0.027395
0.001156
0.057207
0.024447
0.060213
0.090635
0.066797
0.080003
-0.000206
-0.037380
-0.051087
0.009922
0.046176
-0.030213
0.030517
-0.002509
0.008005
0.120391
-0.049602
-0.051812
-0.055520
0.022218
0.072687
0.036554
0.089969
-0.070970
0.005802
0.006272
0.004567
-0.058328
-0.079785
0.033006
0.116024
0.066410
0.079707
0.015495
0.084382
0.079647
0.104755
0.094324
0.074650
0.077598
0.029804
-0.016875
0.048933
0.158670
0.128476
0.064204
0.159120
-0.029944
-0.032098
-0.005892
-0.025462
0.011419
0.021217
-0.025954
-0.083901
0.037399
0.003933
-0.079966
-0.043826
0.017766
-0.057582
0.045893
0.065029
0.018178
0.026883
0.067246
0.050046
-0.037214
0.052569
0.025918
0.005916
0.046301
0.037833
0.129052
0.043509
-0.025737
0.077041
0.022650
-0.043555
0.071034
0.034141
0.048953
0.044561
0.007338
-0.053040
-0.062365
0.016115
-0.031267
-0.023016
0.081508
-0.007846
-0.005346
0.050017
0.003747
-0.006762
0.022510
-0.003402
0.044645
0.056140
-0.016912
0.006976
-0.040372
0.009063
-0.049656
-0.055892
-0.078536
-0.030823
-0.012201
-0.035008
-0.027329
0.006364
0.068209
0.029717
0.015441
0.093658
0.087056
0.007378
0.023500
0.063782
-0.025747
0.015830
0.009079
-0.081372
-0.035877
0.036697
-0.018286
0.031845
-0.032229
0.024685
0.033500
0.002801
-0.013081
-0.082950
0.025079
0.052262
0.075591
0.093453
-0.009345
-0.051185
0.070907
0.074245
-0.014511
-0.023328
0.082329
-0.115672
0.044146
-0.014631
-0.004075
0.049913
0.029466
0.068100
-0.012708
-0.090038
0.003158
-0.009281
0.047644
0.040815
0.032558
0.113214
0.072301
0.038161
0.030977
0.035512
-0.004576
-0.042883
0.037976
0.015853
0.051070
0.116030
0.015118
-0.091637
-0.046412
0.086975
-0.020479
0.031082
0.086323
0.003683
0.115735
0.052025
0.056447
0.029630
0.087560
0.010615
-0.072592
-0.049546
0.031181
-0.017704
-0.087351
-0.071693
-0.003838
-0.029799
0.061877
0.152549
0.022928
0.063314
0.035360
-0.042262
0.081952
0.088851
0.134511
0.100643
0.093567
0.057159
0.053310
0.027013
-0.064202
0.016327
-0.004035
-0.071440
0.038732
0.047485
0.007504
0.125860
-0.036985
-0.008625
0.123121
0.015488
-0.019104
-0.026522
-0.002620
-0.023162
0.063150
0.043478
0.036618
0.151021
0.043879
0.011906
-0.022386
-0.032491
0.034350
-0.028021
0.083721
0.082307
0.004876
0.171120
0.060312
0.038490
0.093564
0.068979
0.016790
0.081966
0.077346
-0.040620
0.035696
0.006291
-0.043028
0.027756
0.062233
0.096277
0.066162
0.134543
0.071388
0.024276
-0.048790
0.063169
0.029798
0.066309
-0.040643
0.051801
-0.016756
-0.068887
0.116234
0.030201
0.109312
0.064641
-0.021263
0.000715
0.077607
-0.005612
0.077590
0.074995
0.033992
0.037271
0.009504
0.087097
0.102005
0.078379
-0.031901
0.065632
0.038525
0.085321
0.042984
0.119138
0.175590
0.061206
0.042798
-0.026032
-0.041954
0.060220
-0.005736
-0.077646
0.038842
0.012577
-0.032325
-0.012957
0.058064
0.047500
0.025539
0.005937
0.060178
0.083752
0.074991
0.046754
0.092985
0.039338
-0.009555
0.037242
0.010112
-0.068967
0.001310
0.035828
0.029356
0.083931
0.140673
0.108569
0.003498
-0.059247
0.036725
0.096836
0.075557
0.037466
0.004639
0.003973
0.068470
0.046745
0.084003
0.105508
0.004549
-0.090685
-0.004457
0.048690
0.040383
-0.007702
-0.005941
0.025409
-0.036895
0.077572
0.033843
0.059789
0.015535
-0.039346
-0.001535
0.030536
0.074927
0.013012
-0.005468
0.053967
0.087490
-0.012105
-0.059081
0.061674
0.052856
0.108792
0.094673
0.028194
0.023285
0.050456
0.013540
0.090451
0.044023
0.053651
-0.042333
0.007557
-0.004536
0.048135
0.031300
0.083763
0.048445
0.029086
-0.025995
-0.029987
0.043898
0.105606
0.006230
-0.039647
0.070482
-0.000048
-0.037005
0.080757
0.000523
0.031677
-0.081328
-0.080291
-0.022988
-0.032765
0.040916
-0.044947
-0.027614
-0.080511
-0.076804
-0.039769
0.029218
0.047235
0.037142
0.021457
0.006169
-0.045601
-0.121979
0.036814
0.013249
0.011310
0.045567
0.065044
0.114270
0.080656
0.116672
0.116465
0.005128
-0.058429
0.109396
0.162282
0.053484
-0.023525
0.094947
0.121372
0.045690
0.076510
-0.014976
-0.031452
0.017578
-0.087205
0.003925
0.024322
-0.031030
0.138674
0.028552
0.050470
0.001899
-0.005079
0.110702
0.020354
0.046059
0.031664
0.052322
0.100907
0.002583
-0.044096
0.090273
-0.052236
-0.024874
0.033766
0.087850
-0.035742
0.007303
0.056700
0.024832
0.054824
0.032541
0.068144
-0.016198
-0.009362
-0.040171
-0.081205
-0.008378
0.003425
0.103437
0.056136
0.081030
0.003425
-0.046504
-0.018743
-0.054324
0.023780
0.074978
0.056489
0.050417
0.057826
0.091115
-0.031218
0.101118
0.018298
-0.070912
0.061391
0.080580
0.061323
0.033563
0.032603
-0.022325
0.014075
0.049034
0.076587
0.080174
0.071538
0.092405
-0.016392
0.031668
0.051515
0.024587
0.030959
0.023541
0.004789
0.067352
0.011402
0.005774
0.001389
0.020403
-0.012926
-0.054458
0.011781
0.011163
0.057808
0.021470
0.062526
0.065721
-0.009110
0.028465
0.083446
0.045653
0.077193
-0.042568
-0.017403
-0.039842
0.027974
-0.047382
0.052319
0.038417
0.060126
-0.043330
-0.016569
0.071570
0.085985
0.216273
0.083107
0.190572
0.081420
0.085260
0.073349
0.092577
0.136985
0.022367
0.039849
0.070714
0.054938
0.054971
0.101719
0.151251
0.092179
0.057633
0.086452
0.019628
0.086489
0.044414
0.031153
0.072534
0.036611
0.022400
0.083568
0.028738
0.108605
0.006236
0.032838
0.044566
0.083608
0.063907
-0.026162
-0.040048
0.050853
0.017303
0.078001
0.013214
-0.031209
0.001728
0.092482
0.053724
0.011018
0.027505
-0.167521
-0.049378
-0.011542
0.029356
0.109497
0.036330
0.067369
0.019203
-0.024228
-0.010119
0.006036
0.137212
0.069173
0.057038
0.107741
0.098059
-0.040317
0.038555
0.050699
0.098412
0.016920
-0.095855
-0.012797
0.074588
0.006808
0.110372
0.049643
0.101188
0.105090
-0.036596
0.110668
0.001556
-0.057510
0.067635
0.051152
0.034557
0.006267
0.058994
0.102022
0.032207
0.055707
0.068545
-0.009591
0.073083
0.012160
0.063593
0.102386
0.096081
0.079291
0.011220
0.057443
0.133825
0.083895
0.113245
-0.024312
0.002701
0.128388
0.157310
0.074247
0.050364
-0.019138
0.060078
0.084796
0.062147
0.042050
-0.013437
-0.043273
0.012727
0.004912
-0.022285
0.007354
0.084015
-0.003352
0.090384
0.027961
-0.001089
0.062202
-0.034433
0.034446
-0.029142
0.044324
0.050108
-0.044657
-0.020549
0.007763
-0.070721
-0.040346
0.014315
-0.037347
-0.017113
0.017190
0.045487
0.034591
-0.051018
0.039610
-0.011002
-0.028861
0.125040
0.034810
0.072245
-0.056831
0.028728
-0.017050
0.012301
0.093987
0.001838
0.047542
0.031135
0.057142
0.003981
0.085829
-0.040705
-0.093984
0.088863
0.053954
0.035548
-0.012297
0.018571
0.018023
-0.009688
0.001349
0.030173
0.006858
-0.000937
0.068017
0.061247
0.060404
-0.021844
0.033712
0.037657
0.012682
0.086690
0.019698
0.071571
-0.005597
0.010604
-0.011917
-0.015700
0.092760
0.027085
0.014984
-0.007710
0.076900
0.052476
-0.032468
-0.112651
-0.073477
0.048578
0.002664
0.042497
0.063264
-0.029469
0.051217
0.180063
0.008923
-0.009892
0.025786
0.074609
0.062091
-0.048527
0.077878
0.057917
0.037583
0.070330
0.049054
0.086278
0.078288
0.032089
0.067375
-0.034828
-0.002735
0.058948
0.099915
0.105464
0.022223
-0.051302
-0.051313
0.018135
0.010873
0.119189
0.054545
0.033271
0.023879
0.071200
0.072778
-0.014683
0.017075
-0.000432
0.050803
0.023783
-0.049961
0.043611
0.020362
0.094657
0.072469
-0.038122
0.067146
0.013791
-0.008418
-0.051237
-0.031828
0.020070
0.001538
0.027095
0.122528
0.004708
0.063753
0.036021
0.036769
0.066309
0.049386
0.090472
-0.022410
0.066107
-0.029967
0.072404
0.124744
-0.018297
-0.017592
-0.083358
-0.046040
0.060725
0.127276
0.065126
-0.004699
0.078969
0.045114
0.168364
0.149803
0.073925
0.100058
0.028597
-0.004891
0.017886
-0.166912
-0.043525
-0.035821
0.009608
-0.058403
-0.025512
0.070117
0.012411
0.073450
-0.016731
0.053027
0.005241
0.086336
0.108953
0.080592
0.075532
-0.048752
0.013429
0.006316
0.119045
0.017376
0.026971
0.098024
0.021047
-0.036167
0.052804
0.040560
-0.032850
-0.046541
-0.055675
-0.038042
0.064812
0.024759
0.045904
0.012839
-0.038927
-0.004823
-0.095628
-0.006760
-0.036567
-0.001499
0.125296
0.040695
-0.024420
-0.041245
0.010501
0.074867
0.041237
-0.035314
0.013385
-0.003032
-0.068463
0.011243
0.004815
-0.027331
0.086054
0.009496
0.048248
-0.001242
-0.000749
-0.001207
-0.053201
0.101007
-0.006835
0.041622
0.025735
0.017842
0.074020
0.067310
0.059707
-0.047466
0.069128
0.083817
0.021964
0.057438
0.057687
0.039093
0.004707
0.009144
0.058596
-0.000186
0.035928
0.124895
0.023675
0.015594
0.064429
0.048915
0.077628
0.070120
0.026273
0.012531
0.020888
0.025607
0.017063
0.051311
-0.027710
0.018092
0.012904
0.076983
0.048806
-0.023965
0.132381
0.081566
0.122488
0.126761
0.049585
-0.022381
0.083872
0.017354
0.039163
0.047422
-0.081696
0.016633
-0.013839
0.061422
0.060570
-0.010437
0.064668
0.035588
0.055514
-0.002546
0.002607
0.014410
0.050284
0.026438
0.105272
0.080772
0.002404
0.050304
0.067202
0.065807
0.035681
-0.012321
0.079860
-0.005369
0.052237
0.000029
0.011540
0.016805
0.024716
-0.030611
-0.036561
-0.072462
-0.092706
0.011330
0.149151
0.047024
0.029508
0.004725
-0.062360
-0.041858
-0.038930
-0.047121
-0.006699
-0.023662
0.029253
0.026437
-0.132401
-0.066218
-0.079528
0.108144
0.005329
0.003120
0.012475
-0.027834
-0.080922
0.005784
0.091748
0.140073
0.039020
0.069046
0.042671
-0.022188
-0.059759
0.040890
0.011570
0.048534
0.107885
0.068230
-0.071747
-0.039218
0.051217
0.006008
-0.044196
0.054858
0.085374
-0.067452
-0.002447
-0.017559
0.003880
0.021368
-0.022680
-0.098171
-0.057765
-0.027065
0.051224
0.017437
0.026101
0.029774
-0.101061
-0.082233
-0.053331
-0.043339
0.077211
-0.019645
-0.038611
0.091364
0.103899
0.122389
0.091593
0.090727
-0.022865
-0.085292
0.034863
0.071961
0.066853
0.094330
-0.011826
0.101852
0.027399
0.031869
0.047535
0.035679
0.076491
0.072254
0.064896
0.025324
-0.011046
-0.014751
-0.009952
0.164652
0.039086
-0.010958
0.065825
-0.039201
-0.019190
0.082905
0.074488
0.033551
-0.013449
0.008970
-0.014195
-0.024029
-0.072280
0.006189
-0.064396
-0.084021
0.007903
0.022175
0.082310
0.155505
-0.068119
0.004559
0.053709
-0.040532
-0.012265
-0.039550
0.024886
0.054658
0.114065
0.058693
0.050214
0.067281
0.014312
-0.092427
-0.051997
0.038501
0.018136
0.004682
-0.026661
-0.019552
0.008406
-0.014308
0.090165
0.109942
0.134513
0.015249
0.096768
0.111953
0.028739
0.047067
-0.034880
0.002958
-0.024166
0.095395
0.057752
0.058061
0.056575
0.079349
-0.042783
-0.026160
-0.049335
-0.035561
-0.023431
-0.006120
0.017068
-0.000961
-0.032746
0.027849
0.008517
0.000604
0.066886
0.057968
0.068688
0.083655
-0.007795
-0.038356
0.052375
-0.127947
0.009990
-0.030338
-0.045871
0.004462
0.000813
-0.084520
-0.017705
-0.016821
-0.004920
0.053303
0.110490
0.060807
0.072196
-0.067228
0.009232
-0.018368
0.082819
0.003614
0.050300
0.041347
0.063173
-0.000562
0.047355
0.053158
0.050212
-0.030418
-0.005622
0.043513
0.015984
0.013589
0.064617
-0.050600
-0.003279
-0.054368
-0.016197
-0.051467
0.050042
0.064449
-0.049408
0.001648
0.012212
-0.020069
-0.018497
-0.021357
-0.020695
0.029914
-0.018045
-0.031431
0.028563
-0.003841
-0.001983
-0.101993
0.003013
-0.066764
-0.034085
-0.028969
0.007720
0.098601
0.064861
0.056785
0.036614
0.028493
0.103415
-0.068378
0.032290
-0.068021
0.044177
0.058520
0.011133
0.095414
0.028406
0.039098
-0.009644
-0.055594
0.022318
-0.014694
0.015713
0.004143
-0.041161
-0.000150
0.032618
0.067698
0.060487
0.016961
-0.044052
-0.002309
0.015433
0.074730
0.054519
0.021541
-0.035134
-0.019666
0.038098
-0.057116
0.015382
-0.017440
0.023081
0.110749
0.099146
0.059603
-0.011688
-0.004209
0.082457
-0.022198
0.020123
0.069182
-0.086546
-0.040464
0.107399
0.015847
0.066153
0.084028
0.064168
0.045487
0.029707
-0.002128
0.067816
0.035543
-0.011503
0.077340
-0.014048
-0.021611
-0.056682
-0.000942
0.142610
0.157690
0.113434
0.007332
0.077392
-0.007696
-0.076859
0.061576
0.200530
0.172166
0.050063
0.037387
0.007318
0.066384
-0.016200
-0.029160
0.032240
0.086386
0.093636
-0.020718
-0.070671
0.050676
0.038159
-0.018982
0.095297
-0.053569
-0.053870
0.050193
-0.003720
-0.035715
-0.016134
-0.029896
0.040986
0.032880
-0.081076
-0.040375
-0.046215
0.012159
-0.020495
-0.029509
-0.013361
0.056994
-0.020820
-0.009525
-0.043335
0.042905
-0.024368
0.050282
0.098890
0.039661
0.023043
0.073423
0.059044
0.100289
0.004286
-0.012824
-0.023726
0.102115
0.088480
-0.009490
0.080446
0.089205
0.040832
0.143298
0.069316
0.086252
0.084611
0.085905
0.032256
0.034372
0.058928
0.042583
0.043374
0.115410
0.054519
0.051957
0.033659
0.055386
0.027979
0.053526
0.040271
0.012875
0.066890
-0.070927
0.059616
0.072630
-0.045549
0.013565
-0.003951
-0.063780
0.063726
0.013344
0.020302
0.064968
0.028008
0.001501
0.032222
0.037630
0.102263
0.068100
-0.015417
0.033296
0.028679
0.032530
0.002367
0.003344
0.041424
0.082939
0.066416
0.036609
0.130341
0.041662
-0.012185
0.019411
0.046976
0.045836
0.096595
0.031529
0.069214
0.062730
-0.012357
0.053056
0.119807
0.076115
0.055809
0.003851
0.014921
0.033196
0.029825
-0.062241
0.053273
0.028181
0.037691
0.085905
-0.066378
0.036382
-0.010158
-0.007907
-0.062010
0.096873
0.088786
-0.031935
0.004972
0.173554
0.134562
0.106211
0.040902
0.041220
0.021627
0.006515
0.074868
0.011140
-0.007733
-0.012008
0.005535
0.043986
0.124333
0.027859
0.007481
-0.013335
0.043449
0.034542
0.146940
0.043129
0.053801
0.063307
0.007338
0.008194
0.024110
0.076747
0.101690
0.030508
0.067722
0.094305
0.013863
0.061328
0.050691
0.091554
0.084795
-0.032211
-0.006388
-0.046516
0.033398
0.061574
0.029671
-0.012547
0.039214
0.023823
0.084944
0.029564
-0.022297
0.045830
0.029650
0.068106
0.012772
0.070417
0.067358
0.045243
0.040250
-0.090680
-0.002260
-0.048081
0.047573
0.119998
0.015110
-0.006441
0.065250
0.100570
0.024518
0.102544
0.211958
0.057025
0.031905
0.108836
0.070337
0.083522
0.104466
0.063967
0.021154
-0.005591
0.076354
0.102223
-0.101067
-0.109988
0.011746
-0.009199
0.001423
0.027374
0.024443
-0.018880
0.033381
0.078332
0.088582
-0.014988
-0.000146
0.064336
0.026898
0.043208
0.063002
-0.049352
0.028744
0.022272
-0.013086
0.040960
0.115484
0.007160
0.026249
0.082418
0.071192
0.028461
0.024546
-0.019526
-0.043847
0.039770
0.065358
0.060078
0.082262
0.099903
-0.076583
0.016269
0.012884
0.016398
0.078674
0.043842
0.025768
-0.014293
0.104873
0.018093
-0.074356
-0.040929
0.062668
0.038842
0.028004
0.097659
-0.034918
0.034323
-0.008988
-0.028149
0.027821
0.029270
0.023213
0.073908
0.079259
0.072934
0.124411
-0.016641
0.047130
-0.003371
0.013083
0.033928
0.035254
0.049157
0.079600
0.053566
0.006954
0.068423
-0.062583
0.032083
0.007456
-0.087973
0.043548
0.019047
-0.024958
-0.025126
0.008127
-0.000661
-0.061005
0.018447
0.055617
0.050016
0.023013
0.013986
-0.048853
0.133227
0.078105
0.207880
0.132876
-0.037112
0.089285
0.037786
-0.019778
0.034570
0.022955
0.007949
-0.027174
-0.002729
0.067676
0.004858
0.054639
0.035356
0.063357
0.059740
0.056582
0.090524
0.148851
0.094808
-0.031954
0.065506
0.013533
0.068054
0.134411
0.019832
0.039180
-0.038012
-0.054861
-0.007066
-0.011423
-0.079199
-0.086937
-0.048578
-0.007274
0.018875
0.105662
0.029626
0.031209
0.063630
-0.018541
-0.026907
0.086813
0.142048
0.012065
0.090156
-0.041095
-0.038494
0.133520
0.047781
0.070872
0.077329
0.091807
0.076204
0.094394
0.025685
0.037656
0.096169
0.018907
0.033849
0.125765
0.061251
-0.053401
0.026477
-0.037666
-0.033235
-0.025247
0.045662
0.132168
0.074952
0.096101
0.043796
0.102676
0.129494
0.056321
-0.078545
-0.054747
-0.032502
0.065624
0.089746
0.012410
0.010430
0.042713
0.020916
-0.118404
-0.098435
-0.038069
0.022998
-0.036905
0.014826
0.032612
-0.042263
-0.061401
-0.032579
0.013762
0.092201
-0.068031
0.015854
0.012742
0.010504
0.028842
0.013542
0.095627
0.044227
0.061350
0.080987
0.109610
0.030409
0.068119
0.121925
0.069185
0.034957
-0.030337
-0.016177
0.036713
0.103508
0.090382
0.067561
0.034120
0.063990
0.059267
-0.016332
0.053174
0.089247
0.005686
0.069083
0.019683
0.080306
0.083662
-0.050306
-0.006733
0.019589
0.104979
0.030845
-0.012762
0.037330
-0.004050
0.001957
0.015983
-0.023231
-0.019419
0.054256
-0.034922
0.064033
0.081454
-0.030571
0.008013
0.110509
0.072634
0.107962
0.154011
0.123640
0.059083
0.028570
-0.018645
0.041836
-0.184347
0.003565
-0.004593
-0.056908
0.041304
0.031761
0.046442
-0.004664
0.006884
0.135895
0.003926
-0.007975
-0.048794
-0.016226
-0.016170
0.106407
0.047286
0.015468
0.057287
-0.038343
0.109778
0.003316
-0.009645
-0.006160
-0.001387
0.107851
0.077045
-0.016437
0.044500
-0.059085
0.090976
0.084682
0.086486
0.054896
0.065644
0.067397
-0.077589
0.015133
0.060487
-0.084307
0.003920
-0.051315
0.012577
-0.052942
0.036234
0.125563
0.082084
0.082675
0.009696
0.126482
-0.012950
0.023075
0.056523
0.137289
0.110725
-0.021306
0.078647
0.093336
0.015703
0.029519
-0.033284
0.058972
-0.013952
-0.056848
-0.065370
0.075868
-0.014881
-0.013641
0.056709
-0.049825
0.008887
0.018391
-0.080838
0.001545
-0.000424
0.035220
0.018008
0.154856
0.129719
0.018252
0.059358
-0.019516
0.032236
0.014853
0.033582
0.069354
-0.006874
0.056413
0.009658
0.005957
0.066061
-0.007056
0.106372
-0.052114
0.103690
0.147232
0.059436
0.141813
0.083291
-0.004506
0.052722
0.005512
-0.016572
0.037892
-0.003400
0.080286
-0.090464
0.023680
-0.025621
-0.023491
0.028369
0.005926
-0.085291
0.072514
0.050558
0.039447
0.004656
0.109524
-0.054669
-0.007218
0.049650
-0.023994
0.047313
0.025705
0.003302
0.001970
-0.035616
-0.023807
-0.029646
-0.000373
-0.009128
0.126869
0.022990
-0.063270
0.045510
0.040325
-0.051169
-0.017133
0.008138
0.023415
0.135326
0.032240
0.090869
0.046365
-0.003573
0.041056
0.109689
0.003457
0.018026
0.124299
0.012735
-0.056565
0.039916
0.011502
0.061519
0.083357
-0.021418
0.055220
0.080729
0.166442
0.144596
0.049815
0.034785
-0.009414
0.037282
-0.014688
-0.075609
-0.004110
0.009024
-0.045904
0.008227
-0.028606
0.002701
-0.008298
0.078326
0.035607
0.013071
-0.017028
-0.013528
0.085674
0.082223
0.035174
0.050880
0.027042
-0.007197
0.064914
0.005789
-0.005694
0.047285
-0.057137
0.057770
0.069024
0.079859
0.071919
0.043531
0.004463
0.099628
0.102051
0.084990
0.079807
0.101616
-0.013026
0.007326
-0.059121
-0.046576
0.004415
0.029779
0.054830
0.064120
0.028976
-0.013057
0.030760
-0.012440
-0.051254
0.023371
-0.023564
-0.049312
-0.078578
0.023011
0.033108
-0.052541
0.081564
0.026948
-0.050077
-0.003596
-0.003615
-0.054613
-0.070328
-0.063344
0.019931
0.110570
0.030345
-0.094741
-0.072141
0.063129
0.031178
-0.087541
0.019879
0.038442
-0.019400
-0.050863
0.044969
-0.024951
-0.053366
0.041906
0.012741
0.074757
0.089619
-0.020701
0.009266
-0.013826
0.030640
0.020082
0.002503
0.024643
0.004863
-0.023940
0.027370
0.067080
0.107006
-0.002887
-0.041355
0.066022
0.060782
0.083235
0.055674
0.053259
-0.034883
-0.001639
0.065497
0.029407
-0.071661
-0.038033
-0.031409
0.003122
0.147817
0.054795
0.073658
0.108360
-0.050416
-0.029021
0.081234
0.191420
0.024662
0.039685
0.086382
0.070520
0.096787
0.002704
0.056021
0.040195
0.030125
0.053504
0.162550
0.105143
-0.000803
-0.007945
-0.002510
0.076381
0.006300
-0.000873
0.041750
0.040806
0.079931
0.137418
0.038006
0.068715
0.029929
0.063202
0.108716
0.063872
0.046762
0.105607
0.040478
-0.007393
-0.050553
-0.018492
0.014338
0.050731
-0.019664
-0.095326
-0.063035
-0.018785
-0.040025
-0.010190
-0.118728
0.016389
0.026442
-0.043866
0.010426
-0.077424
0.004659
0.020393
-0.049814
0.011269
-0.118113
-0.010658
0.020655
-0.028910
0.032837
0.104633
0.033275
0.095958
0.008429
-0.052002
-0.074265
-0.078601
0.005311
-0.069655
-0.000140
-0.008953
0.018475
0.034613
0.048033
0.070678
0.089122
0.134988
0.139406
0.124024
0.083016
0.043490
-0.047299
-0.092880
0.100637
-0.017718
-0.077253
0.002859
-0.037113
0.058767
0.045670
0.031288
0.001331
0.048859
-0.025669
-0.119553
-0.081676
-0.027638
0.013284
0.053180
0.035113
0.039640
-0.079085
0.031230
0.007451
-0.061551
0.088820
0.057006
-0.028810
0.003947
-0.052364
0.011519
0.056523
0.029661
0.034140
0.077972
0.098524
0.060487
0.065144
0.050695
-0.035206
0.062495
0.067733
-0.000217
0.074599
0.071797
0.002077
0.057502
0.041456
0.086567
-0.062338
-0.065796
-0.005672
0.042580
0.107764
0.043794
0.015700
0.093488
-0.005584
0.055899
0.048870
0.064361
0.075470
0.027213
0.030973
0.106744
0.110783
0.022493
-0.042431
0.020377
-0.069170
0.090151
0.006814
0.037862
0.092746
0.053532
0.045263
0.076059
-0.080539
-0.093775
-0.007498
-0.054417
-0.022997
-0.026337
0.063692
0.078820
0.098831
0.098988
0.022949
0.164360
-0.007054
-0.031035
0.091666
0.088373
0.065163
0.073995
0.025095
0.062785
0.004082
0.095942
0.024728
-0.020606
0.087696
0.004214
-0.031848
0.020525
0.100660
0.000927
0.125744
0.012057
-0.011277
-0.024310
0.055289
0.062886
-0.056444
0.019601
-0.010515
0.014868
0.066658
0.027804
0.023517
-0.011942
-0.036964
-0.048260
-0.025801
0.010511
0.081622
0.076718
-0.027189
0.066185
0.109430
0.012470
-0.012654
0.138304
0.020742
0.081649
0.118337
0.047590
-0.024588
-0.101921
0.023388
0.063707
0.048748
0.072806
0.035144
0.022145
0.032471
0.078406
0.088907
0.060478
0.092791
-0.019210
0.028376
-0.017799
0.029142
0.005468
-0.036502
0.058131
0.114790
0.092441
0.031222
0.065238
0.030684
0.014751
0.101025
0.094530
0.046732
-0.020933
0.068664
0.009100
0.014780
0.009628
-0.056595
-0.008479
0.031763
0.085959
0.159891
0.126890
0.154696
0.024349
-0.033134
0.141836
0.037151
-0.044117
0.098190
-0.046684
0.051852
0.057152
0.003452
0.008140
0.064693
0.022653
0.000391
0.138726
0.050596
0.038735
0.136250
-0.074047
0.035469
-0.051238
0.030410
0.073325
0.101916
0.113977
-0.001474
0.049954
0.048915
0.068986
0.109247
0.100947
0.043943
0.035309
0.003754
0.059534
0.052234
0.092247
0.045355
0.047593
0.015979
0.030622
0.049462
0.052918
0.020988
0.133111
0.161835
0.023358
-0.083855
0.024367
-0.006622
-0.079986
-0.062681
0.023740
-0.008929
0.007889
-0.014761
-0.056986
-0.008460
0.043759
-0.029087
0.104130
0.029880
-0.013412
0.038370
-0.001660
0.040890
0.023802
-0.041600
0.028804
0.011454
-0.005023
-0.028355
-0.023023
-0.089553
-0.075894
-0.062435
-0.069184
-0.058908
-0.030700
-0.026499
0.057588
0.075872
0.066846
0.070859
0.022557
-0.045765
0.066180
-0.000202
-0.041215
-0.069268
-0.060500
-0.010596
0.010740
0.021290
-0.035314
-0.009100
0.029199
-0.017555
-0.106283
0.026904
-0.060568
-0.033531
-0.028839
0.029096
0.050108
0.061457
-0.023150
0.005770
-0.010389
0.003444
-0.024180
-0.008272
-0.062714
-0.019041
-0.002038
-0.098859
0.074492
0.006075
0.108669
0.097601
-0.006812
-0.093149
-0.092986
-0.037336
0.002578
0.011787
-0.005178
0.055393
0.116246
-0.036802
-0.096918
-0.130612
0.049241
0.054153
0.027610
0.023519
0.025096
-0.026453
-0.040011
0.062751
0.038431
0.029469
0.102342
0.086487
0.075376
0.099606
0.101763
-0.049060
0.043109
-0.041068
-0.010132
0.083330
0.029713
-0.015430
0.000067
0.053348
0.060903
-0.038454
-0.030251
0.074835
0.045075
0.036976
0.010506
-0.093256
-0.004373
0.005075
0.010118
0.088367
-0.021502
0.028737
-0.022851
0.039688
0.037263
0.046058
0.035068
0.002762
-0.008271
0.103154
0.114649
0.036090
0.081970
-0.013312
-0.035588
-0.052665
0.008984
-0.040818
0.037875
0.029916
-0.047219
0.062572
0.052303
0.051484
0.055228
-0.083053
-0.039669
0.095194
-0.049491
0.000748
0.037359
-0.034490
-0.045406
0.044859
-0.014956
0.023147
0.009055
0.033735
0.065314
0.005758
0.104564
0.049989
-0.017844
0.041731
0.012952
0.013584
0.065983
0.041662
0.049242
0.107981
0.087630
0.009921
0.181331
-0.009941
0.038403
0.003989
-0.113391
0.069860
-0.014345
0.063366
0.015208
-0.024440
0.058303
0.114086
0.123037
-0.053527
-0.015988
0.053938
0.051511
-0.050658
0.045959
0.000195
0.025553
0.016835
0.026045
-0.018624
0.091532
-0.007091
-0.049548
-0.011846
-0.097237
0.036588
0.040372
0.031557
0.046443
0.144436
0.053238
0.076942
0.054426
0.017320
-0.002220
0.050287
0.001421
-0.072407
0.014780
-0.025593
-0.039571
-0.077807
-0.018050
0.035057
0.046487
0.027174
-0.023521
-0.014561
0.063201
0.057923
0.124272
0.105372
0.186648
0.203669
0.090153
-0.014149
0.029709
0.079273
-0.020912
-0.028674
-0.012074
-0.018587
0.039525
0.020361
0.077469
0.067096
0.015890
0.034990
-0.053100
-0.005679
0.006761
0.084916
0.043248
0.037860
0.082787
0.002661
-0.062465
-0.080485
0.078467
-0.001728
-0.043437
0.033308
-0.000653
0.061874
0.029928
0.000552
0.048206
-0.038324
0.066085
0.017811
0.098736
0.141910
0.068577
0.020984
0.013404
-0.036014
-0.003981
0.026112
0.013465
-0.032308
-0.155576
0.008321
0.052938
0.082715
-0.007723
-0.001414
-0.023209
-0.091315
0.001252
-0.027625
-0.039331
-0.045357
-0.079453
0.058389
0.038826
-0.001215
0.074131
-0.083724
0.008073
0.071421
-0.055428
-0.029663
-0.000825
0.110200
0.038721
-0.019211
0.085448
0.018234
-0.110022
0.000720
0.130330
0.058740
0.082028
-0.033672
0.062295
0.037158
0.028733
0.017162
0.093871
-0.024508
-0.063726
-0.029739
0.031853
-0.049360
0.001147
0.023299
0.115226
-0.134687
-0.028567
0.095441
-0.070087
0.049021
0.090687
0.008822
0.024907
-0.029696
0.073145
0.045319
0.018169
-0.031473
0.082443
0.035695
0.033267
-0.012152
-0.001683
-0.042221
-0.009294
0.032526
0.003735
0.001246
0.012861
0.103603
-0.031108
0.024891
-0.007836
-0.036469
-0.010207
-0.008034
0.073610
0.073765
-0.010277
0.003651
0.064095
0.086806
-0.000295
-0.023962
-0.010651
-0.004280
-0.067053
0.008434
0.080914
0.039175
0.015467
0.050688
-0.048591
0.109039
0.095084
-0.107502
-0.028081
0.048490
-0.043410
0.044713
0.029876
0.029915
0.009574
-0.014471
-0.019469
-0.056285
0.049925
0.011221
0.049519
0.029316
0.020122
0.103608
0.042457
-0.078119
-0.019955
0.021845
0.069459
-0.098624
0.064583
0.055398
-0.066764
-0.032070
-0.065722
-0.002647
0.047247
0.084460
0.072075
0.031030
0.072805
-0.016366
0.028115
-0.047297
0.025392
0.121664
0.025001
0.059185
-0.019070
-0.001387
0.002542
-0.033762
-0.015053
-0.087345
0.104607
0.075671
0.028093
0.006694
-0.028912
0.043632
0.025201
0.094629
0.028486
0.046973
0.020823
0.078765
-0.037509
-0.084072
0.052716
-0.030225
-0.037433
-0.019696
0.091929
0.018042
0.030293
-0.023882
0.103866
0.020172
-0.032964
0.076812
0.043193
0.160826
0.134995
0.032084
0.118352
0.137102
0.034089
-0.041084
0.005767
-0.048730
-0.018552
-0.004109
0.069455
0.103319
-0.014215
0.027332
-0.012953
-0.009169
-0.000886
-0.017147
-0.022175
0.039077
0.022385
0.032917
-0.002009
0.091839
-0.005419
0.042071
-0.062672
0.005871
0.041775
0.026111
0.090664
0.051612
-0.037128
-0.042275
0.027015
-0.018729
0.029484
0.161798
0.091218
0.026393
0.006918
-0.001696
0.075000
0.087963
-0.012030
-0.053650
0.032825
0.011414
0.078714
0.062559
-0.000264
-0.012661
-0.025732
0.008991
0.018997
-0.004414
0.094838
-0.033641
-0.004473
0.096719
0.030790
-0.032278
-0.003395
-0.000359
0.022671
-0.020565
-0.005381
0.055163
-0.015138
0.015428
0.049703
0.134512
0.093465
-0.017199
-0.044224
-0.095067
-0.045558
-0.039378
0.039420
-0.039687
-0.011747
0.040798
0.076998
0.047069
0.023835
0.116140
0.062606
0.110024
0.020981
-0.014558
0.038239
0.052108
0.029010
