0	9740	30	30	30	30	30	30	30	
50000	9710	30	30	30	30	30	30	30	30	
100000	9710	30	30	30	30	30	30	30	30	
150000	9740	30	30	30	30	30	30	30	
200000	9680	30	30	30	30	30	30	30	30	30	
250000	9680	30	30	30	30	30	30	30	30	30	
300000	9740	30	30	30	30	30	30	30	
350000	9710	30	30	30	30	30	30	30	30	
400000	9710	30	30	30	30	30	30	30	30	
450000	9680	30	30	30	30	30	30	30	30	30	
500000	9710	30	30	30	30	30	30	30	30	
550000	9710	30	30	30	30	30	30	30	30	
600000	9650	30	30	30	30	30	30	30	30	30	30	
650000	9680	30	30	30	30	30	30	30	30	30	
700000	30	9680	30	30	30	30	30	30	30	30	
750000	9770	30	30	30	30	30	30	
800000	30	30	9620	30	30	30	30	30	30	30	30	30	
850000	9680	30	30	30	30	30	30	30	30	30	
900000	30	9680	30	30	30	30	30	30	30	30	
950000	9650	30	30	30	30	30	30	30	30	30	30	
1000000	30	30	9680	30	30	30	30	30	30	30	
1050000	30	9740	30	30	30	30	30	30	
1100000	30	30	9740	30	30	30	30	30	
1150000	9590	30	30	30	30	30	30	30	30	30	30	30	30	
1200000	9740	30	30	30	30	30	30	30	
1250000	9620	30	30	30	30	30	30	30	30	30	30	30	
1300000	30	9740	30	30	30	30	30	30	
1350000	9740	30	30	30	30	30	30	30	
1400000	9740	30	30	30	30	30	30	30	
1450000	9710	30	30	30	30	30	30	30	30	
1500000	9770	30	30	30	30	30	30	
1550000	9740	30	30	30	30	30	30	30	
1600000	9770	30	30	30	30	30	30	
1650000	9650	30	30	30	30	30	30	30	30	30	30	
1700000	9650	30	30	30	30	30	30	30	30	30	30	
1750000	9740	30	30	30	30	30	30	30	
1800000	9710	30	30	30	30	30	30	30	30	
1850000	9710	30	30	30	30	30	30	30	30	
1900000	9620	30	30	30	30	30	30	30	30	30	30	30	
1950000	9740	30	30	30	30	30	30	30	
2000000	9620	30	30	30	30	30	30	30	30	30	30	30	
2050000	9710	30	30	30	30	30	30	30	30	
2100000	9680	30	30	30	30	30	30	30	30	30	
2150000	9710	30	30	30	30	30	30	30	30	
2200000	9620	30	30	30	30	30	30	30	30	30	30	30	
2250000	30	9710	30	30	30	30	30	30	30	
2300000	30	9740	30	30	30	30	30	30	
2350000	30	30	30	30	9740	30	30	30	
2400000	30	30	9740	30	30	30	30	30	
2450000	9740	30	30	30	30	30	30	30	
2500000	9830	30	30	30	30	
2550000	9740	30	30	30	30	30	30	30	
2600000	9800	30	30	30	30	30	
2650000	9740	30	30	30	30	30	30	30	
2700000	9770	30	30	30	30	30	30	
2750000	9680	30	30	30	30	30	30	30	30	30	
2800000	9860	30	30	30	
2850000	9770	30	30	30	30	30	30	
2900000	9800	30	30	30	30	30	
2950000	9680	30	30	30	30	30	30	30	30	30	
3000000	30	9710	30	30	30	30	30	30	30	
3050000	9620	30	30	30	30	30	30	30	30	30	30	30	
3100000	30	30	9800	30	30	30	
3150000	9800	30	30	30	30	30	
3200000	9770	30	30	30	30	30	30	
3250000	9650	30	30	30	30	30	30	30	30	30	30	
3300000	9740	30	30	30	30	30	30	30	
3350000	9680	30	30	30	30	30	30	30	30	30	
3400000	9710	30	30	30	30	30	30	30	30	
3450000	9590	30	30	30	30	30	30	30	30	30	30	30	30	
3500000	9740	30	30	30	30	30	30	30	
3550000	9770	30	30	30	30	30	30	
3600000	9680	30	30	30	30	30	30	30	30	30	
3650000	9710	30	30	30	30	30	30	30	30	
3700000	9770	30	30	30	30	30	30	
3750000	9710	30	30	30	30	30	30	30	30	
3800000	30	9710	30	30	30	30	30	30	30	
3850000	30	9710	30	30	30	30	30	30	30	
3900000	30	9740	30	30	30	30	30	30	
3950000	9800	30	30	30	30	30	
4000000	9710	30	30	30	30	30	30	30	30	
4050000	9650	30	30	30	30	30	30	30	30	30	30	
4100000	9800	30	30	30	30	30	
4150000	30	9710	30	30	30	30	30	30	30	
4200000	9680	30	30	30	30	30	30	30	30	30	
4250000	9650	30	30	30	30	30	30	30	30	30	30	
4300000	9740	30	30	30	30	30	30	30	
4350000	9800	30	30	30	30	30	
4400000	9770	30	30	30	30	30	30	
4450000	9770	30	30	30	30	30	30	
4500000	9650	30	30	30	30	30	30	30	30	30	30	
4550000	9650	30	30	30	30	30	30	30	30	30	30	
4600000	9620	30	30	30	30	30	30	30	30	30	30	30	
4650000	9740	30	30	30	30	30	30	30	
4700000	9650	30	30	30	30	30	30	30	30	30	30	
4750000	30	9710	30	30	30	30	30	30	30	
4800000	9740	30	30	30	30	30	30	30	
4850000	9770	30	30	30	30	30	30	
4900000	9740	30	30	30	30	30	30	30	
4950000	9740	30	30	30	30	30	30	30	
5000000	30	9680	30	30	30	30	30	30	30	30	
5050000	9830	30	30	30	30	
5100000	9800	30	30	30	30	30	
5150000	9770	30	30	30	30	30	30	
5200000	9800	30	30	30	30	30	
5250000	9680	30	30	30	30	30	30	30	30	30	
5300000	9740	30	30	30	30	30	30	30	
5350000	9740	30	30	30	30	30	30	30	
5400000	9740	30	30	30	30	30	30	30	
5450000	9710	30	30	30	30	30	30	30	30	
5500000	9830	30	30	30	30	
5550000	9770	30	30	30	30	30	30	
5600000	9800	30	30	30	30	30	
5650000	9800	30	30	30	30	30	
5700000	9740	30	30	30	30	30	30	30	
5750000	9192	578	30	30	30	30	30	30	
5800000	9770	30	30	30	30	30	30	
5850000	9710	30	30	30	30	30	30	30	30	
5900000	9860	30	30	30	
5950000	9860	30	30	30	
6000000	9830	30	30	30	30	
6050000	9800	30	30	30	30	30	
6100000	