2.462059
0.933354
0.696913
0.526013
0.291190
0.313692
0.320782
0.217763
0.226683
0.081324
0.222419
0.192223
0.054357
0.187313
0.147415
0.069731
0.146124
0.152227
0.185172
0.209636
0.158394
0.187676
0.022161
0.088959
0.121386
0.091422
0.039295
0.027157
0.118314
0.151918
0.092922
0.121897
0.168803
0.109661
0.063753
0.062882
0.144704
0.134307
0.115488
0.166924
0.159627
0.104951
0.111851
0.052742
0.124510
0.146485
0.145837
0.084914
0.039631
0.041464
0.131556
0.096855
0.095742
0.161708
0.109437
0.108028
0.108797
0.160053
0.209701
0.067569
0.047454
0.177805
0.060543
0.134034
0.176575
0.133417
0.064987
0.133801
0.183606
0.055909
0.066215
0.118657
0.093825
0.079180
0.042294
0.120553
0.137336
0.083785
-0.008305
0.032167
0.100219
0.077835
-0.059545
0.027607
0.091596
0.079716
0.100690
0.166452
0.108719
0.052921
0.003522
0.019903
0.097810
-0.004044
0.013837
0.057259
0.011222
0.023624
0.073893
0.111484
0.110034
0.144511
0.045157
0.002791
0.123272
-0.053129
-0.077622
0.122202
-0.022878
-0.029732
0.075227
0.093513
0.145105
0.048633
0.095124
0.102674
-0.025423
0.057016
0.032041
-0.043047
-0.076483
0.017299
0.028931
0.032131
0.098486
0.020804
0.005527
0.094782
0.046540
0.018246
0.033149
-0.001031
0.035246
0.003492
0.027508
0.078616
0.013321
0.027114
0.121510
0.042604
0.040750
-0.055113
0.039442
-0.002806
0.000216
0.018624
0.052608
-0.010226
0.054343
0.088936
0.070326
0.031429
0.069091
0.086472
0.012728
-0.011103
0.090228
0.001352
0.074946
0.111604
0.042021
-0.008640
-0.060640
0.143435
0.072253
0.094470
0.039285
0.026875
0.064556
0.074642
0.073280
0.083456
0.035572
0.100609
-0.023145
0.004846
0.018122
-0.047604
0.001862
0.100115
-0.004352
-0.008191
0.090474
0.095404
0.013030
0.064287
0.030593
-0.015819
-0.042681
0.024975
-0.019779
0.011769
0.166314
0.051557
-0.004167
0.035688
0.040740
0.045510
0.065395
0.088307
0.077618
0.122710
0.049562
0.115971
0.134317
0.082986
0.049903
0.039380
-0.012903
0.060968
0.033169
0.019967
0.120820
0.037374
0.078075
0.098441
0.053653
0.044045
0.007026
0.043126
0.032862
0.067508
0.028444
0.018576
-0.023567
0.014741
0.028086
-0.028350
-0.074352
-0.020403
-0.018208
0.050392
0.156241
0.077331
0.089332
0.094603
0.021602
0.014346
-0.026171
-0.022817
-0.094634
-0.054993
-0.036242
-0.052703
0.120626
0.071704
-0.094894
-0.094203
-0.027989
0.031790
-0.037447
0.040636
0.168136
0.085360
0.040859
0.033988
0.073968
-0.033195
-0.028814
-0.053500
-0.010033
0.045471
0.117538
0.096557
0.051518
0.019217
-0.023164
0.186974
0.033790
-0.014090
0.055897
0.007632
0.083975
0.115733
0.080660
0.072385
0.093675
-0.011698
0.078461
0.192138
0.011436
-0.012924
-0.006587
0.032827
0.011555
0.050897
0.001405
-0.052430
-0.016156
-0.003486
0.063805
0.048971
0.057231
0.103655
0.131936
-0.019389
0.070350
-0.047578
0.012110
0.159083
0.080926
0.064011
0.077661
0.062535
0.059628
0.043621
0.037717
0.051599
-0.013333
0.036362
0.040913
0.035032
0.114534
0.082291
0.102670
0.041343
0.059544
0.001805
0.089820
-0.044952
0.050694
0.059151
-0.054997
-0.014596
0.030128
0.054937
0.024488
0.026100
-0.017104
0.032647
0.010912
0.077348
0.019079
-0.048268
-0.079711
-0.012080
0.027476
-0.036245
0.103230
0.081647
-0.024821
0.068500
0.073432
0.050591
0.125850
0.131592
-0.001113
0.022365
0.021219
-0.035655
-0.050935
0.036729
0.065149
-0.054362
0.070563
-0.032274
-0.000155
0.041200
0.014828
0.039361
-0.002687
0.033249
0.052705
-0.040256
0.087574
0.040712
0.000409
-0.021085
0.055569
0.066003
0.066573
0.065664
0.071178
0.015771
0.072959
0.017141
0.028657
0.045553
0.167492
0.061702
0.063358
0.108504
0.040843
-0.139011
0.030368
0.121102
0.082268
-0.003099
0.068492
0.153174
0.128487
0.122289
0.092375
0.133498
-0.086257
-0.007435
0.036025
-0.007677
0.061934
-0.001515
-0.001684
0.067421
0.114350
0.090553
0.082298
0.045712
0.127060
0.091661
0.026811
0.029243
-0.003424
0.067257
0.033189
0.048779
0.080226
0.014104
-0.027790
-0.010772
-0.045221
0.057790
0.102613
0.116349
0.037306
0.112987
0.069214
0.048014
0.128771
0.106796
0.118267
0.020760
-0.072259
-0.132699
-0.037874
-0.056389
-0.031408
0.070898
-0.030192
0.040609
-0.024036
0.091117
0.085978
-0.025244
0.012119
0.040624
0.065496
-0.006712
-0.048335
0.006923
0.023335
0.082805
0.112335
0.021611
0.058084
0.044336
-0.014989
0.000541
-0.002236
0.093241
0.009788
-0.008154
0.047651
0.018146
0.049399
0.050353
0.046789
0.062477
0.017010
0.012939
0.054936
0.164777
0.037398
0.010346
0.103152
0.128523
0.105976
0.060435
0.037752
0.104779
0.014272
-0.022027
0.077574
0.096025
0.007430
0.045218
0.062473
0.098788
0.083419
0.051937
0.066425
0.074317
0.142168
-0.026749
-0.059569
0.013593
-0.053229
0.006375
0.077359
-0.019072
0.050059
0.108343
-0.013869
0.025139
0.026149
0.070246
-0.003682
0.042220
0.020024
0.090898
0.033960
-0.027661
0.013844
0.040392
0.022312
0.025548
-0.054752
0.007447
0.016279
0.051776
0.144512
0.063289
-0.015778
0.022478
0.125175
0.029741
-0.041923
0.052937
-0.004456
-0.010272
0.010551
-0.028830
0.021685
0.054134
0.011503
0.037576
-0.001728
0.038482
0.053970
-0.031671
0.024953
-0.041469
0.079118
0.090952
0.038705
0.001857
0.052368
0.019707
0.002953
-0.036753
0.084247
0.050723
0.091218
0.138376
0.029375
0.021513
0.056319
-0.012182
0.106656
0.123741
0.054373
0.113899
0.021780
-0.045735
-0.021429
-0.044629
0.092089
-0.001277
-0.045544
0.019443
0.045032
0.003940
0.045265
0.005057
0.001597
0.009180
0.013256
-0.001009
0.043942
0.050712
0.046539
0.035509
0.071206
0.054580
-0.018109
0.014055
0.019866
0.021113
0.062785
0.019109
0.043382
-0.009144
0.012005
0.028869
0.007400
0.026485
0.088953
0.012529
0.011242
0.000012
0.024639
-0.011654
0.142499
0.131654
0.128609
0.005338
-0.020289
-0.000868
0.030335
0.017376
0.055248
0.013476
0.082578
0.004982
0.045947
0.045220
0.087032
0.022818
0.086356
0.051254
0.071357
-0.084169
0.133893
0.053220
-0.092250
0.084937
-0.016415
0.007058
0.037938
0.009807
0.075886
0.059556
0.079604
0.077342
0.083083
0.009343
0.010217
-0.071206
-0.116148
-0.035165
-0.090579
-0.017905
0.065984
-0.021462
-0.032847
-0.001065
-0.030470
-0.064405
-0.015550
-0.045773
-0.103804
0.013715
0.023694
0.016651
-0.011156
-0.032952
0.061466
0.018179
0.039940
-0.017583
-0.100317
0.046395
0.053034
0.050366
0.075591
0.044133
0.077632
0.040337
0.019137
-0.004525
0.075703
0.080771
0.051215
0.113769
0.091425
0.054966
0.163598
0.041263
0.093721
0.114661
0.047120
0.094601
-0.008345
0.031624
0.093091
-0.045204
-0.071522
0.025703
0.143038
0.076664
0.040981
0.049083
0.080645
0.050969
0.051309
0.093974
0.106189
0.097440
0.051088
0.054702
0.017475
-0.053028
-0.013831
-0.067593
-0.043259
-0.047927
-0.025008
0.075817
-0.061302
0.070787
0.078159
-0.017907
0.069225
-0.024710
0.018098
-0.015072
0.017756
0.052344
0.075215
0.092361
0.071803
0.093976
0.044716
-0.023298
0.073186
0.021912
-0.000015
0.014537
0.016792
0.036150
-0.074384
0.091330
0.090581
0.038803
0.113179
0.143441
0.163815
0.054967
-0.046827
-0.030055
0.054743
0.100984
0.033595
0.122184
0.050186
-0.001235
0.027994
0.108050
0.156152
0.107879
0.176362
0.038980
0.001563
0.047458
-0.013007
0.018278
-0.020530
0.010152
0.041410
0.053573
0.109520
0.008514
0.044356
-0.003876
0.053326
0.059160
-0.023520
0.039827
-0.056810
-0.154545
-0.017075
-0.037494
0.045798
-0.033674
-0.053741
0.020174
-0.029457
-0.059399
-0.058079
0.007255
-0.091702
-0.051010
-0.001571
0.012849
0.049676
0.004927
0.005518
-0.021317
-0.055757
-0.012117
-0.019169
-0.014732
0.004968
0.050105
-0.028215
0.042451
-0.035225
0.055513
0.072182
-0.006733
0.001579
0.087586
0.018902
0.069305
0.130604
0.057499
-0.055083
0.018506
0.019401
-0.061146
0.030691
0.041976
-0.000803
0.062249
0.054608
0.039586
0.009297
0.027519
0.029362
-0.080304
0.011309
-0.016238
-0.002709
0.045663
-0.001389
0.099718
0.044001
0.050199
0.106919
0.129189
0.076899
0.063911
0.034627
0.131790
0.061771
-0.092624
0.007936
0.074720
0.129738
0.047590
0.084506
0.046651
0.087760
0.125959
0.068251
-0.021149
0.048730
0.007403
-0.062903
-0.054845
-0.028058
0.026188
0.012090
0.049934
-0.030831
0.035220
-0.076421
-0.021428
-0.065512
-0.012904
0.050128
0.027632
0.095864
-0.024229
-0.039107
-0.006042
0.030212
0.054966
-0.008873
0.120822
0.058802
0.175503
0.027207
0.008255
0.020239
-0.073312
0.000499
0.076699
0.104589
-0.006424
-0.027163
-0.012420
-0.026479
0.025300
0.017000
0.075558
-0.067947
0.055259
0.105880
0.069491
0.004570
0.103995
0.071325
0.039692
0.022397
0.063930
0.122237
0.080930
0.086702
-0.010795
0.028194
0.032720
0.040075
-0.035867
0.032540
-0.011303
0.091864
0.080030
0.044481
0.111872
0.015476
0.011605
0.000845
-0.047624
0.035490
0.064128
0.087407
0.035897
-0.102423
-0.012348
0.069232
-0.044926
-0.051053
0.015506
0.026719
-0.069300
-0.019059
0.036878
0.043952
0.051853
-0.011055
0.021072
0.065393
-0.028458
-0.037157
0.046964
0.043137
-0.046732
0.064653
0.076622
0.087509
0.066261
0.055282
0.032501
0.001877
-0.133010
-0.069817
0.044583
0.026816
0.044708
-0.015270
-0.031488
0.028898
0.113644
0.013653
0.118272
-0.007456
0.099345
0.065154
-0.034010
0.038246
0.126498
-0.006312
0.012492
0.135637
0.082688
0.034269
0.027794
0.091195
0.052718
0.055947
-0.034536
-0.041349
-0.028986
-0.031561
-0.032905
0.012483
0.011722
0.050022
0.105646
0.029330
-0.000304
0.112972
0.039789
0.052521
0.023477
-0.045835
-0.076193
0.014642
-0.010231
0.036188
0.011516
-0.014985
0.126308
0.130584
0.097757
0.161689
0.053677
0.054240
0.088085
-0.003816
0.009545
0.019031
0.028266
-0.004207
0.051464
0.024014
0.001307
0.073455
0.052904
0.042012
0.098288
0.024028
-0.021886
0.066880
-0.001319
0.008443
-0.009665
0.041726
0.077687
0.177984
0.059891
0.128906
0.076813
-0.089106
-0.018863
-0.023097
-0.049836
0.015672
0.005743
0.046181
0.003505
-0.009344
-0.041661
0.032243
0.041402
-0.048293
-0.074612
0.026307
0.005701
-0.041433
0.025406
0.133487
-0.054503
0.033828
0.151084
-0.017406
0.077331
0.029678
-0.052329
-0.048985
0.073554
0.070956
-0.066422
0.023663
0.049079
-0.011298
0.057074
0.071124
0.052677
0.023495
0.030649
-0.063958
-0.014343
0.109410
0.005507
-0.043997
0.039825
0.016692
-0.050947
0.019590
0.022241
-0.021684
-0.028364
-0.049626
-0.102827
-0.055695
-0.018066
0.033946
-0.052494
0.029526
0.046409
-0.009567
0.059885
0.007263
0.036740
-0.015214
-0.012157
-0.025116
-0.019387
-0.006909
0.063167
0.002790
0.017933
-0.053603
-0.122996
-0.011077
0.008109
-0.094366
0.051607
0.036972
-0.064705
0.009474
0.106021
0.000423
-0.058162
0.042848
-0.042783
0.051780
0.001768
-0.014340
0.067468
-0.017351
0.111963
0.101402
0.046587
-0.035550
-0.044529
0.039636
0.089663
0.049101
0.045519
0.059513
0.075876
0.021853
0.077853
0.007749
0.017779
0.055841
0.040829
0.060412
0.083851
0.021532
0.056027
0.136383
0.023172
0.104136
-0.014209
0.031859
0.034782
-0.055386
0.097410
0.039074
-0.019390
0.075622
-0.005979
0.054417
0.039859
-0.037620
0.086173
-0.018927
-0.031444
0.042293
0.088641
0.115421
0.045178
0.092349
0.050251
-0.016212
-0.031338
-0.043022
-0.010968
-0.045551
-0.086291
0.040723
0.056518
0.104433
0.071572
0.131731
0.047962
0.042454
-0.014723
0.079653
0.149137
0.068479
-0.057557
0.088579
-0.033820
-0.005820
-0.012551
-0.100003
-0.023643
0.125441
0.032851
-0.022808
-0.021958
0.036190
0.075525
0.048569
0.116601
0.002461
0.078535
0.098427
-0.019173
0.039251
-0.012095
0.066102
0.009751
0.020078
0.053840
0.007792
0.006629
-0.010479
0.008798
0.071465
0.045133
0.016858
0.062695
0.003548
0.072065
-0.085982
-0.076788
0.077861
0.080310
0.103913
0.017776
0.066124
0.089174
0.087212
0.052212
-0.019649
0.078850
0.087672
-0.008941
-0.049973
0.013221
0.084209
0.060923
0.076620
0.032833
0.044708
-0.008421
-0.042013
-0.008897
-0.080583
-0.082775
0.010399
0.001035
-0.062455
-0.001335
0.053933
0.086795
0.081330
0.128845
0.019771
0.046962
0.007592
-0.058375
-0.025339
-0.024448
-0.013183
0.009225
-0.027064
0.028628
0.087899
0.105301
0.073103
-0.050092
-0.060479
0.089356
0.024235
0.048613
-0.004445
-0.008619
0.073492
0.029370
-0.000752
0.067287
0.060663
0.021023
0.063400
0.050947
0.038306
-0.027127
-0.051770
0.051035
0.045190
-0.054214
-0.048580
0.016886
0.001391
0.023718
0.121686
0.020521
0.098952
0.032595
0.095462
0.037215
-0.008669
0.017597
-0.014085
0.074624
0.019583
0.039628
0.090951
-0.005315
0.014060
-0.027112
-0.032744
0.040073
-0.000394
0.056209
0.079757
-0.019485
-0.016157
0.112216
0.021712
0.059919
0.084617
-0.042563
-0.019804
-0.027483
-0.011734
-0.071131
0.024098
-0.020034
0.007992
-0.003175
-0.080034
0.018618
0.029299
0.045042
0.098798
0.000452
-0.016151
0.005743
-0.026602
0.061300
-0.006489
-0.044246
0.043626
0.172888
0.066661
0.121241
0.060327
0.076068
-0.008970
0.035282
0.005837
-0.019076
-0.033439
0.078175
-0.015332
-0.063369
0.012999
0.059276
0.063331
0.027516
0.027500
0.079671
0.087205
0.038894
0.066144
0.033562
-0.017639
-0.049095
0.032470
0.071071
0.061495
0.025906
0.000925
0.005907
0.038019
0.055755
0.047108
0.040336
0.125021
0.047434
0.002603
-0.000361
0.030046
0.055047
-0.022103
-0.029952
0.025550
0.000760
-0.049768
0.050026
0.011968
-0.013375
0.031071
0.011114
0.007238
-0.018830
-0.090905
-0.061977
-0.099531
-0.028439
0.067988
-0.070444
-0.010303
0.061321
0.078759
0.045494
0.011649
0.027982
0.036688
0.044488
0.043253
0.126878
0.024047
0.021814
0.036790
0.050355
0.109229
0.141787
0.087321
0.190017
0.209494
0.094174
0.118201
0.092668
0.065608
0.099676
0.096023
0.012492
-0.011310
0.057913
0.087013
0.067556
0.110157
0.041610
0.121392
0.027386
0.100395
0.014642
-0.033782
0.047884
-0.097673
0.056787
0.224076
0.068419
-0.044238
0.054264
-0.014778
0.031744
0.099750
0.097832
0.050335
-0.046143
-0.005861
0.060201
0.056161
0.031639
-0.074066
-0.017617
-0.117629
-0.061980
-0.045386
0.017039
-0.042818
-0.016149
0.125759
0.071526
0.039350
0.060023
-0.039896
0.012797
0.058364
0.116269
0.050952
0.097554
-0.002910
-0.091204
-0.003887
-0.036391
-0.043713
0.109881
0.007030
-0.013693
-0.027642
0.083211
0.122772
0.000894
-0.042102
0.048097
0.003209
-0.054271
-0.012350
-0.046811
0.089991
0.056424
0.022897
0.071262
-0.020612
0.059919
-0.020979
-0.079611
0.017756
-0.068843
-0.033869
-0.054145
0.001954
0.005698
-0.027792
-0.028585
-0.030482
-0.007526
0.082340
0.038465
0.015361
0.017320
-0.030926
-0.038393
-0.007699
0.008222
0.057331
0.114249
0.080503
0.153554
0.001284
0.031548
0.111109
0.095861
0.124858
0.087163
-0.024451
0.023502
-0.016163
0.016245
-0.075173
-0.012584
0.019632
0.001439
-0.051350
0.025347
0.074859
0.026003
0.042158
0.061103
-0.010947
0.036070
-0.013563
-0.079551
0.028084
-0.021595
-0.050399
-0.077285
-0.041955
0.036207
0.054974
0.090901
0.037106
0.004039
0.036700
0.055989
-0.041621
0.029525
0.037279
-0.029598
0.025968
-0.014575
-0.067891
0.034855
0.001343
-0.107192
0.019271
0.086886
0.010252
0.058533
0.046559
0.031657
0.038897
-0.062371
-0.016671
0.054057
-0.046827
0.035261
0.047116
-0.022637
0.008587
-0.014447
-0.039306
-0.015157
-0.005446
-0.024671
-0.006102
-0.025349
-0.092530
-0.095460
-0.075128
0.012519
0.001745
-0.051992
0.051761
0.065784
0.002392
0.012971
0.004752
0.095740
-0.009901
0.095493
-0.026824
0.097878
0.062127
0.051357
-0.093392
0.034564
0.037579
-0.012157
0.031868
0.037188
0.060779
-0.057560
-0.030066
-0.010680
-0.059883
0.069088
0.122326
0.012284
0.010906
-0.037410
-0.061548
0.092110
0.065981
0.036719
0.039427
0.034448
0.057823
-0.020089
-0.023667
0.039334
0.077663
-0.009907
0.072599
0.022750
-0.110563
-0.007690
0.027110
0.016037
-0.073288
-0.032075
-0.005000
0.069962
0.000435
0.032860
0.017869
-0.029900
0.014750
0.033964
0.017191
0.075658
0.044643
-0.002943
-0.053841
-0.052638
0.040351
0.061440
0.013380
-0.035739
0.106616
0.139188
0.050729
-0.039401
0.053492
0.072757
0.080124
0.178508
0.085067
0.004187
0.075652
-0.007308
-0.015636
0.035720
-0.024590
0.009658
0.076500
0.122413
0.035724
0.095855
0.008424
-0.010276
0.142299
0.089738
0.110537
0.082423
-0.102951
-0.042171
0.097418
0.004831
-0.053327
0.084191
0.069896
-0.040249
-0.036254
0.057085
0.071142
0.047404
-0.000713
0.100263
0.028480
0.043512
0.001578
-0.078113
0.039486
0.134197
0.075959
0.053686
0.116461
0.032854
0.144431
0.044388
0.014150
0.065561
0.020664
-0.028210
0.018778
0.034151
0.010495
0.071693
0.098243
0.059841
-0.027321
0.022929
0.105590
0.004875
0.043293
0.123453
0.049785
-0.080896
0.043731
-0.025007
0.034957
-0.034171
0.029847
0.005479
0.073188
0.019493
0.057224
0.049690
0.030694
0.007422
0.008433
-0.039896
-0.094716
-0.015139
-0.036087
0.071140
0.061234
0.091653
0.076406
-0.072538
0.086078
0.041749
0.062358
0.036646
0.043801
-0.017559
-0.015706
0.017601
0.076763
0.066836
0.009717
0.086178
-0.066753
0.049955
0.045138
0.058808
0.039385
0.075868
0.064997
0.046714
0.038272
0.028843
0.012371
0.088626
0.091794
0.125030
0.079112
0.022161
0.076828
-0.016707
0.104192
0.120490
-0.002030
0.007832
-0.038728
0.019133
0.007454
-0.000621
0.065852
0.137804
0.014049
0.030986
-0.014204
-0.016072
0.012510
-0.022274
0.024939
0.045257
-0.029696
-0.014090
0.036442
0.021255
0.036162
0.123545
0.028221
0.052070
0.067448
0.094852
0.147022
0.011209
0.006798
0.040939
0.002257
0.063036
-0.064114
-0.011281
0.043845
0.047110
0.033429
-0.014416
-0.004554
-0.001739
0.045476
0.072653
0.092924
0.064540
0.138246
-0.088269
0.073776
0.008647
-0.065307
-0.086940
-0.042496
0.018586
0.018704
0.068362
0.088261
0.076860
0.110129
0.070908
0.158468
-0.001077
0.091703
0.086837
-0.056769
0.032879
0.001508
0.052052
-0.019927
0.060107
0.035932
-0.056219
-0.038366
-0.045413
0.141436
0.177114
0.013524
0.017753
-0.072283
0.048335
-0.023497
0.042550
0.037444
-0.058656
0.089300
0.112202
-0.058304
0.056229
0.099955
0.009242
0.016747
-0.055405
0.032216
-0.008953
-0.039854
0.038966
0.018852
0.071019
0.012713
-0.007603
-0.000122
0.003440
-0.011858
-0.033274
0.053014
0.077974
-0.017086
-0.016228
0.025881
-0.000291
-0.041275
0.046696
0.045360
0.003544
0.110445
0.033213
0.133640
0.004394
0.002919
0.103339
0.048158
-0.001107
-0.002134
-0.043785
-0.037885
0.063174
0.096520
0.143069
0.003592
-0.013452
-0.071371
-0.005748
-0.041456
0.020994
0.011030
-0.014067
-0.006507
0.061646
0.043532
0.053469
0.072424
-0.044503
0.002392
-0.043090
0.029960
0.026094
0.049500
-0.022338
-0.051785
0.000635
0.051330
0.096169
-0.062211
-0.046811
-0.039997
-0.065346
-0.018850
0.060998
0.021125
0.101597
0.100230
0.108803
0.039422
-0.026642
-0.027513
0.046760
0.007259
-0.030135
-0.025406
0.079591
0.044510
0.133853
0.042988
-0.074957
-0.052530
-0.070187
-0.010634
0.024147
-0.067031
-0.046731
0.027812
0.016283
0.030032
-0.007515
-0.005875
-0.046669
-0.074802
-0.039278
-0.006272
-0.036901
0.051469
0.057391
0.029815
0.099151
0.043646
0.041700
-0.044156
0.105547
0.076007
0.058858
-0.069344
-0.108496
-0.061078
-0.064476
0.007096
-0.096109
0.028484
0.075203
0.021075
-0.006652
-0.037123
0.042628
-0.012825
0.033181
0.016723
0.043076
0.041853
-0.007860
0.092760
0.023131
-0.050827
0.070524
0.049598
-0.042748
0.018090
-0.023347
0.008859
0.075267
0.044689
0.011655
0.060465
-0.005374
0.007975
-0.082213
-0.023947
0.031342
-0.044611
0.014820
0.018631
0.145184
0.042560
0.081239
0.013969
-0.005297
-0.012086
-0.094511
-0.147932
-0.081075
-0.044611
0.068560
0.054693
0.015102
0.086633
0.093411
0.055550
0.066011
0.052686
-0.009684
0.045254
-0.022337
-0.018490
0.023245
0.077663
0.014089
0.119124
0.173633
0.051301
0.109535
0.004176
0.076251
-0.042916
-0.000212
-0.000867
0.094665
0.021293
0.003071
0.066459
0.072192
0.145919
0.047845
0.137340
-0.001103
0.029525
0.026909
-0.013792
0.056593
0.031467
0.091627
0.038665
0.002253
0.044351
-0.009002
-0.015966
0.082584
0.066371
0.079469
-0.012333
0.032246
0.053314
0.141199
0.060256
0.045332
0.061298
0.007082
0.097635
0.100471
0.077259
-0.042075
0.013892
0.063175
0.003558
0.004967
0.110211
0.023556
0.049665
0.028855
0.069409
0.130011
0.058014
0.061338
-0.011742
-0.091723
-0.018436
0.011627
0.010273
0.092673
-0.081240
-0.076906
0.031806
0.065573
0.055637
0.077925
-0.027843
-0.024586
0.004948
0.039918
0.033644
0.037750
-0.028409
0.031534
0.013038
0.004616
-0.041840
-0.007147
0.072935
-0.094661
-0.008863
0.041812
-0.014338
-0.052984
0.012708
-0.006286
-0.080620
0.049655
0.039339
-0.013067
-0.037763
0.016027
-0.007920
-0.076403
0.098838
0.060364
0.099268
0.077398
0.098216
0.028584
0.078547
0.003435
-0.002227
-0.039531
0.035487
-0.025524
0.025763
-0.003878
-0.004001
-0.067343
-0.040160
-0.063246
0.021531
0.016146
0.053971
0.018482
0.051720
0.089402
0.009280
-0.053955
0.063945
0.050425
-0.002726
-0.015488
0.012121
-0.011055
-0.027118
0.035993
0.059779
0.000731
0.098844
0.102643
0.102567
0.064728
-0.045067
-0.051158
0.003877
0.004239
0.029737
-0.059677
-0.030674
-0.111933
0.012724
0.007901
0.058526
0.035466
0.044115
0.076314
-0.028004
0.012875
-0.048053
0.076223
0.041398
-0.011824
-0.008758
0.044385
0.053420
-0.100182
-0.003152
0.037600
0.017879
-0.037498
0.004804
-0.009473
-0.090540
-0.017689
0.010563
0.004950
-0.078873
0.026140
0.082886
-0.004927
0.014690
0.026973
-0.056006
0.101491
0.016661
-0.008602
0.045314
0.049553
-0.052644
-0.006335
0.070947
0.075697
-0.060838
0.005021
-0.018825
0.058334
0.048097
-0.040718
0.031923
0.131474
0.084565
0.155601
0.065530
-0.026149
0.057083
-0.075779
-0.046337
0.151723
0.010920
-0.009264
0.110473
0.068830
0.056233
-0.025347
-0.058749
-0.066196
0.025897
0.062676
0.019451
-0.088804
-0.034747
-0.014579
0.013709
0.080689
0.064702
-0.011099
-0.038425
-0.064122
0.024591
-0.026800
-0.033892
-0.012610
0.050533
0.090003
0.016209
-0.018118
0.048053
-0.036218
-0.049812
-0.009052
0.006550
-0.031464
0.040306
0.004715
0.035856
-0.023231
-0.053397
-0.155740
-0.072114
0.059429
0.010517
-0.010592
-0.020741
-0.021696
0.062518
-0.003541
0.057789
-0.015460
0.012630
0.007550
0.018215
-0.082603
-0.032115
0.039674
0.040966
-0.019665
0.062868
-0.008617
-0.081128
0.039607
-0.033412
0.046751
0.043170
0.061373
-0.030173
0.042366
-0.013658
-0.080908
0.022350
-0.014552
0.100916
0.023456
0.085531
0.121341
0.014425
0.098305
0.100278
0.083821
0.070079
0.045019
0.114412
-0.068920
0.010866
0.085838
0.129634
0.049520
0.062398
0.076209
-0.010929
-0.037479
0.070127
0.038075
-0.052585
0.034525
-0.026746
0.040284
0.041300
0.000629
0.045047
0.024664
-0.059678
0.068575
-0.055012
-0.036684
0.025031
-0.014567
0.120855
0.072944
0.030376
0.077803
0.067606
-0.011432
-0.067125
0.100344
0.142767
0.086956
0.059928
0.156126
0.059345
0.074038
0.126262
0.044401
0.113646
0.043253
-0.061176
0.048999
0.040079
0.069790
0.082569
-0.030427
0.025242
-0.007560
-0.056430
-0.126297
-0.039046
0.005179
0.070089
-0.006915
-0.037729
0.010962
-0.004221
-0.007406
-0.058821
0.028477
-0.023017
0.031089
0.024633
0.036907
0.171507
0.106912
0.029258
0.074561
0.112334
0.068601
0.034081
-0.028306
-0.042702
0.035520
-0.005836
0.018398
-0.051196
-0.078452
-0.070441
0.025577
0.058102
0.107558
-0.006152
0.024585
0.011340
0.173578
0.038163
0.021403
-0.020983
0.048108
0.037028
-0.046798
0.059169
0.027158
-0.039050
0.062427
0.079932
0.135101
0.055405
-0.008543
0.056359
-0.006074
0.045583
0.015598
0.016994
-0.006755
0.066157
0.096006
0.119818
0.058325
0.127788
-0.026185
-0.061446
-0.025647
-0.021531
-0.033967
0.019741
0.035567
0.027445
0.100722
0.007055
0.100720
0.058186
0.040222
0.094761
0.042870
0.051979
0.004076
-0.012166
0.009514
-0.016676
0.055915
0.033423
0.035349
-0.036029
0.088757
0.004312
0.009874
0.066635
0.082293
0.014166
0.043820
0.011257
-0.016636
0.067674
0.072171
0.040571
0.052279
0.017073
0.031038
0.152587
0.093264
-0.019591
0.043472
0.041875
-0.081999
-0.021235
0.001972
-0.066568
0.092278
0.063324
-0.004455
0.013611
-0.030091
0.035375
0.015035
0.044031
0.009826
0.003589
0.017372
0.037469
0.110524
0.083235
0.066325
0.058472
-0.015972
0.071704
0.036198
-0.062145
-0.013389
0.092902
0.028392
0.000739
-0.054265
-0.028746
-0.032023
0.076033
0.012745
0.032633
0.059183
0.041176
0.060366
0.013078
-0.024699
-0.042588
-0.008850
0.053690
0.057291
0.030681
0.006598
0.032272
-0.022089
-0.047552
0.018073
0.024809
-0.024748
0.037564
0.041926
0.146659
-0.028618
0.043754
0.063351
0.041911
-0.016305
0.018299
0.081773
0.047478
0.026548
-0.024011
0.049802
0.139004
0.032921
0.089146
0.125849
-0.005025
0.073607
-0.058199
0.017978
0.176951
-0.018100
0.033741
0.032328
0.112055
0.008377
-0.026723
0.074837
0.013975
0.007625
-0.015858
-0.038543
-0.037253
0.022831
-0.002793
0.079209
0.160416
0.119840
0.094753
0.097067
0.059098
0.035542
0.122510
0.007162
0.036446
0.015549
0.001058
-0.024555
0.065042
0.040159
0.056612
0.007527
-0.035487
-0.043422
-0.054266
-0.025428
0.054819
-0.013718
0.130519
0.061516
-0.020528
0.106007
0.037246
-0.068505
0.049925
0.089350
-0.023918
0.057031
0.013910
0.061958
0.028898
-0.029391
0.046815
0.034607
0.020262
0.013702
0.043868
-0.000811
-0.071823
-0.071825
-0.045277
0.050359
0.071927
0.085177
0.085258
0.022680
0.012560
-0.033912
0.038465
0.055600
0.046094
0.022797
-0.007009
0.075158
0.041512
0.086648
0.096136
0.034139
-0.053567
-0.093406
0.109368
-0.062395
0.023429
0.022873
-0.004207
0.036925
0.120545
0.142996
0.089706
0.125897
0.030159
0.066352
0.139533
0.115999
0.130541
0.061745
-0.010420
0.022119
0.092401
0.076468
0.070926
0.181661
0.054835
0.008984
0.033205
-0.092537
0.038505
0.029582
0.070172
0.008715
0.059534
0.035881
0.095616
0.120336
0.110313
0.088812
0.087198
0.059883
0.037755
0.072362
0.028674
0.051121
0.102763
-0.015630
-0.047942
0.031937
0.102763
0.037171
0.076205
0.013368
0.058549
0.073260
0.058940
0.020462
0.019351
0.048551
0.090237
0.092546
0.098293
0.039016
0.111515
0.020423
0.153117
0.112968
-0.009640
0.092628
0.074723
-0.044044
-0.051060
-0.043703
0.011987
0.010352
0.038128
0.063428
0.060519
-0.033205
0.112222
0.062117
-0.031847
0.065080
0.039301
0.001644
0.004160
0.039115
0.077153
0.017214
0.019004
0.053955
0.163422
0.091108
0.055816
0.073491
0.006261
0.031192
0.047319
0.014022
0.120995
0.120696
0.081660
0.041916
0.092486
0.033321
0.007876
0.034556
0.043843
0.070218
0.092691
0.061971
0.005823
0.019871
0.046258
0.008936
-0.011677
-0.005759
-0.019408
-0.059382
-0.007512
-0.005980
0.097534
0.068433
0.046147
0.058896
0.020389
0.025698
0.082638
0.074196
0.066329
0.004515
0.086286
0.032048
0.060716
0.120556
0.000275
0.004930
-0.060632
0.090921
0.058238
-0.020980
0.055896
0.035703
0.012815
0.032532
0.021318
0.018620
-0.078307
-0.041975
0.053802
0.142909
0.159001
0.048989
0.044922
0.014608
-0.049494
0.001763
-0.009796
-0.085157
0.003940
-0.023811
-0.046005
-0.035063
0.016292
0.028194
0.037247
0.019127
-0.021684
0.028507
0.039192
0.109312
0.002628
0.001769
-0.008898
-0.077482
0.131122
0.123351
0.017962
0.040277
0.110854
-0.003146
-0.079345
0.031088
0.062258
0.037364
-0.024110
-0.023531
0.035302
-0.009961
0.011553
0.032046
-0.087194
0.035823
0.037627
0.073086
0.010448
-0.028323
-0.019846
-0.031132
-0.046691
0.007787
0.074871
0.001111
-0.016336
0.046623
0.005692
0.055061
0.026785
0.026008
0.079376
0.035071
0.020353
-0.018132
0.023591
0.157882
0.043032
0.058105
0.100196
-0.006979
0.028133
-0.098707
-0.019541
0.009391
-0.023051
-0.042106
-0.145250
-0.074946
-0.107474
0.001029
0.063631
0.008608
0.072992
0.068029
0.058058
-0.017459
0.025151
-0.020406
-0.100527
0.042160
0.062741
0.052084
0.064760
0.064458
-0.036759
-0.006447
0.013460
0.050398
-0.050680
-0.009581
0.006604
0.002963
-0.024107
0.058418
0.018952
-0.047610
0.084051
0.084166
0.060102
0.037113
0.034309
0.095821
0.083389
0.040310
0.024279
-0.019327
0.096932
0.012398
-0.066416
-0.030056
-0.038877
0.034769
-0.096621
-0.025187
-0.048126
0.071702
-0.029202
0.010617
0.065562
-0.033477
-0.034250
-0.012822
0.003650
0.025460
-0.078701
-0.016258
0.033637
0.022270
0.004376
-0.058663
0.002167
0.032611
0.009173
0.147713
0.032259
0.077042
0.012792
-0.030521
0.021275
0.028580
-0.004672
0.065837
0.058254
0.014204
0.084131
-0.013774
0.069284
0.147453
0.018619
0.029855
-0.052892
0.000128
0.109333
0.069387
0.094463
0.168346
0.007348
-0.057774
0.048114
0.006226
0.020732
-0.019067
-0.038576
0.027543
-0.033438
0.003398
0.058252
0.037008
0.056423
-0.048270
0.067612
0.112223
0.061405
0.025254
0.066520
0.046035
-0.059444
0.062247
-0.012727
-0.020887
-0.008958
0.011060
-0.000962
0.070845
0.060808
0.003316
0.039677
-0.020325
0.015657
0.040481
0.004526
0.007075
0.030310
0.016066
0.023429
-0.029111
0.035958
-0.071235
0.059155
0.071102
-0.058176
-0.077708
-0.002299
0.012851
-0.079826
0.016018
0.050269
0.033037
0.074924
-0.014869
-0.012246
0.027347
0.036281
0.076615
0.057229
0.107395
0.031868
0.012667
0.037165
-0.013609
-0.028482
0.120433
0.012582
0.062551
0.109161
0.070329
-0.003324
-0.021536
-0.122911
0.005176
0.012587
-0.083364
0.012407
0.019976
0.041918
0.042239
0.080147
0.055908
0.096862
0.039275
-0.016997
-0.035051
-0.043001
0.030521
0.031194
0.102982
0.037791
-0.000377
0.167120
0.072836
0.019724
0.087327
0.032840
0.079089
0.010298
0.049517
0.050853
0.127265
0.077373
-0.019164
-0.018100
-0.011770
0.055336
0.029633
0.070867
0.040407
0.011456
-0.022204
0.026222
0.025667
-0.029208
-0.059316
0.035833
0.047535
0.102190
0.088488
0.035852
0.126691
0.113326
0.036760
0.061075
0.036804
0.015884
0.067883
0.093517
0.048332
0.104562
0.008459
-0.024410
0.059849
0.066202
-0.022229
-0.043927
-0.017910
0.041025
-0.046822
0.060311
-0.019691
-0.048548
-0.001069
-0.003432
0.005805
-0.012619
-0.034429
0.005656
-0.011465
0.005271
0.114461
0.056328
-0.039063
-0.031910
0.018139
-0.061750
0.040980
0.117365
-0.009531
-0.126230
-0.030294
0.031897
-0.056470
-0.093498
-0.024785
0.054011
0.051517
0.031240
0.014794
-0.101481
-0.020993
-0.001619
-0.006126
0.039664
0.075832
0.021768
0.021218
0.031555
-0.006863
0.064257
0.039654
-0.024286
0.030472
-0.010260
-0.126529
0.024457
0.049769
0.001627
-0.008687
0.092590
0.087232
0.059302
0.026316
0.049081
-0.002045
0.086221
0.090479
0.052845
0.092343
-0.022193
0.156962
0.083442
0.041032
-0.025085
-0.027544
0.107114
-0.019840
-0.021532
0.047018
0.090641
0.104478
0.056040
0.170695
0.003567
-0.122279
0.154103
0.039130
0.039789
0.085136
-0.053233
0.017231
0.115283
0.020510
0.098920
0.021965
0.059587
0.074224
0.028722
-0.002890
0.011306
-0.056308
0.013510
0.075181
0.024766
0.058387
0.049921
0.022538
0.061013
0.046501
-0.032167
-0.073288
-0.047133
-0.023189
-0.047306
0.087884
-0.005958
0.063429
0.003749
0.078340
0.065416
-0.037641
0.037431
0.052108
0.042180
-0.036442
0.046278
-0.074499
0.037056
0.066241
0.039823
0.016498
0.057782
0.121645
0.112259
0.013526
0.017273
-0.022681
0.010539
0.004235
-0.015863
-0.059472
0.071033
-0.025906
0.050317
0.102781
-0.001717
0.049373
0.027318
0.076742
0.155652
-0.046481
0.046566
0.083317
0.066971
0.101471
0.046398
0.035891
0.107452
0.036461
-0.020586
-0.046361
0.055140
0.092407
-0.027276
-0.018020
0.049161
-0.016016
-0.037044
-0.026966
0.056435
0.024295
-0.056919
-0.045383
0.045552
0.014828
0.059767
-0.005558
0.040246
0.021369
-0.017621
-0.072634
-0.065900
-0.034560
0.005923
0.076040
0.038434
0.061899
0.040194
0.070829
0.017752
0.041434
0.098998
-0.025153
-0.017494
-0.033022
0.083620
0.018484
0.027791
0.083787
0.018398
0.094260
0.078106
0.064530
0.007402
-0.035105
0.000913
-0.016274
-0.025244
0.104302
-0.013147
0.032502
0.089191
0.006387
0.018036
0.017909
0.058437
-0.074885
0.053378
-0.113764
-0.046094
0.029630
-0.030347
0.043630
0.070682
0.017877
0.036484
0.049631
0.092890
0.086488
0.001857
-0.071713
0.025103
-0.054347
0.028541
0.005731
-0.076533
-0.001150
-0.091092
-0.026769
-0.069843
-0.017188
-0.057527
0.047736
0.025449
0.032042
0.041151
0.051092
0.043976
0.044686
-0.005537
-0.059117
0.047048
0.024082
-0.046743
-0.078392
-0.028328
0.130308
-0.010865
0.095189
0.039358
0.036966
0.005202
0.009884
0.073834
0.160281
0.111468
-0.015877
0.099195
0.052090
-0.145339
0.013872
0.046630
0.001817
0.040880
0.073758
0.100254
0.070545
0.031352
0.063471
0.025798
0.062793
-0.060011
-0.041064
-0.029997
-0.019701
0.027142
0.097514
0.087087
0.001017
0.121498
0.005218
0.077296
0.079006
0.045506
0.003175
0.025198
0.003605
0.135145
0.021890
0.064923
-0.049323
0.071401
0.040030
-0.076233
-0.058271
0.026467
-0.010144
0.073542
0.092288
0.069914
0.099363
0.035554
0.003331
0.003358
0.005673
0.047152
-0.071853
-0.009017
0.065046
0.036760
0.023221
0.004855
0.043001
0.021005
-0.032964
0.048482
0.119550
0.104292
0.075508
0.088717
0.023440
-0.027989
0.068944
0.027574
0.049629
0.081987
0.104548
0.061807
-0.038425
0.017495
-0.024013
0.035199
0.041188
0.057189
0.020586
0.040310
0.072271
-0.019517
-0.085657
0.059822
0.002275
0.011602
0.042157
0.054781
0.001115
-0.026770
0.018498
0.105792
0.021112
-0.044530
-0.035103
0.005343
0.033224
0.018164
-0.025857
-0.041768
-0.084493
-0.166761
-0.036802
-0.051146
-0.039630
-0.074184
-0.052305
0.034162
0.175339
0.060498
-0.026448
-0.009944
0.080910
0.074699
-0.060909
-0.093161
0.068172
0.058281
0.019734
0.060174
0.104280
0.014560
-0.032422
-0.064113
-0.033465
-0.004646
0.064479
-0.003778
-0.053623
0.026720
0.032147
0.033253
0.019204
0.000142
0.083705
0.041259
0.034540
0.061597
-0.000532
0.050686
0.090412
-0.029619
0.118035
-0.028310
0.005510
0.001612
0.042795
0.050123
0.031514
0.019740
0.000849
0.029185
0.113054
0.017470
0.045395
0.018073
0.008748
-0.028833
0.060333
0.125710
-0.040415
0.031574
0.020103
0.054544
0.014802
-0.032785
-0.032909
-0.066924
-0.115896
-0.094557
-0.025792
0.048389
0.018569
0.021691
0.089402
0.076711
-0.095561
0.026475
-0.029963
-0.046227
0.004502
0.065904
0.029948
-0.020594
0.004839
0.106605
0.004618
-0.070711
0.034997
0.024495
0.037051
0.041895
0.116940
0.064376
-0.014608
-0.111056
0.062765
0.023675
0.006774
0.124870
-0.002808
0.106384
0.059241
0.000730
0.077544
-0.022245
0.091233
0.017650
0.003745
0.023544
-0.061390
-0.068841
0.029813
0.033777
0.042810
-0.106585
-0.082468
-0.022631
0.070131
-0.025236
0.011078
0.040703
0.139385
0.071016
-0.018537
0.061970
-0.035106
0.026212
0.106090
-0.000530
-0.025187
-0.067748
-0.039954
0.020491
-0.006148
0.070483
0.046369
-0.014214
0.000181
-0.026972
0.007472
0.016664
0.000712
0.015097
-0.045564
-0.074464
-0.025574
-0.047994
-0.037237
0.032230
0.047128
0.032984
0.125323
0.131602
-0.018761
-0.012630
0.016069
-0.018133
0.095122
-0.030844
0.013042
0.005745
-0.023495
-0.005917
0.006177
0.051193
0.016238
0.079781
-0.075976
-0.038615
-0.024058
-0.052716
0.067053
-0.029333
0.029404
-0.018300
-0.023636
-0.033073
0.016248
-0.002345
0.023008
0.100286
0.020566
0.013614
0.104361
0.031890
0.001680
0.069224
-0.042483
-0.016872
0.094694
0.097203
0.029085
-0.015150
0.048408
0.026762
0.057855
0.010032
0.019620
0.032946
0.048992
0.001591
0.057419
-0.068768
0.066690
0.002887
0.072249
0.055547
0.026930
0.077021
0.084708
0.156583
0.140312
0.122437
-0.060644
0.064963
0.087010
-0.006074
-0.042953
0.018685
0.045087
-0.080032
0.091998
0.002318
0.039303
0.091766
-0.019962
0.087419
0.007037
0.021614
0.169126
-0.001987
0.091126
0.137586
0.093174
0.050682
-0.056946
0.020544
0.117694
-0.120085
0.058035
0.046971
0.009404
0.014913
0.060991
0.072294
0.099268
0.093040
0.010844
0.061601
0.061071
0.118559
0.109123
0.034356
-0.000290
0.013989
0.073666
0.008805
-0.035629
0.026327
0.000578
0.095790
0.056970
0.023592
0.097253
0.087155
0.077568
0.078871
0.058710
0.065084
-0.074726
0.090399
-0.093398
-0.067149
0.061705
0.080203
0.082164
0.042092
0.055987
0.010689
0.020221
0.067801
0.054332
0.043610
-0.029393
0.006273
0.055830
0.143749
-0.005037
0.091335
0.027285
0.042340
-0.016893
-0.010969
0.015437
-0.107200
0.097252
0.010270
-0.046660
-0.021307
-0.023895
0.066211
0.023563
-0.009590
0.007336
0.019725
0.040839
-0.054181
0.018843
0.035278
0.000865
0.070642
0.003086
0.065838
0.081085
0.067387
0.099045
0.009910
-0.002358
0.126479
-0.007030
0.009741
0.061663
0.103807
0.018949
0.049902
-0.006854
-0.067460
0.042208
0.023642
0.020834
0.014406
0.036049
0.076558
0.056025
0.003278
0.032959
-0.038038
-0.031741
-0.053390
0.089587
0.115756
0.098746
0.120297
0.103538
0.048560
0.028836
-0.005545
0.087870
-0.014404
0.045815
0.082215
0.084928
0.103643
0.003253
-0.026156
0.051527
0.035047
0.006992
0.005565
-0.096828
-0.008090
0.074620
-0.005618
0.014337
-0.071270
-0.023945
-0.003797
0.101258
0.095507
0.042005
0.052944
0.021960
0.070546
0.114158
0.158788
0.066605
0.011990
0.041574
0.001718
-0.058469
0.062819
0.042854
-0.015610
0.052266
0.080223
-0.032318
0.123507
0.030964
-0.026382
-0.001854
0.024436
-0.007289
-0.048133
0.019106
0.033327
0.039051
0.017009
-0.032405
-0.024374
-0.025738
0.063314
0.045383
0.051720
-0.042642
-0.001765
-0.008093
0.003896
0.062837
-0.021170
-0.045998
-0.002271
0.023719
0.002241
0.064343
-0.017420
-0.078772
-0.052381
0.084193
-0.062051
0.034625
-0.049056
-0.005221
0.045702
-0.023126
-0.031107
-0.055292
-0.056455
0.043370
-0.013887
-0.056745
-0.035973
0.124817
0.013454
0.050382
-0.015572
-0.015596
0.025227
-0.033436
0.020596
0.061931
0.088434
0.077445
0.037639
0.092602
-0.072128
-0.020938
-0.012610
-0.051768
0.007656
0.006487
0.122210
0.029837
0.063924
0.054131
0.017670
0.147559
0.053395
0.080749
0.003151
-0.042730
0.026507
-0.069941
0.059516
0.055564
0.155666
0.088085
0.106967
0.028573
-0.051255
0.036103
-0.012439
-0.021176
0.073647
0.007551
0.093955
-0.043264
-0.023910
0.005758
-0.070609
-0.026267
0.047037
0.015447
-0.006498
0.037814
-0.054701
0.014304
0.105840
0.018490
-0.034568
-0.053328
-0.019403
0.078767
0.004916
0.020982
0.016722
0.061370
0.081003
0.097013
-0.004609
0.030758
-0.002435
0.095706
0.050977
0.035911
0.039851
-0.072985
0.069629
0.041720
-0.104860
0.029576
-0.015297
0.000928
-0.028676
0.176524
0.092553
-0.102845
0.025892
-0.026269
0.022330
0.061673
-0.073601
-0.035667
0.094075
-0.035872
0.058371
0.038134
-0.055098
-0.002608
0.045530
0.057465
0.046671
-0.014056
0.024908
-0.034884
-0.010594
0.089837
0.028451
0.029717
0.092810
0.069266
-0.034947
0.035192
0.019756
0.083399
0.013216
0.144908
0.111672
-0.010431
0.024976
-0.073809
-0.086458
0.006042
-0.010281
0.096716
-0.001438
0.000738
-0.002338
-0.000672
0.064911
0.041326
0.067112
0.011130
0.046147
0.029814
0.010486
0.122389
0.118001
0.073874
-0.005570
-0.023344
0.039951
-0.007546
-0.067111
0.080463
0.046989
0.018377
-0.051043
-0.132978
0.055259
0.020928
-0.066581
-0.126115
0.002781
-0.005495
0.000011
0.001518
0.011203
-0.003495
-0.031388
-0.060351
-0.026965
-0.026632
0.039057
0.103481
0.137226
0.062771
0.067811
0.037499
0.031105
0.059277
0.069715
0.045510
-0.055505
-0.071307
0.017843
0.024252
-0.016271
-0.045255
-0.071195
0.087268
-0.006732
0.090587
0.045974
0.167539
0.093530
0.083403
-0.028869
0.019302
0.025811
-0.025853
-0.011418
0.085156
0.033299
0.002595
0.031488
0.147472
0.129625
0.123668
0.029664
0.051122
-0.001086
-0.041981
-0.095026
-0.062490
0.064021
0.038752
-0.024366
0.025445
0.018495
0.032663
0.021449
0.046630
-0.005924
-0.015453
0.044021
0.105706
0.083658
0.067093
0.030900
0.108382
0.057335
0.138323
0.109565
0.153209
0.016784
0.039317
0.006565
-0.062783
0.029398
0.043593
-0.014686
0.016329
-0.073974
-0.040256
0.032822
-0.059681
0.010089
-0.047913
-0.021236
-0.054174
0.015081
-0.015175
-0.053988
0.024230
-0.048901
-0.075845
-0.024450
-0.006709
0.112604
0.044937
0.013746
-0.031172
0.063684
0.014482
0.045918
0.030709
0.040095
0.052895
-0.015486
0.040939
-0.035252
-0.117983
0.032036
0.028075
-0.047847
0.005810
0.023598
-0.016894
-0.068526
-0.067261
-0.013908
0.100859
0.162246
0.118449
0.081948
0.065828
0.044006
0.047061
-0.063815
0.011352
0.019573
-0.132720
-0.006964
-0.006621
0.011230
-0.011641
-0.041316
-0.022943
-0.044978
-0.006331
0.036026
0.026893
-0.001527
0.035276
-0.063302
0.018576
-0.012656
0.030159
0.068663
-0.055521
0.000949
-0.002421
-0.069958
0.032241
0.021091
0.031700
-0.013557
0.051149
0.121084
0.095440
0.081495
0.064882
-0.052956
-0.042511
0.001803
-0.041356
-0.024476
0.092719
-0.023275
-0.050211
0.009980
0.043716
-0.008779
-0.032583
-0.023986
0.052198
0.044760
0.035704
0.036093
0.043336
-0.016812
0.017313
0.029750
-0.043501
-0.071203
-0.034660
0.001373
-0.072871
0.060275
-0.041240
-0.048801
0.005615
0.034129
0.045405
-0.055467
-0.039353
-0.004077
-0.031618
-0.021931
-0.106797
0.021993
0.046448
0.061598
0.086596
0.067540
0.066183
0.023723
0.080266
0.081778
-0.023486
0.003031
0.024464
-0.009064
-0.006759
0.049939
0.026705
0.114046
-0.012833
0.012007
0.001702
-0.019022
0.058116
0.054202
-0.058799
-0.005051
-0.029134
0.077147
0.115662
0.106985
0.048769
0.018893
0.136465
0.096171
-0.000788
0.032480
0.094480
-0.043502
-0.004549
0.009824
-0.003723
0.003454
0.003828
-0.056650
0.046332
0.028268
0.014719
0.141594
0.069606
0.100534
0.008890
0.014004
-0.088449
-0.015297
0.061950
0.029303
-0.060920
-0.055696
-0.051538
-0.032888
-0.003963
-0.036553
-0.009928
0.037063
0.131588
0.050631
0.001410
0.064299
0.016347
0.095984
0.052693
0.083716
0.084844
-0.010099
0.039257
0.004831
-0.027903
-0.015085
0.021368
0.004919
-0.106600
-0.003497
0.031169
-0.041902
-0.030619
0.106192
0.101343
0.067078
0.021460
-0.063670
0.082634
0.000504
-0.005386
0.110976
0.013373
0.021955
0.007089
0.000927
0.031369
-0.023095
-0.000111
0.009337
-0.036313
-0.021523
0.050389
0.005943
-0.000310
0.010990
-0.006187
-0.069206
0.052529
0.092479
0.104072
0.063408
-0.023264
0.034232
0.088257
-0.011041
-0.017897
0.110417
-0.016536
0.053388
0.040186
0.078380
0.023008
-0.008120
0.061820
0.030065
-0.027948
-0.059707
0.019677
0.037520
0.015523
0.024449
0.010005
0.024421
0.094153
-0.006674
0.011207
0.042666
0.082274
-0.001242
0.052103
0.032924
0.027190
0.051181
0.044973
0.067102
0.000844
0.008683
0.106704
0.035614
0.040383
0.119917
0.054575
-0.016056
-0.008641
-0.089531
-0.029210
0.033685
0.013771
0.026688
-0.025276
-0.063276
0.051171
0.002657
0.031556
-0.058856
0.034960
-0.019691
0.077578
0.005859
0.059994
0.080508
0.043673
0.051775
0.060429
-0.021603
-0.015917
0.022104
0.110964
0.070874
0.026904
0.063195
0.047600
0.077309
-0.005349
-0.000055
-0.027030
0.053856
0.002836
0.096066
0.067048
0.066721
0.103708
-0.020130
-0.001563
-0.071451
-0.036255
-0.023435
-0.006270
0.008710
-0.036102
0.059197
-0.061561
-0.017095
-0.091050
0.030668
0.044962
0.021587
0.018904
-0.010318
-0.035811
0.087711
0.011133
0.011112
0.016010
0.037712
-0.021884
-0.009863
-0.040332
0.036198
0.055237
0.038670
0.057695
-0.102153
0.033683
-0.027549
0.054107
-0.040737
0.043929
-0.041366
-0.011748
-0.023405
-0.096190
0.028429
-0.063228
-0.086375
0.053479
-0.013708
-0.114083
-0.111676
-0.047326
-0.114141
-0.022622
0.037754
0.037028
-0.030910
-0.021083
-0.006634
0.050200
0.026493
0.085506
0.109725
0.032044
0.034276
-0.058175
0.048310
-0.060134
0.041879
-0.045398
-0.134786
0.013655
-0.003639
0.020192
0.010955
0.025827
-0.049162
0.028939
0.034376
-0.029539
0.013279
0.043774
0.085666
-0.022780
-0.030181
0.029400
0.060810
0.050285
-0.058850
-0.037634
0.014685
-0.130514
0.001858
0.043164
0.027831
-0.079644
-0.048720
-0.000816
0.124352
0.053836
0.075702
0.009401
-0.017848
0.044779
0.031766
0.095102
0.050802
-0.045574
0.018605
0.052999
-0.019004
0.090255
0.061955
0.034385
0.115254
0.044116
-0.066649
0.029024
-0.031727
0.083643
0.067369
0.115616
0.101764
-0.010460
0.085678
-0.007268
0.025979
0.026803
-0.017704
0.032624
0.037982
0.013946
0.042141
-0.034606
-0.057183
0.033595
-0.034859
-0.050876
-0.015170
-0.001128
-0.056974
0.001398
-0.064349
-0.077832
0.053644
0.017925
0.049099
-0.011981
-0.010887
0.107982
0.038088
-0.007441
0.015051
0.059337
0.037250
0.008508
-0.053310
0.049393
0.030258
0.064057
0.120446
-0.040935
-0.009338
0.021833
0.067889
0.032580
0.051411
0.002389
0.082428
0.081587
0.013556
0.056999
-0.018088
0.032864
-0.014230
0.051820
0.082057
-0.101957
0.024494
0.026929
-0.037688
-0.006279
-0.008448
-0.014238
-0.003240
-0.008624
0.067833
0.075127
0.043400
-0.068322
-0.040655
-0.058511
-0.068772
0.003318
-0.011533
0.064728
0.025172
0.157541
0.018020
-0.050293
-0.007002
-0.056569
-0.076625
-0.059554
0.001060
0.124907
0.052134
-0.012523
0.047351
0.006525
-0.000668
0.072206
0.058661
0.007812
-0.053049
0.023553
0.065610
0.005456
-0.030462
0.019471
0.016018
0.073209
0.028590
0.080880
0.042724
0.007975
0.147360
-0.045203
0.068248
0.015571
0.013377
0.028326
0.036002
0.093585
0.035050
0.073869
0.016992
0.001065
-0.003060
0.022874
-0.000177
-0.050241
-0.012451
-0.061318
0.036418
-0.012451
-0.021952
0.008816
0.072217
-0.015798
-0.003705
0.003569
0.003796
0.085053
0.110216
-0.031682
0.043001
-0.001495
0.103311
0.079933
-0.074948
0.090372
-0.020327
0.045405
0.028400
0.024987
-0.061769
-0.062213
-0.069789
-0.000583
-0.031025
0.035244
0.102386
0.027813
0.079054
0.077341
0.021913
0.081974
0.109307
0.070530
0.059347
0.087570
0.070767
0.010833
0.071782
-0.032526
0.005049
-0.025716
-0.006777
0.032781
0.020133
0.079222
0.017196
0.007175
0.048003
0.032936
0.065500
-0.049788
-0.058547
0.004985
0.012157
0.028563
0.066442
0.144901
0.117466
0.093592
0.004876
-0.103834
0.036057
0.026146
0.078123
0.053448
-0.034260
0.051061
0.020971
0.018516
0.066418
-0.021968
0.074957
-0.020984
-0.048308
0.086608
0.012580
0.066111
0.030612
-0.006624
0.010096
0.076411
0.080781
0.022066
0.037637
0.044601
-0.053881
0.040709
0.038357
-0.018761
-0.016958
-0.028956
-0.057166
-0.018613
0.006353
-0.014356
-0.003185
0.091636
0.014816
-0.055398
0.008453
0.037196
-0.021235
-0.025442
0.016343
-0.010277
0.004261
0.071439
0.029715
0.030802
-0.009123
0.049886
-0.062459
-0.041982
0.056066
-0.054606
-0.002995
0.120997
0.100338
0.051125
0.024211
-0.050831
0.022728
0.040519
-0.031502
-0.058414
0.027642
-0.009481
0.044102
0.027698
-0.074172
0.011713
-0.010195
-0.070682
-0.015934
0.104051
0.095791
0.011872
-0.010210
0.005228
0.032388
-0.066363
0.090001
0.011659
0.022871
0.045336
-0.038982
0.106078
-0.027357
-0.015926
0.068199
0.082058
0.029881
0.093387
0.059785
0.023408
0.053705
0.002631
-0.023491
-0.100393
-0.037046
-0.074654
-0.096866
-0.093225
-0.014875
0.131456
0.154121
0.028467
-0.021246
-0.010735
-0.046997
0.080657
0.004245
0.093226
0.027701
-0.033786
0.002830
0.012075
-0.054525
0.074416
-0.069454
-0.055956
-0.011910
0.052589
0.047066
0.035457
0.038581
0.130906
0.057206
0.025054
0.162422
0.055005
0.061805
-0.097364
0.042019
0.042404
0.059801
0.128530
0.036435
-0.024189
0.037332
0.012732
-0.101297
0.060250
0.046450
0.054381
-0.048582
-0.034017
-0.108260
-0.011131
0.031480
0.002361
0.045243
-0.059316
0.044877
0.028106
0.015889
-0.058338
-0.061817
0.016836
0.054574
0.054810
-0.018642
0.078371
-0.003979
-0.067890
-0.001051
-0.088628
-0.013404
0.024582
0.023992
-0.079402
0.038850
0.053981
0.003836
0.045559
0.020287
-0.038445
0.068327
-0.005880
0.051393
0.013275
0.048172
0.117757
0.079777
0.042531
-0.012960
0.078898
-0.048696
0.017765
-0.003758
0.114715
0.024703
-0.006023
0.089032
0.023267
0.010257
-0.044009
-0.005657
-0.054205
-0.075693
-0.043281
0.015990
0.008138
0.015958
0.017210
0.044502
0.018838
-0.002727
0.049218
0.017041
-0.015241
-0.024298
-0.019651
0.008507
0.068731
-0.046075
-0.023340
-0.068197
-0.085396
-0.002504
-0.006597
0.068791
0.028202
0.031030
0.078308
-0.018651
0.044729
0.070006
0.011292
0.079768
0.079776
0.093952
0.011777
0.112360
0.116844
0.048816
0.037301
-0.008264
0.037711
0.031693
-0.024724
-0.093779
-0.013789
0.004713
-0.108864
0.000693
0.006654
-0.049541
0.059318
0.049783
-0.148405
-0.034685
0.041096
0.055697
0.095154
0.038769
0.037635
0.126747
-0.047966
0.022690
-0.018074
0.026113
0.055345
-0.051888
0.135791
-0.056210
0.008765
0.088114
0.081524
0.140715
-0.003859
0.021897
0.008695
0.011731
-0.000475
-0.013219
0.119045
-0.061859
-0.023336
0.026363
-0.095235
-0.023313
-0.019317
-0.026060
-0.035181
-0.016344
-0.003460
-0.048210
-0.016401
-0.080843
-0.065489
0.024402
-0.017011
0.146531
0.131311
0.044851
-0.035405
0.023215
0.032781
0.070421
-0.014801
0.005132
0.022007
0.041128
0.005757
0.105632
0.035697
0.095568
0.072480
0.025154
-0.005911
0.093487
0.052633
-0.015623
-0.006337
-0.000514
0.036576
0.011937
-0.068608
0.096980
0.025907
0.016124
0.010326
0.139596
0.047027
0.081812
-0.028184
0.014282
0.039956
0.080911
0.094931
0.087217
0.047631
0.095736
0.050531
-0.064591
-0.039256
0.062136
-0.057782
-0.016330
-0.039915
-0.054417
0.097243
0.053690
-0.001767
-0.022392
-0.102172
-0.004295
0.072063
0.004180
0.041927
0.070920
0.158528
0.151067
0.058207
0.016660
0.052477
-0.044785
0.002484
0.140244
0.008258
0.034221
-0.095065
-0.071983
0.017184
0.020126
-0.001745
-0.039637
-0.080652
0.041409
0.061081
-0.005740
0.039016
0.065239
0.037418
-0.052122
0.059950
0.047338
-0.022245
0.097168
0.092714
0.073765
0.021972
0.026127
0.022145
0.099101
0.055193
-0.023591
0.097819
0.050999
0.081716
0.120222
0.027670
0.010413
0.069575
0.051996
0.061934
0.027313
0.135791
0.116437
0.130529
0.045695
-0.017811
0.042099
-0.000458
-0.089805
0.135390
0.023638
0.072762
0.063363
0.052885
0.026789
-0.037691
0.029199
-0.021565
0.050863
0.010392
0.085282
0.128078
-0.062561
-0.039845
0.054112
-0.003497
-0.017685
-0.027975
0.077041
-0.006799
0.028425
0.092151
0.077945
-0.001412
-0.019027
0.052388
0.068875
0.087269
0.096024
-0.000985
-0.035551
0.019175
0.025103
0.115310
-0.029496
0.020702
-0.049309
0.086372
0.030315
-0.003057
0.036096
0.040369
0.015000
0.043611
-0.092323
0.008273
0.006342
-0.001576
0.032996
0.081810
0.048874
0.003881
-0.027287
0.030698
0.112805
0.061953
0.088124
0.034507
0.042230
0.020080
-0.086682
0.027160
0.008164
-0.002238
0.051555
0.128591
0.082371
0.009907
0.051302
0.007879
0.059211
0.008331
0.060406
0.005519
0.024903
0.096590
0.081137
0.082790
0.075903
0.009663
0.075240
0.084692
0.005241
-0.061698
-0.075439
-0.062765
0.061106
0.081570
0.045428
-0.081242
-0.007623
-0.059658
-0.051845
-0.028407
-0.015257
0.022866
-0.054703
0.013968
0.051850
0.023696
-0.040155
0.116238
0.005306
0.060519
0.113039
0.025442
0.125875
-0.013789
0.035082
0.038485
0.036615
-0.010167
0.014332
-0.044877
0.038370
0.093007
-0.014402
0.022435
0.103078
0.208197
0.167612
0.077868
-0.076072
-0.069253
-0.024334
0.036793
0.008026
0.050468
0.062326
0.039962
-0.085710
-0.020730
0.030372
0.066337
0.075508
0.026747
0.065760
0.063869
0.077246
0.025146
0.012587
0.008608
-0.069078
0.042992
-0.028092
-0.067257
0.033426
-0.015325
-0.014160
-0.044275
0.022424
-0.014972
0.024919
0.010841
-0.006452
0.129414
-0.007094
0.042633
0.040568
0.060345
0.055613
-0.037051
0.010833
0.010324
-0.005226
0.026274
0.029684
0.033857
0.027454
-0.027072
0.038630
0.035170
0.043042
0.024630
-0.029936
0.018807
0.019252
-0.013132
-0.019219
0.011223
-0.067609
-0.137974
-0.107041
-0.055570
0.003688
-0.047101
0.023165
-0.108702
0.004770
-0.002290
0.021678
0.073664
0.084399
0.057991
0.086628
0.054174
-0.029565
-0.011219
0.057056
0.139836
0.081132
0.059247
-0.002958
-0.015341
-0.036728
-0.081296
-0.007163
0.062793
-0.047210
0.000411
0.043196
0.090738
-0.003624
-0.026406
-0.006043
0.004762
0.000440
0.005674
0.078931
0.099448
0.021681
0.015933
0.055596
-0.019655
-0.061814
-0.028281
0.040348
-0.074704
-0.073876
0.040145
-0.052783
-0.047916
-0.052236
-0.043518
0.006197
0.026009
-0.044001
0.027834
-0.019044
0.025212
0.078797
0.047641
0.057706
-0.041741
0.061149
0.049038
0.014707
0.027424
0.036694
0.006379
-0.039495
-0.032952
-0.121806
-0.063480
0.069215
-0.004101
-0.086791
-0.068078
-0.047940
0.004289
-0.011256
0.012234
0.057634
0.041547
-0.016387
-0.050234
-0.051545
0.060857
0.055012
0.033044
0.012202
0.016916
0.001806
0.028590
0.063146
0.025317
0.024152
0.111531
0.077988
0.010919
-0.064029
0.067675
0.095707
-0.056319
0.056395
0.107968
0.027371
0.053803
0.035106
0.106795
-0.061277
-0.023897
0.075361
0.132473
0.073445
0.011759
0.060271
0.064579
0.017813
0.002157
0.024430
0.080388
0.073758
0.062839
0.059305
0.035216
0.120540
0.075816
-0.064961
0.012752
0.028592
0.049203
0.044978
0.065607
0.096067
0.066916
0.049376
0.049264
0.130892
0.106753
0.011971
-0.024248
0.125832
0.066180
0.053014
-0.011680
0.041648
0.025253
0.001090
0.068469
0.052744
0.060433
0.099847
-0.012561
0.017054
0.000369
0.026802
0.080602
-0.061973
-0.017647
0.073147
-0.029743
-0.022523
0.102876
0.021756
-0.029591
-0.042331
0.001343
-0.059753
0.012665
-0.053147
0.025904
-0.020699
-0.018725
-0.093758
-0.003546
0.050520
0.119453
0.019170
0.081054
-0.000666
-0.061818
0.029425
-0.006364
-0.142119
0.024833
0.036551
0.048141
0.026579
0.024310
-0.026063
0.029072
-0.075175
-0.020938
-0.044853
0.050496
-0.066042
-0.065890
0.029433
-0.027438
-0.029972
0.040304
0.032259
0.003909
-0.086018
-0.054469
-0.092253
-0.089114
-0.055453
0.004845
-0.118087
-0.036794
-0.078015
-0.011839
0.017669
-0.061757
-0.026571
-0.044356
-0.012071
0.003601
-0.014186
-0.035309
0.015960
0.001669
-0.013269
-0.044192
-0.043560
-0.001066
0.104835
0.122840
0.067916
0.074180
0.109282
0.031539
-0.016516
0.061088
0.083291
-0.016798
-0.037057
-0.009170
0.036092
-0.033019
0.000841
0.061484
0.051197
-0.026669
-0.043827
0.050682
0.069310
0.013411
-0.007156
0.021007
0.065651
0.037161
0.022587
0.054923
-0.026048
-0.012394
0.025064
0.099211
-0.048898
0.006414
-0.016491
-0.017181
-0.045752
0.017267
0.002576
-0.020630
0.024743
0.077048
0.112812
0.015449
0.032038
0.044461
0.064277
0.065663
-0.015413
-0.095506
0.002532
-0.030043
0.001222
-0.121795
-0.102480
-0.004089
0.026923
-0.004488
0.036379
0.002768
-0.075793
0.014282
-0.050143
0.119442
-0.013193
-0.056194
0.109212
0.052066
-0.001818
0.111175
0.039731
0.004089
-0.009886
0.073265
0.059683
0.010666
0.004771
0.106182
0.019728
0.114950
0.056365
0.001699
-0.059010
-0.081117
0.030731
-0.005341
-0.001705
0.053810
0.031422
-0.036319
-0.008831
0.088998
0.076803
-0.043832
-0.065777
0.037547
-0.027099
0.090977
0.050963
0.036525
-0.022608
-0.039822
0.042178
0.006056
0.021008
0.071819
-0.062470
-0.027625
0.014244
-0.031826
-0.027112
-0.042136
0.051404
0.027509
0.053476
0.023787
-0.056771
0.011524
-0.024662
-0.037482
0.143709
-0.008155
-0.019821
0.033988
0.022538
-0.036725
-0.074656
-0.021919
0.043640
-0.006478
0.001408
0.014212
-0.022231
0.020655
0.057192
0.039022
-0.009601
0.084142
-0.031459
0.064361
0.116330
-0.027070
0.043516
0.047984
-0.005694
0.097031
0.136375
0.108461
-0.002337
0.095544
-0.012576
-0.039576
-0.069200
0.005125
-0.069164
0.018483
-0.001825
-0.043742
0.081451
0.016795
0.092867
0.045525
0.104254
0.034444
0.028399
0.031934
-0.015584
0.056132
0.006918
0.089929
0.119232
0.089140
0.107192
0.081565
0.011122
0.067828
0.058795
-0.017299
-0.039632
0.040137
0.011003
-0.005738
0.035104
-0.011089
-0.017369
-0.058804
-0.069252
0.016004
0.099975
-0.005729
-0.001468
0.004868
0.000676
-0.035852
0.025119
0.029030
-0.042636
0.034485
0.084430
0.046989
0.007063
0.060975
-0.014609
0.001600
-0.037547
0.047733
-0.126611
-0.150412
0.018735
-0.027696
0.092487
0.061469
0.117794
0.011800
0.028629
0.055261
0.041780
0.059066
0.066186
0.058536
-0.001020
0.030080
0.021296
0.006680
-0.021057
-0.001132
-0.046324
-0.036080
0.031575
-0.003815
-0.004313
-0.000356
0.041123
0.059000
0.011937
-0.008405
-0.028157
0.062629
0.028212
0.048623
0.013123
-0.010053
0.014019
-0.065162
0.043587
-0.010767
-0.013725
0.043888
-0.083729
-0.016820
-0.010190
0.034045
0.076761
0.039003
0.016704
0.076865
0.070141
0.125790
0.120056
0.058866
0.065850
0.092817
0.015331
0.056672
-0.043577
0.039181
0.063377
0.077492
0.137693
-0.067367
-0.084089
0.008508
-0.040523
-0.037310
0.102505
0.044876
0.073792
0.125976
0.081494
0.012460
-0.077503
-0.056296
-0.031132
-0.033460
0.021124
0.048074
-0.021008
-0.053858
0.050544
-0.004536
-0.006761
0.008506
0.038490
-0.016567
-0.035990
0.003827
0.038320
0.045975
-0.041009
-0.011428
-0.006206
-0.040093
-0.043052
0.008918
-0.001624
-0.002735
0.015849
0.038697
0.056449
0.022352
0.061526
0.099764
-0.056279
0.049324
0.039714
-0.112019
-0.013229
-0.042404
-0.001040
0.004041
0.003161
-0.023105
-0.003998
0.001784
0.025413
0.100458
-0.004018
-0.036180
0.038855
0.007354
0.037868
0.034179
0.067007
0.038858
0.027737
0.018557
0.012379
0.039556
0.070891
-0.046302
0.016391
0.090416
0.023962
-0.025261
-0.029353
-0.097266
0.096123
0.122006
-0.053216
0.035016
0.014946
0.014348
-0.024434
-0.007977
0.081787
0.065202
0.001642
0.101271
0.031082
-0.010611
0.053225
0.077107
-0.004836
0.038268
0.055046
-0.076965
-0.115021
-0.038972
-0.042588
0.036894
0.028965
0.043059
0.102103
0.050497
0.031178
-0.060621
0.128486
0.029792
0.025374
-0.003038
-0.011472
0.040009
-0.013557
0.056047
0.028023
0.071184
0.116792
0.011429
0.048066
-0.013218
-0.006475
0.043695
0.026238
-0.043468
0.024119
0.035553
0.040473
0.057377
-0.038032
0.048747
0.046433
0.062894
0.007669
-0.085438
-0.066697
-0.054070
-0.011819
0.045862
0.101609
0.026561
0.024073
0.038023
-0.014480
-0.012314
0.086956
0.002285
0.033725
0.029454
-0.000169
-0.056764
0.088041
0.089240
-0.011113
0.024228
0.066899
0.006623
0.015053
0.043513
0.069500
0.096541
0.046627
-0.008601
0.098317
-0.014394
0.121792
0.058640
0.031292
0.042351
-0.028032
-0.087079
-0.033214
-0.057517
0.041935
0.038313
0.007952
0.022178
0.023030
-0.010055
0.056162
0.035950
-0.017889
-0.019213
0.016546
0.018833
-0.079357
0.009387
-0.005380
-0.001869
0.133188
-0.036176
-0.015710
0.000801
0.008690
0.100759
0.079876
0.045584
0.126923
0.090533
0.014768
0.030331
0.014046
0.031274
-0.022104
0.049794
-0.032927
-0.026152
0.041469
-0.052137
0.007657
0.064656
0.075765
0.078435
0.119638
0.031887
-0.029529
-0.071680
-0.048727
0.030570
0.036634
0.110662
0.089128
0.077055
0.060351
0.070015
0.164826
0.014080
0.037253
0.019187
0.104656
0.127198
-0.015812
-0.034613
-0.040998
0.011682
0.073580
0.041937
0.045184
-0.017618
0.018000
0.098288
0.103898
0.072293
-0.017971
0.068228
-0.033313
-0.041402
-0.040671
-0.072243
-0.081910
0.001571
-0.023200
0.004706
-0.043393
-0.081790
0.112354
0.029093
0.068100
0.078460
0.049374
0.059431
0.053491
0.058273
0.071821
0.016282
0.116446
0.064704
0.011109
0.052611
-0.083383
0.094622
0.046195
0.056598
0.041607
-0.017929
-0.012856
-0.050375
0.044330
-0.068007
-0.082844
0.001845
0.000270
-0.106192
-0.016446
0.034593
-0.067907
0.082607
0.009069
0.061277
-0.006873
-0.006246
0.017655
0.011859
0.003415
-0.040712
0.043431
0.051959
-0.065562
-0.003102
-0.056283
0.089785
0.049833
-0.024740
0.053790
0.016182
0.079770
0.055901
0.026265
0.187307
0.058392
0.028570
-0.021520
-0.030696
-0.018367
-0.053132
0.007198
0.027325
0.034502
-0.006441
0.057591
0.085958
-0.004339
0.111052
0.046695
0.054705
-0.010387
0.003215
0.073735
0.039749
0.045866
-0.055763
0.050040
0.047302
0.017854
0.045492
0.041689
0.086094
0.020787
0.158078
0.024790
0.042172
0.019079
0.022400
-0.011006
-0.057767
-0.019263
0.018183
-0.044747
0.024233
-0.027579
-0.015697
0.003540
0.046174
0.045287
0.074332
-0.000412
0.044666
0.077775
0.031729
0.083804
0.150837
0.064291
0.045347
0.031876
0.008669
0.027044
-0.069320
0.022869
-0.060540
-0.098942
0.017424
0.067362
0.046149
0.185321
0.069969
0.000249
0.045507
-0.017543
0.029058
-0.001640
-0.066632
0.010746
-0.041131
-0.009550
0.004478
0.038363
-0.016065
0.031346
0.056232
-0.026981
0.004196
0.020096
0.041881
-0.033909
0.048807
0.024431
0.067026
0.058019
0.079205
0.046708
0.018663
0.089239
-0.008888
0.019564
-0.034287
0.072235
0.025500
0.070127
0.032045
0.030065
0.014823
0.080788
0.108572
-0.080674
0.039322
0.121548
0.007552
0.016004
-0.001464
-0.018999
-0.085268
-0.005048
-0.001968
0.011656
0.034584
-0.035529
0.050887
0.048251
0.050911
0.014580
0.072940
0.079669
-0.048392
0.002315
-0.004674
-0.075541
-0.052496
0.037911
0.114611
0.116954
0.099787
0.186375
0.053522
-0.011276
0.014051
-0.020962
0.017375
0.033799
-0.049979
-0.057801
0.046748
0.032516
-0.035406
-0.058389
-0.002571
-0.039213
0.038491
0.048926
-0.000036
0.016711
-0.041304
0.034036
-0.063859
0.038161
0.049804
0.040416
0.055921
0.000810
-0.043965
0.133947
-0.020593
-0.015561
-0.027677
-0.017280
0.084872
0.015554
-0.124997
0.018979
0.025477
-0.008666
-0.059777
0.057583
0.062162
0.006031
0.024552
0.086966
0.044276
0.064697
-0.005052
-0.113601
-0.075368
0.018348
0.040529
0.030451
-0.023708
-0.077928
-0.112077
0.020463
-0.039238
-0.177968
-0.027729
-0.021526
0.055477
-0.009715
-0.114984
-0.044549
-0.026072
0.021247
0.045539
-0.030547
0.014742
0.015863
0.035326
0.112989
-0.015993
-0.006910
-0.031330
0.014653
0.071469
0.016125
0.057511
0.164754
0.098447
0.054047
-0.012696
-0.117992
-0.088494
0.099188
0.042326
0.002216
-0.018002
-0.119186
-0.041144
0.083107
-0.025779
-0.054274
-0.051201
-0.056094
-0.120920
-0.045089
0.021966
-0.044405
0.024002
-0.004025
-0.044158
0.034788
0.002347
-0.018417
0.015232
-0.010408
-0.114156
-0.038934
0.011746
0.093655
0.019182
-0.055514
0.113055
0.088205
-0.082666
0.027185
-0.012493
-0.005923
-0.041264
0.027850
0.100826
-0.024928
-0.083498
-0.050270
0.023904
0.003937
-0.040817
0.017311
0.136825
0.059026
0.052847
-0.005739
0.030761
0.076927
0.066005
0.065396
-0.012599
-0.020248
-0.014060
0.073038
0.060870
-0.015152
0.032306
-0.010283
-0.046246
-0.006848
0.013919
-0.003535
0.072677
0.041685
0.128581
0.111330
0.034643
0.031519
0.038741
-0.078126
-0.104900
0.018063
-0.041269
0.056489
0.034933
0.014745
0.043397
-0.001079
-0.045948
-0.004737
0.005262
0.035508
-0.062237
0.008915
0.017332
0.021008
0.038954
0.027233
-0.011844
-0.031087
0.014802
-0.037777
0.013645
-0.024901
-0.103760
-0.038531
0.046785
-0.027850
0.102980
0.163995
0.009711
0.035032
0.037001
-0.005085
0.062528
0.019371
-0.073522
-0.019477
-0.016946
0.001284
0.017734
-0.101169
0.063588
-0.011066
-0.097164
-0.000461
0.017387
0.064580
-0.026602
0.019106
-0.040583
-0.035870
-0.026409
0.031515
0.032629
0.074096
0.043734
0.014189
0.032050
0.153232
0.022141
0.093255
-0.006358
0.115688
0.119663
0.007840
0.101786
0.111005
0.026904
-0.020106
0.056519
0.005710
0.036055
0.064583
-0.015044
-0.008496
-0.007878
0.066140
0.153871
0.105303
-0.020846
0.032997
-0.002308
0.099514
-0.033313
0.113007
-0.002203
-0.033470
0.050697
0.060432
0.079480
0.106620
-0.038580
-0.008127
0.064903
0.075749
-0.022332
-0.043589
0.072827
-0.040042
0.068533
-0.042586
-0.087569
0.103754
-0.031999
0.008002
0.006305
0.024438
-0.025860
-0.012303
0.099834
-0.043511
0.057842
0.087959
0.026310
-0.075173
0.023597
0.024414
0.065355
-0.017057
-0.031962
0.028964
-0.004030
0.103583
0.130909
0.096390
0.050306
0.000032
-0.000578
0.034084
-0.033818
0.023812
0.066855
0.016400
0.143973
0.156386
-0.023099
0.083347
0.041319
0.046763
0.058459
0.032167
0.078994
0.094861
0.008860
-0.045184
-0.004234
0.044150
0.073285
0.007151
0.096899
0.070162
-0.026649
-0.013999
-0.042528
0.015277
0.015504
0.010580
0.041084
-0.031112
-0.054230
-0.055786
0.029849
0.058503
0.066932
0.016951
0.024942
0.120659
0.017269
0.009382
0.034641
0.026001
-0.090375
0.081093
0.018089
-0.007264
0.069510
0.106868
0.041888
0.013347
0.038431
-0.018166
-0.027597
0.023482
0.047870
-0.005060
0.041961
0.026993
0.086485
0.017430
0.044382
0.060322
-0.101621
-0.002509
0.014817
0.020205
0.044290
0.093981
0.043954
0.113031
0.013554
0.033701
0.033908
0.070491
0.029329
0.025654
-0.001468
0.000004
0.025530
-0.026549
-0.029326
0.051187
0.061362
-0.008982
-0.024237
-0.025726
-0.117521
-0.020041
-0.073543
-0.044052
-0.070536
-0.081561
0.018539
0.005840
0.064694
0.050609
-0.025987
0.002849
0.016558
0.085818
0.030580
-0.038313
0.062929
0.065105
0.111983
-0.018317
0.046639
0.051292
0.034149
-0.090880
-0.026065
-0.008827
0.029568
-0.010978
-0.045931
-0.007441
0.005717
0.051478
0.020618
-0.104477
0.057493
-0.039967
-0.015318
-0.020014
0.052956
0.044200
-0.052255
-0.028304
-0.020515
0.010820
0.018621
-0.018642
-0.017159
0.088002
0.051273
0.012062
0.014958
0.023089
-0.032386
-0.035050
-0.055537
-0.071398
-0.105506
-0.080169
-0.003169
-0.022436
-0.037380
0.028753
0.047466
0.037478
0.085052
0.056320
-0.076187
-0.092070
-0.113082
-0.107022
0.001188
-0.031676
-0.126484
0.038670
0.032630
0.163101
-0.073418
-0.022937
-0.005447
-0.010049
0.049107
0.067984
-0.000517
0.026456
0.046004
-0.007273
-0.014742
-0.052108
-0.065677
0.003158
0.047731
0.047552
0.075396
-0.032881
0.032525
0.071024
-0.033863
-0.001039
0.005317
0.042821
-0.005704
-0.047694
-0.072386
0.020700
0.125902
0.093190
0.010618
0.054645
-0.044767
0.002651
0.016365
0.001776
0.030629
-0.021839
0.024403
-0.063784
0.061203
-0.044673
-0.085168
-0.001922
0.010710
0.046886
0.037696
-0.075188
0.065078
0.002914
-0.004935
0.068399
0.035045
-0.009535
0.004638
0.014595
0.096679
-0.029510
-0.005575
0.074299
0.102903
0.083875
0.045167
0.042489
0.074716
0.015133
0.115730
-0.033208
0.014374
0.049830
0.044624
0.037839
0.079491
0.023875
-0.075356
-0.015186
0.013402
-0.046819
0.006512
0.008798
0.068363
0.047560
-0.017958
-0.015907
-0.136058
-0.020111
0.037809
0.201334
0.061503
0.099269
0.021351
-0.034928
0.006321
0.004022
-0.010387
-0.026252
-0.004974
0.038305
-0.056892
-0.030523
0.082124
-0.002777
0.036007
0.110419
-0.036120
0.015603
0.096716
0.014997
0.058179
0.092676
0.038179
-0.005813
0.058264
-0.022381
0.047164
-0.038229
0.043905
0.008987
0.005275
0.042469
-0.000180
-0.056984
-0.093111
0.077539
0.040267
0.015587
0.098055
0.012487
0.015439
0.010570
0.022391
0.049584
0.042199
0.051917
0.034722
0.021572
0.034689
0.000668
0.026707
0.015784
0.088597
-0.036189
0.098883
0.078311
0.122355
0.037501
0.047854
0.042225
0.091908
0.059282
0.087357
0.110531
0.030099
0.019907
0.007059
0.066584
0.043940
-0.022084
-0.018168
-0.007811
-0.039467
0.044836
-0.005740
-0.004136
0.029645
-0.056444
-0.031212
0.109571
-0.020819
0.068895
0.042091
-0.108980
-0.038839
-0.032133
-0.045199
0.031298
0.012575
-0.017006
0.078542
0.007905
-0.001285
0.018090
-0.034432
0.014496
-0.005496
0.092685
-0.030424
-0.029816
0.053322
0.043497
0.027514
0.063476
0.011358
-0.021824
0.124652
0.076308
0.052982
0.099166
0.052283
-0.003610
0.100545
0.054629
-0.043394
-0.066090
0.082136
0.030656
-0.014902
-0.044722
-0.002424
0.050892
0.070325
0.102136
-0.011385
0.020787
0.098240
0.086536
0.029054
0.025603
0.067677
0.022793
-0.060842
-0.048923
0.030060
0.039433
-0.022940
0.060529
0.025875
0.003838
0.000436
-0.026821
-0.068784
-0.026167
-0.038834
0.064226
0.048681
0.026505
0.089216
0.040918
0.119221
0.000225
0.076400
0.038622
-0.024620
-0.042904
-0.034431
-0.012283
0.094817
-0.010957
0.097423
0.037280
-0.036756
-0.046063
0.068491
0.126945
-0.017913
0.043580
0.013355
-0.018192
-0.070056
0.022075
0.047762
-0.038107
-0.025416
-0.015962
0.038659
0.026784
0.028621
0.007744
0.002721
-0.009529
0.002822
-0.031377
0.107225
0.013261
0.125733
0.130354
0.049553
-0.037740
-0.056804
0.021517
0.026174
0.015886
-0.031277
-0.058535
-0.087542
-0.038960
-0.016534
-0.001106
0.024254
0.201681
0.090661
0.055931
0.030971
-0.053736
-0.059369
0.027446
0.018090
-0.050676
0.129092
0.094017
-0.009379
0.011470
0.103826
0.022339
0.022237
-0.019164
0.017089
-0.061675
0.071355
0.004054
-0.020668
0.021742
0.050214
-0.001551
0.070849
0.087579
-0.071520
0.105962
0.045419
-0.046050
-0.014261
-0.039752
0.058259
0.083300
0.101548
0.041978
-0.025000
-0.045442
-0.007800
0.067147
0.027747
0.042977
0.061692
-0.004493
0.091116
0.048103
0.007707
0.041607
0.060127
0.010825
0.048256
0.010975
0.065125
0.132603
0.055234
0.027590
0.103649
0.103486
0.089390
0.081980
-0.090869
0.037074
0.040261
0.018550
0.102446
0.051548
-0.007946
0.014623
-0.004114
0.034191
-0.020857
-0.122577
-0.024798
0.060900
0.004707
0.151558
0.083517
-0.020757
0.049897
0.164210
0.006498
-0.055620
-0.022096
0.015090
0.038466
0.015272
0.056083
-0.055565
-0.036216
-0.050606
-0.057930
-0.087200
-0.000066
-0.094771
-0.072507
0.057418
-0.004330
-0.093332
0.107590
0.060914
-0.020318
0.030274
0.009449
-0.048990
0.056322
0.048669
-0.091359
-0.114434
-0.050394
-0.028212
-0.114981
0.118149
-0.004786
-0.048001
0.146006
0.119557
0.120456
0.023959
0.006535
-0.050861
-0.043859
-0.049450
-0.009262
-0.031056
-0.013521
0.073902
0.058781
0.007929
-0.085203
-0.006873
-0.039813
-0.019305
-0.116649
-0.145721
-0.051387
-0.109130
-0.080889
-0.023217
0.011158
0.031599
-0.025754
-0.073649
0.062552
0.008279
-0.033054
-0.039151
0.003388
-0.019353
-0.011820
0.118899
0.024470
0.005883
-0.010496
-0.034416
0.011241
-0.076527
0.047688
-0.064352
-0.087558
-0.023017
-0.025634
-0.058487
-0.078956
-0.061238
-0.113179
-0.039625
-0.002350
-0.080626
-0.122549
-0.011356
0.058039
-0.015072
0.045420
-0.003603
-0.079202
-0.024801
0.023520
-0.066024
-0.097207
0.007464
-0.061418
0.030283
0.030128
0.007128
0.079731
0.006340
-0.014703
0.054394
0.053024
-0.038149
0.041726
0.056735
-0.121303
-0.120205
-0.012858
0.008714
0.031749
0.046609
0.048793
-0.018622
0.004001
0.006775
0.015958
-0.003147
0.015608
-0.019903
0.034163
-0.044893
0.037289
0.026585
0.021083
0.058427
0.055727
0.036131
-0.058117
-0.016289
-0.015999
-0.022525
0.016026
0.001771
0.017541
0.003127
-0.071633
-0.091790
-0.031496
0.047568
0.103972
-0.012121
0.076502
-0.012595
-0.013480
0.061392
0.057289
0.085624
0.063152
0.072809
0.021518
0.028162
0.042709
0.000027
-0.009616
-0.012293
0.043585
0.163671
0.077230
0.057598
-0.049213
0.075105
0.018547
0.021566
-0.031638
-0.069630
-0.091208
-0.081839
-0.005581
-0.015130
0.046818
0.024281
-0.012590
-0.001584
0.027982
-0.038094
0.021529
0.138788
0.064760
-0.046109
0.028469
0.047231
-0.029510
0.020110
0.021265
0.055381
0.059175
-0.010433
0.057702
0.032647
-0.090659
0.016696
0.040412
0.039419
-0.000873
0.042502
-0.006637
-0.037413
0.026796
-0.073942
-0.082360
-0.027881
-0.117408
0.033267
0.021008
0.011129
0.097272
0.041894
0.087188
0.089760
0.041852
-0.023821
0.030196
0.066269
0.113651
0.143727
0.093101
0.036862
0.028660
0.154976
0.003652
-0.034833
0.014625
-0.000831
0.020132
0.017587
0.130609
0.047856
-0.067263
0.007567
0.011689
0.015440
-0.005712
0.136979
0.030360
-0.013288
0.108683
0.032807
-0.009933
-0.044678
0.018686
0.066063
0.050139
-0.102636
-0.069420
-0.035703
-0.072199
-0.042213
0.072154
-0.000262
0.036466
0.015270
0.060245
-0.002659
-0.038024
0.081154
-0.053529
-0.020380
0.008733
-0.098454
-0.107391
-0.070635
-0.044919
0.094507
0.015011
-0.015843
0.073552
0.048560
-0.142272
-0.056019
0.043974
0.009114
0.061214
0.103560
0.003725
-0.037031
0.060704
0.026222
-0.022811
-0.056147
0.008249
-0.079940
-0.034493
-0.019939
-0.075505
0.054913
0.081758
0.070605
0.042855
0.050581
0.063432
-0.110437
-0.093118
-0.032161
-0.021812
0.095112
0.031138
0.117613
0.084573
-0.001478
0.069893
0.009806
0.023888
-0.000535
-0.025406
0.013099
0.023136
0.108722
0.001833
-0.061839
0.031332
-0.029119
-0.064102
-0.085023
0.043752
0.067203
0.019060
0.005968
0.043363
-0.041663
0.010716
0.096064
-0.013037
0.011916
0.039261
-0.009409
-0.075886
-0.018745
0.031326
-0.041482
-0.095611
0.082530
0.127188
0.079985
0.038032
0.106395
-0.020996
0.048858
0.012636
-0.013610
0.003051
-0.048279
-0.041462
0.033782
0.094642
0.137800
0.080542
0.052209
0.075087
0.031171
0.060183
0.077981
0.024992
0.027985
-0.039738
0.014362
0.036199
0.089127
0.013696
-0.001230
0.017615
-0.096101
0.018896
-0.001535
-0.047502
0.005331
0.016053
-0.116415
-0.030975
-0.039185
0.015598
0.059238
-0.017758
0.035127
0.059561
0.094780
0.026707
0.042330
0.020962
-0.088632
-0.061453
0.000665
-0.043747
-0.041001
-0.025594
-0.050466
-0.012485
-0.000957
-0.111815
-0.015913
0.033771
0.013381
0.032926
-0.008908
0.079499
0.052286
0.054776
-0.010941
-0.009208
0.034151
-0.010232
-0.004910
-0.022585
0.124677
0.101501
0.056738
-0.034497
-0.019195
0.019073
-0.040837
0.073793
0.023831
0.014357
0.047642
0.013479
-0.021610
0.047860
0.000438
0.012590
0.022860
-0.021842
0.017940
0.035257
0.031110
0.084691
0.089069
0.097703
0.055382
0.046236
-0.011340
-0.038655
0.012537
-0.025201
-0.062560
-0.068340
-0.026419
-0.052657
-0.042257
-0.016831
0.049341
0.048261
0.103233
0.070023
0.016125
-0.006637
-0.024032
-0.045585
0.032249
-0.041451
0.079871
-0.004296
-0.009367
-0.003001
-0.031695
0.055741
0.062510
0.096836
0.058898
0.004242
0.071366
-0.000534
-0.072927
-0.091859
0.023180
-0.023287
0.069866
-0.032560
0.059123
-0.011221
-0.088857
0.031656
0.048758
0.025446
0.114501
-0.029557
-0.026422
0.034127
0.000273
0.020004
0.029669
0.006922
-0.038857
-0.010243
-0.108744
0.037229
-0.017159
-0.065784
0.011026
0.023221
0.106967
0.122692
0.098283
0.107724
-0.046059
0.062914
0.012901
-0.021985
-0.035475
0.080758
0.023046
-0.026437
0.101983
-0.088814
-0.037885
-0.004357
-0.048857
-0.067557
0.032576
-0.044188
-0.004054
0.127619
0.012201
0.004632
0.037634
0.032813
-0.042897
0.077781
-0.022923
-0.035535
0.023175
-0.040617
0.032856
0.008866
-0.114178
0.043179
0.073620
-0.005829
-0.004137
0.031534
0.061512
-0.045641
-0.101976
-0.001932
0.024883
-0.062422
0.007537
-0.012831
0.032603
-0.050829
-0.032229
-0.076682
-0.079715
-0.027447
0.071700
0.084784
0.031999
0.027104
-0.056422
-0.063102
0.010403
0.034517
-0.021985
0.033853
0.141799
0.017849
0.102739
0.037450
-0.006196
0.100775
0.049295
-0.040368
0.003071
0.028613
0.032380
0.044305
0.044276
0.021833
0.073744
0.124841
0.024408
-0.039197
0.056362
0.005700
-0.036289
0.065880
0.061240
-0.006111
0.035541
-0.097498
0.067765
0.041910
0.098494
0.079230
-0.010165
0.031648
-0.001270
0.016088
0.011290
-0.031797
0.071108
-0.038781
0.045480
-0.020318
0.037170
0.049374
0.042515
-0.005004
-0.028635
0.047611
0.077987
0.057297
0.009657
0.011212
-0.103735
0.004518
0.033566
-0.050992
0.042763
-0.011908
0.006071
0.046695
-0.026888
-0.027089
-0.041533
0.016062
0.030370
-0.000324
0.025659
0.071745
0.039427
0.066785
-0.019144
0.079410
-0.012595
-0.074492
-0.043561
-0.012495
0.022285
-0.072509
-0.140280
-0.041158
0.022349
0.019288
-0.040800
0.026393
0.053623
-0.007787
-0.024176
-0.010363
0.043347
-0.072136
0.022886
-0.021617
0.081858
0.066372
0.010101
0.116358
0.133642
0.145315
0.072145
0.066121
0.146703
-0.006082
0.088924
0.003535
-0.045964
0.040939
-0.028748
0.052961
0.025099
-0.033391
0.019086
-0.082313
-0.036633
-0.023805
-0.047628
0.053883
0.058054
-0.101839
0.038194
-0.030724
-0.096630
0.014075
-0.045279
0.001431
-0.023707
-0.033910
0.044995
0.018297
0.072153
-0.003416
-0.104200
-0.020690
-0.040971
0.019357
0.084747
-0.008730
0.021126
0.136240
0.037154
-0.044387
-0.085055
-0.078156
-0.041896
0.021488
0.178872
0.055972
0.075236
0.000475
-0.024928
-0.001913
-0.041581
0.087737
-0.030664
0.006370
-0.021949
0.042754
-0.029749
-0.089161
0.041750
-0.028124
0.043849
-0.005945
-0.054259
-0.011180
-0.047338
0.032251
0.054467
0.102478
0.060171
0.063250
0.002235
0.014651
-0.027617
0.023247
-0.027280
-0.072155
0.028338
-0.000500
0.017003
-0.031160
0.025345
-0.084372
0.036754
0.021034
0.005760
0.045151
-0.097114
-0.074685
0.014034
-0.007049
0.051723
0.032515
-0.038821
0.090961
-0.005206
0.021094
0.022951
-0.013425
0.103164
-0.048299
0.057543
0.120166
0.006663
0.059379
0.053000
-0.022391
0.132243
0.029380
-0.004283
-0.016665
0.079928
0.057640
0.033697
-0.000658
-0.045805
-0.035346
0.034542
0.002174
-0.115185
-0.075666
0.067250
-0.065442
0.017356
-0.021016
-0.063125
0.011433
-0.056483
0.022988
-0.077644
0.044486
-0.102299
-0.031507
0.076403
0.062017
-0.067949
0.002801
0.039696
0.029796
0.036420
0.071254
0.070459
0.107727
0.070121
0.047372
0.133801
0.093497
0.152020
0.036353
0.072975
0.183352
0.154998
-0.057438
-0.010435
0.089080
-0.020705
-0.024224
-0.029929
-0.054863
-0.016265
0.006975
0.031814
0.076761
0.041203
0.025264
-0.020120
-0.026020
-0.061449
-0.009644
-0.056212
0.042139
0.037710
-0.047273
-0.030701
-0.100078
-0.035878
-0.024395
-0.018619
-0.077043
-0.064569
0.051354
0.013712
0.074979
-0.012936
-0.045519
0.030581
-0.069666
-0.031421
0.046669
-0.086373
-0.005487
0.058778
0.021007
-0.149993
-0.067299
-0.039812
-0.045932
-0.021949
0.063832
0.052286
-0.042465
0.036514
-0.085358
-0.086610
0.034467
0.040582
0.100476
-0.040059
0.026240
0.029612
-0.020536
0.128845
0.103474
0.033366
0.089470
0.013557
-0.050189
-0.024049
-0.027959
0.115316
0.057254
0.154513
0.120015
0.043979
0.026543
-0.004689
-0.056490
0.080430
0.006778
0.060421
0.129719
0.046429
-0.079171
0.009989
-0.023476
0.044714
-0.046156
0.046939
0.093525
-0.002371
0.056295
0.069282
0.016857
-0.016381
0.031719
-0.015888
0.016880
-0.020393
-0.103503
-0.002448
0.037810
-0.031566
0.012362
-0.000814
0.069707
0.044614
-0.131244
-0.001857
-0.082361
0.003284
0.038348
-0.006864
0.064434
-0.049661
0.011751
-0.063400
0.008687
-0.046699
-0.085032
-0.098326
-0.076744
-0.060878
-0.046462
-0.057878
-0.019800
-0.046610
-0.060710
0.068740
0.040716
0.045464
0.120168
0.109128
-0.073869
0.017275
-0.017350
0.093574
0.132260
-0.069854
-0.015262
0.103820
0.099908
0.102378
0.097521
-0.027539
0.065142
-0.020104
0.003493
0.019799
0.075247
-0.014640
-0.033400
-0.018109
-0.028978
-0.061916
-0.020928
-0.001857
0.136760
-0.000747
0.001468
0.040876
-0.000062
0.017499
-0.044547
0.041156
-0.030407
0.017831
0.001552
0.030913
0.017737
0.023663
-0.009176
-0.024413
-0.007659
0.029291
0.030427
0.072262
-0.010895
-0.013910
0.059718
0.065888
0.007289
-0.006471
0.052760
-0.026127
0.001847
-0.002443
-0.115328
0.000482
-0.088441
0.000988
0.010387
-0.078296
-0.036304
-0.031237
-0.101085
-0.012192
0.052862
0.087845
0.057596
0.098863
0.041378
-0.032688
-0.059965
0.076578
0.032743
-0.047797
0.088970
0.028826
0.005623
-0.015766
-0.132217
-0.008322
0.052147
0.006385
0.035281
0.055133
0.031177
-0.018203
0.035606
0.037721
-0.038718
-0.069387
0.096263
0.066326
0.072220
0.054108
0.102853
0.032733
0.030272
0.021248
0.036958
-0.027840
-0.059378
0.032489
0.025758
0.137557
0.059822
0.045475
0.000080
-0.023743
-0.007354
0.043712
0.017922
-0.027945
0.041102
-0.000747
-0.025907
0.040980
0.002997
-0.050485
0.001760
0.027507
0.016883
0.026122
-0.009145
-0.024519
-0.019924
0.067541
0.014713
-0.055523
-0.049545
-0.068194
-0.017576
0.007762
0.079889
0.038551
0.043937
0.010522
-0.023469
0.070628
0.046669
-0.014748
0.044222
0.082642
0.040985
0.099810
-0.023004
0.050561
0.082115
0.050801
-0.004807
-0.028051
-0.037187
-0.015931
-0.100659
-0.046005
0.027173
-0.000678
-0.031514
-0.043343
0.076595
-0.035356
-0.006718
-0.029054
-0.102984
-0.041158
0.056738
0.082975
-0.033227
0.112613
0.010140
0.028017
0.106642
0.036753
-0.039733
0.045005
-0.004006
0.039254
0.062155
-0.053267
0.095931
0.153272
-0.001140
-0.017201
0.048326
0.054424
0.079005
0.013950
-0.008218
0.029576
0.094239
-0.015247
0.062021
0.111112
0.007198
-0.024445
-0.025097
-0.000674
-0.014863
0.011221
0.036439
-0.064759
0.044928
0.070239
0.063121
0.025343
0.034158
-0.085764
-0.011928
-0.092235
-0.046366
-0.032374
0.022243
-0.037982
-0.038927
-0.006609
-0.062696
-0.023280
-0.023975
-0.040011
-0.078742
0.061584
-0.068085
-0.056031
0.091208
-0.049400
0.089479
0.029343
-0.045536
-0.020426
-0.068712
-0.067890
-0.036639
0.021346
0.022611
-0.021141
0.034352
-0.009287
0.088326
0.045559
0.007690
-0.022638
0.060341
-0.043840
-0.084620
-0.062728
-0.117474
-0.029932
-0.009796
0.000705
-0.041031
-0.035622
-0.070942
0.075838
0.062531
0.008656
0.073302
0.115930
0.003706
0.015583
0.060343
0.000281
0.008771
0.081479
0.022302
-0.005163
0.009319
-0.033912
-0.017794
-0.010419
0.014191
0.059748
-0.013522
-0.013067
-0.040293
-0.001322
0.033822
0.037540
0.047091
0.110150
0.034810
-0.147846
0.022534
0.007647
0.061359
0.042698
0.116602
-0.006060
0.060205
0.065696
0.026962
0.010252
-0.018637
0.078338
0.013364
0.015533
0.055197
0.001252
0.019821
0.020356
0.078933
0.011326
-0.075338
0.015655
-0.012854
0.023330
0.052330
0.101777
0.029325
0.015577
0.020104
-0.010421
-0.026524
0.080638
0.024936
0.021328
0.065148
0.062119
0.044786
0.057006
0.066958
0.037181
0.110702
0.025618
0.065590
0.051914
0.009124
-0.019765
-0.017397
0.010522
0.070284
0.042808
0.074757
-0.016224
0.142566
0.002716
0.076541
-0.075167
0.040437
0.044713
-0.005489
0.006936
0.004033
0.125344
0.063297
0.000035
0.046292
0.042946
-0.022094
0.060503
0.141846
0.047939
0.015501
0.120534
0.015917
-0.085127
-0.024994
-0.010662
-0.007961
-0.048094
-0.075418
-0.016612
-0.038231
0.078069
0.056459
-0.072984
-0.063256
-0.012712
-0.067147
-0.054466
0.069278
0.119322
0.058069
0.031289
0.022132
-0.044825
-0.013318
0.073198
0.100317
0.058877
0.033681
-0.118766
-0.011993
0.035534
0.051622
-0.033879
-0.114825
-0.100781
0.014598
0.007948
0.078907
-0.031113
-0.031858
0.008293
0.012735
-0.065694
0.055752
-0.015535
0.010296
0.041915
0.087617
-0.065044
0.003790
-0.011275
-0.033944
-0.029370
0.013686
0.055082
0.012352
0.055645
0.056354
0.029856
0.050029
-0.032213
-0.030894
0.020990
-0.046156
-0.002277
-0.001579
0.002226
0.012811
0.021870
-0.026993
-0.048964
0.010501
-0.021673
-0.035474
-0.040120
-0.102006
-0.075495
0.015365
0.015075
0.003526
0.053354
0.000336
0.008601
0.006428
0.012831
-0.040140
-0.008568
0.014014
-0.014649
-0.027431
0.115073
0.056024
0.061487
0.109791
0.036848
-0.018014
0.068637
0.016238
0.025217
-0.000385
0.035680
-0.107820
0.024508
-0.017780
-0.013355
0.025247
-0.002616
0.015687
0.065334
-0.019173
0.111919
0.056164
0.030956
0.063198
0.078976
0.002955
-0.057645
0.011617
-0.067604
0.031070
0.065903
0.055570
0.079275
-0.003331
0.034962
-0.020612
0.086088
0.009413
-0.004202
0.122484
0.107821
0.015088
-0.001680
0.064509
0.020010
-0.062905
-0.012560
0.025291
0.058437
-0.027015
-0.071081
0.060815
0.110555
0.014265
0.035998
0.093984
0.047247
0.056193
0.003774
0.013261
0.083032
0.025276
-0.041755
-0.108398
0.020049
0.041955
-0.058662
0.069698
-0.096551
-0.026718
0.014046
0.009472
-0.038149
-0.011225
-0.005245
0.006204
0.064506
0.068871
0.110550
-0.000838
-0.053136
0.052280
0.094338
0.094950
0.135670
0.083841
0.053629
-0.052152
-0.037373
0.016370
0.053667
0.014576
0.097195
0.030519
0.116697
-0.016847
0.033118
0.078410
-0.036944
0.055055
0.121079
0.053766
-0.036502
0.034435
-0.035963
-0.003803
0.080818
-0.020045
0.093267
0.026837
-0.048632
0.013292
0.067705
0.004921
-0.017388
-0.031006
-0.129199
-0.035617
-0.003082
-0.056223
0.059129
0.040061
0.061889
0.120265
0.032245
0.013620
-0.002457
0.055499
-0.029070
0.036853
0.100181
-0.043717
0.036993
0.095950
-0.009409
0.071217
0.045337
-0.005794
-0.064202
-0.011034
0.089336
0.004526
0.011589
-0.010790
0.013448
-0.007644
-0.061812
0.044167
0.099820
0.028937
-0.092505
-0.100545
-0.096922
-0.034643
-0.069087
0.021106
0.010751
-0.085771
0.009958
0.107855
-0.030313
0.067599
0.010212
0.013052
-0.002833
0.061833
0.067762
0.014055
0.074419
-0.019781
0.067699
0.015864
0.104412
-0.006292
0.026107
0.050643
0.066605
0.031539
0.034726
0.005067
-0.039559
-0.058122
0.038418
-0.062566
0.053503
0.071105
0.010661
0.043230
0.023019
-0.068994
0.111424
-0.036914
-0.075361
0.042950
-0.062035
0.015648
0.003279
-0.012009
0.014610
-0.006040
-0.005023
0.070180
0.022208
-0.062171
-0.069056
-0.029183
-0.048109
0.004994
-0.009058
-0.023608
0.004545
0.029939
0.053808
0.043283
-0.109672
0.015504
-0.003263
-0.079667
0.023525
-0.005486
-0.018839
0.007658
0.020538
0.048816
0.064795
0.047694
0.043258
0.042000
-0.019048
0.076342
0.051508
0.048328
0.060413
-0.045046
0.023047
0.079732
0.044068
0.124060
0.063072
0.058734
-0.018764
-0.002375
-0.021851
-0.031757
0.056820
0.015789
0.020244
0.084036
0.071741
0.056423
0.032725
-0.007707
0.061716
0.079988
0.044989
0.018294
0.026649
0.036390
0.018451
-0.030552
0.080029
0.005959
0.076533
0.025256
0.033294
-0.001134
0.009111
0.047021
-0.007766
0.063901
0.015147
0.102599
0.128513
0.111047
0.170887
0.040355
0.039947
0.045015
-0.015751
-0.025296
0.037318
0.031611
0.007451
-0.032125
-0.087142
0.025122
-0.068171
0.027728
0.004293
0.134639
0.104158
0.079410
0.072272
-0.010195
-0.011181
0.030080
-0.026926
-0.052417
0.087458
0.173489
0.107932
0.159366
0.037531
-0.070720
-0.041629
-0.029003
0.024451
0.049104
0.046768
0.005999
-0.041201
0.010149
-0.061936
-0.003929
-0.043549
-0.034776
0.011978
0.038502
-0.019744
-0.053888
-0.091167
-0.038943
0.058068
0.035982
0.037906
0.031865
0.014412
-0.015960
-0.017872
0.032986
-0.007293
-0.002879
0.048285
0.018860
0.117537
-0.011504
-0.056878
0.029851
-0.043798
0.050037
0.012461
0.096055
0.212449
0.118931
0.104175
0.065600
0.031381
-0.017378
-0.007520
0.018503
0.045397
0.083118
0.013140
0.033469
0.073688
0.035109
0.073227
0.012341
0.092927
0.011694
-0.018518
0.013196
-0.016468
-0.042092
-0.019649
0.041526
-0.018188
0.056998
0.084313
0.034295
-0.013020
-0.023699
0.002409
0.000169
-0.028599
-0.058706
-0.022260
0.040799
0.042976
0.033845
-0.005773
0.057273
0.051846
-0.028548
0.049016
0.122742
0.090799
0.003927
0.059992
0.118908
0.012274
0.034940
-0.013996
-0.010384
0.101890
0.067170
0.099012
0.149858
0.084565
0.079030
0.163403
0.010617
-0.019607
0.057362
0.008304
0.087819
-0.005487
-0.093736
0.005916
-0.005018
0.054726
0.053551
0.056323
0.089696
0.055376
0.121547
0.137551
-0.003192
0.036073
0.029964
0.030274
-0.096460
-0.014751
-0.017180
-0.004947
0.026254
0.024675
-0.026935
-0.030863
0.020249
0.039666
0.106336
0.112698
0.002660
0.097857
-0.006300
-0.017837
0.091683
-0.040784
0.035467
0.019697
0.080238
0.021202
0.049296
0.059645
-0.056589
-0.008222
-0.038762
0.039710
-0.006846
0.013272
-0.030592
-0.024037
0.041564
0.146925
0.150530
0.115352
-0.008636
0.038472
0.081331
0.129385
0.103859
0.089271
0.100124
0.036592
0.061750
0.035010
-0.066344
0.049272
0.002337
-0.023245
0.020116
0.126569
0.096716
-0.040510
0.052710
-0.036652
0.049484
0.037198
0.034524
0.062344
0.044281
0.049077
0.100278
0.063351
0.084258
0.044949
-0.067189
-0.072825
0.010276
0.088609
0.059467
-0.040109
-0.035296
0.001678
0.078160
-0.023014
0.079089
-0.015179
-0.023807
-0.045787
0.008556
-0.036257
0.045579
-0.060456
0.049232
-0.067320
-0.033823
-0.111175
-0.030349
0.041912
0.059603
-0.000064
0.026871
0.043473
-0.005413
0.047525
0.069818
0.089008
0.096825
-0.028599
0.108782
-0.023253
0.007536
0.110922
-0.082949
-0.050114
-0.018068
-0.042182
0.005366
-0.061390
-0.037005
0.042020
-0.023779
0.073352
-0.032115
0.003291
-0.035055
0.050423
0.016083
0.022920
0.044286
-0.002892
-0.022230
-0.045142
0.037975
0.076362
-0.012481
0.020495
-0.064641
0.076580
0.011776
-0.021371
0.018529
0.013250
0.082100
-0.015448
-0.020164
0.145597
0.013982
-0.001845
0.017979
0.080391
0.009587
0.104125
0.109591
-0.042391
-0.008665
-0.051094
0.083452
-0.011286
0.001450
0.112455
0.115314
0.069998
0.029370
0.084012
0.017180
0.074833
0.034172
-0.089894
0.024164
0.058864
0.023420
0.100750
0.146019
0.026587
0.033319
0.076164
-0.009304
-0.068887
-0.077955
-0.069791
0.005891
-0.007125
0.000072
-0.006993
-0.032706
0.097711
0.008517
-0.023397
0.015669
-0.020262
0.004611
0.048792
0.012266
0.035071
0.014146
-0.021717
0.025677
-0.002071
0.054950
0.003045
0.059514
0.088884
0.056820
0.029054
-0.035249
0.028398
0.059686
-0.023855
-0.008466
0.041539
0.059875
0.063257
0.146691
0.090361
0.097754
-0.025053
0.054343
0.017508
-0.108744
0.038263
0.000509
0.029829
0.005252
-0.000326
0.093567
0.064407
-0.010334
-0.089527
-0.029926
0.048777
-0.031493
-0.043383
0.024671
0.033434
0.016125
0.053589
-0.011388
-0.009080
0.045550
-0.095826
0.008488
-0.028550
-0.068645
0.015248
0.030902
0.071107
0.070469
0.023940
0.058271
-0.013580
-0.030252
0.099866
0.011454
0.023953
0.042803
0.018343
-0.083474
0.000676
-0.072293
-0.102661
-0.083119
0.007045
0.040905
0.088206
0.007349
-0.005009
-0.015671
-0.010813
-0.043256
0.019545
0.084297
0.027964
0.035375
-0.025579
0.089653
0.036575
0.029097
-0.011222
0.024117
0.012767
0.063725
-0.058314
-0.071773
-0.016221
-0.013627
0.054009
-0.000993
-0.015784
-0.013127
-0.002107
0.035809
-0.026318
0.031044
0.071926
0.068568
0.083277
0.114756
0.014578
0.015419
0.063420
0.053214
0.011727
-0.061897
0.009723
0.041549
-0.067491
0.016150
0.019387
-0.043164
-0.094002
-0.005012
0.118687
0.017530
0.078123
0.007780
0.061351
0.057312
-0.022890
0.096137
0.095198
0.042946
0.034498
0.018891
0.069785
0.117327
0.083116
0.087173
0.027307
-0.037373
-0.066830
0.022017
0.008026
-0.000663
0.042152
-0.003884
0.006114
0.017903
0.083592
0.021174
-0.029722
0.027372
0.040730
0.055494
0.070014
0.082174
0.084200
0.018128
0.010940
0.091060
-0.000565
0.047040
0.044727
-0.048646
0.048976
0.001112
-0.012336
-0.037483
-0.035517
0.080026
0.027316
-0.014055
-0.004996
-0.004189
-0.007229
0.003168
0.023673
0.006618
0.037435
0.001463
0.019734
0.083667
0.004071
0.074650
0.102465
0.026355
0.032116
-0.014532
-0.019794
0.032627
0.040933
0.030387
-0.057412
-0.008781
0.012846
-0.025305
0.061622
0.050646
0.042982
0.092069
-0.000941
0.000989
0.019904
0.132190
0.088907
0.003105
0.046683
0.083067
0.052185
0.044589
0.019768
0.046764
0.029458
-0.038204
0.023581
-0.016316
-0.007132
0.122417
0.087124
-0.015592
0.117286
-0.030249
0.022036
-0.012296
0.019241
0.085470
0.048915
-0.026794
-0.006884
0.019387
0.041289
-0.021246
-0.053381
-0.024781
-0.048425
0.033348
0.041688
-0.022642
-0.038582
-0.029235
-0.106580
-0.110086
-0.044751
0.042191
-0.104949
0.033907
-0.051540
0.035183
0.023115
-0.050083
0.006307
-0.001959
-0.021793
0.049308
-0.038504
0.011420
0.063487
0.076089
-0.037555
-0.020671
0.026017
0.081485
0.046149
-0.064768
0.049265
0.039744
0.007199
-0.020558
-0.084891
0.054803
-0.017322
0.012907
0.076888
0.022498
0.008270
0.002352
0.009982
0.020043
0.114645
0.127096
-0.017689
0.051786
0.045280
-0.117463
-0.049970
-0.028994
-0.075062
0.001782
-0.015619
0.070369
-0.023393
0.046339
0.040569
0.045252
-0.026390
-0.075039
-0.081594
-0.042924
-0.050332
0.044718
0.088221
0.036176
0.062244
0.045200
0.066650
-0.068198
-0.066076
0.027885
-0.101995
-0.075423
-0.051657
0.001143
0.010822
-0.003572
0.071849
-0.031874
0.026028
-0.017013
0.050595
0.018072
0.062571
0.048766
-0.025247
-0.045325
0.085173
-0.009781
-0.031732
0.080696
0.053325
0.022278
0.040033
0.009681
0.056318
0.023154
0.018579
0.040356
-0.022077
-0.023539
-0.036577
-0.035383
-0.001886
0.040762
0.020689
-0.055224
-0.075740
-0.069270
-0.030567
-0.002487
0.062151
0.078669
0.032372
0.160807
0.048430
-0.006754
0.021506
0.003146
0.118902
-0.022694
0.062613
0.054167
-0.002213
0.023901
-0.056110
-0.026752
0.067160
0.091668
0.043929
-0.006756
0.049575
0.050400
0.085750
0.105303
0.061444
0.123020
0.014097
-0.015323
0.005029
-0.036605
0.021468
0.038679
0.011265
0.099771
-0.061539
-0.089180
-0.008368
-0.032581
-0.032206
0.092543
-0.004121
-0.059096
0.012530
-0.085380
0.000793
-0.018338
-0.036431
-0.014304
0.036687
0.078120
0.057210
0.029812
0.063546
0.039601
-0.040741
0.006329
0.054985
0.065439
-0.001521
0.044295
0.019690
-0.048696
0.033651
0.037500
0.040055
0.067846
0.042467
-0.071578
-0.020629
0.040315
-0.121650
0.044084
-0.044018
-0.043246
-0.039211
0.091814
0.009807
0.035428
0.056793
-0.039765
-0.122326
0.033987
0.076641
-0.064652
-0.118945
0.064351
0.018670
-0.069309
-0.073543
-0.035496
-0.011105
0.029037
-0.073106
0.044901
-0.010451
-0.020850
0.095003
0.026748
0.104672
0.044380
0.087313
0.050994
0.067595
0.032358
0.003112
0.051763
0.031234
0.010377
-0.039985
0.100538
0.027131
-0.016993
-0.072274
-0.038263
0.045245
0.024886
0.039424
0.050616
-0.024196
-0.013394
0.037067
-0.010439
-0.020340
0.000788
-0.019705
0.078639
0.065184
-0.009592
0.033603
-0.023137
-0.024399
0.116882
-0.067114
0.021343
0.053791
-0.006670
0.074070
0.016236
0.051138
0.053098
0.033679
0.126914
0.098507
-0.041051
-0.013555
-0.025084
0.090929
0.114225
0.010221
0.142259
0.026913
0.093803
0.022955
-0.062680
0.028310
0.008345
-0.052960
-0.001047
0.069066
0.022451
-0.042647
0.056546
0.022040
0.052439
-0.007945
-0.048811
0.062730
0.122652
0.007106
0.017069
0.070000
0.031425
0.013085
-0.024404
0.031562
-0.006243
-0.019236
-0.067575
0.032283
0.096721
0.002987
-0.015147
-0.035837
0.002895
-0.059509
-0.003058
0.019424
-0.039862
-0.029629
0.011981
-0.014507
-0.053328
-0.105842
-0.105922
0.032465
0.110281
0.075223
0.075651
0.014034
0.030866
-0.035796
0.027031
-0.076591
0.059427
0.077755
0.084658
0.036760
-0.026748
-0.048378
-0.001605
0.021559
-0.046142
-0.052956
-0.005071
-0.011622
0.021168
0.011540
0.001990
-0.006525
0.049723
-0.006252
0.058609
0.053286
0.046121
0.069198
-0.004701
0.080674
-0.018225
0.032780
0.020121
0.070828
-0.115209
-0.003430
-0.039678
-0.128806
-0.022089
-0.031689
0.023509
0.108817
0.112419
0.070069
0.115980
0.021092
-0.047882
0.025943
0.035064
-0.051046
-0.020932
-0.039213
0.030748
0.089200
-0.002636
0.013497
-0.061331
-0.027767
0.013177
0.009099
0.000804
0.022632
-0.072481
-0.031493
0.032161
-0.007578
-0.048591
-0.024969
0.017941
0.086572
0.112363
-0.050977
-0.079951
0.003432
0.015925
0.100891
0.038594
0.071691
-0.019488
0.009350
0.034642
0.038946
0.009165
-0.055685
-0.031436
0.002254
0.026859
0.015218
0.019126
-0.009383
-0.045124
-0.025589
0.017616
0.006686
0.030009
-0.035627
0.094885
-0.015609
-0.062722
0.042704
0.029562
0.113792
0.064892
-0.036940
-0.024112
0.031675
-0.034465
-0.070968
-0.018882
0.032202
-0.016740
-0.093133
-0.035762
0.040055
0.042606
-0.066242
0.027192
0.028446
-0.038299
0.047089
0.057095
0.146113
0.074165
0.061745
-0.003149
0.001916
0.026654
0.022084
0.037565
-0.003335
0.119549
0.112153
0.105166
0.112395
0.103668
0.077263
0.040743
0.035383
-0.044377
-0.021183
0.020675
0.040893
0.031996
-0.025422
-0.061856
0.050764
0.018575
-0.064292
0.000533
0.006124
0.000214
-0.045307
0.057255
-0.030451
0.053761
0.021799
0.141178
0.041390
0.074646
0.157136
0.165217
0.094083
0.091756
0.054076
-0.010111
-0.022398
-0.104110
-0.053689
0.077108
-0.015652
0.023882
0.070571
0.029989
0.074964
0.006935
0.069324
0.046042
-0.007019
0.019886
-0.022760
-0.054306
0.023884
0.000200
0.062579
-0.011985
0.029569
0.039236
0.004438
0.085007
0.041143
0.049980
0.047687
0.028397
0.085160
0.019132
0.043987
0.040387
-0.008456
0.064916
0.065897
0.032689
0.077549
0.080660
0.078828
0.094194
0.030740
0.016908
0.051068
-0.062252
0.007984
-0.041936
0.037192
-0.009948
0.072684
-0.004820
0.040544
0.111122
0.011387
0.043134
-0.032147
0.117790
0.081256
-0.014572
0.031439
-0.108395
0.000918
-0.055721
0.033676
-0.102980
-0.028026
0.071415
-0.029105
-0.008913
0.071555
0.059622
0.103256
0.061786
0.026551
-0.020988
0.014859
-0.005289
-0.041349
0.111080
0.096317
0.014795
0.098632
0.021395
0.055226
0.099782
0.107932
0.114749
0.055944
0.025309
-0.023735
0.038662
0.014205
-0.012683
0.115743
0.089517
0.022626
-0.001363
0.028956
0.004252
0.042449
-0.100755
-0.006912
-0.024245
0.028671
0.050874
0.004614
-0.029971
0.038997
-0.037341
0.006446
-0.053318
-0.064660
0.101754
0.044394
0.010798
0.044779
0.138799
0.043896
-0.050471
0.037532
0.016138
-0.105096
-0.054805
0.000323
-0.091499
0.043725
0.074464
0.034854
0.098588
0.075729
0.039552
0.037798
-0.026814
-0.055744
-0.026837
0.058042
-0.007750
0.106093
-0.022112
-0.014214
-0.009404
0.057047
0.015125
-0.013774
0.061318
0.030014
-0.009350
0.032661
-0.087853
0.037559
0.027693
-0.006281
0.024812
-0.036855
0.010935
0.094006
0.035328
0.007338
0.058955
-0.006334
-0.021481
0.028836
0.000016
0.120183
0.052660
0.010276
-0.056340
-0.041840
0.046072
0.000135
0.048618
-0.013481
-0.049123
0.026693
0.038891
0.011872
-0.023894
-0.021912
0.065697
0.048188
-0.028795
0.021375
-0.044278
0.002984
0.011663
0.007781
-0.016540
-0.153832
-0.072851
0.020970
-0.063215
-0.015651
0.062903
0.007611
0.000828
0.011568
-0.047945
0.053903
0.118087
-0.023671
0.011374
0.006557
-0.037927
-0.023563
0.010356
0.023179
0.166894
0.042561
0.053811
0.013326
-0.065886
-0.063602
-0.047750
-0.086197
-0.012049
-0.039044
0.101568
0.019928
-0.041287
-0.104024
-0.044776
-0.051273
-0.010470
-0.009440
-0.031718
-0.086922
-0.040086
-0.064852
-0.056172
-0.047169
-0.006503
0.000002
-0.004216
-0.058304
-0.014720
-0.053949
0.010754
0.055521
0.023482
0.027779
0.003347
-0.000115
-0.026233
-0.026490
0.052303
0.002545
0.049545
0.071952
