3.845322
1.393211
0.845861
0.544474
0.480423
0.605681
0.552859
0.626866
0.525277
0.520287
0.491098
0.558044
0.433350
0.427674
0.374654
0.358845
0.366150
0.390283
0.527539
0.365814
0.434646
0.378110
0.377317
0.288593
0.350309
0.429617
0.402201
0.298224
0.343084
0.234317
0.307107
0.236020
0.224915
0.235878
0.251934
0.314347
0.270173
0.276900
0.224136
0.338699
0.218207
0.232392
0.228306
0.138353
0.257348
0.287710
0.310179
0.237335
0.221933
0.287058
0.238348
0.358694
0.330928
0.210717
0.128432
0.242809
0.235253
0.209491
0.267502
0.221389
0.208707
0.198868
0.239978
0.178618
0.296467
0.173894
0.178208
0.178758
0.132506
0.115907
0.178472
0.289376
0.155156
0.267752
0.137041
0.216887
0.182921
0.078498
0.177811
0.172489
0.194752
0.264534
0.178991
0.162699
0.167271
0.176623
0.177184
0.191546
0.239573
0.195437
0.251174
0.301486
0.303429
0.172857
0.114555
0.028570
0.146226
0.195989
0.196535
0.152870
0.145993
0.141977
0.192171
0.296428
0.285491
0.277278
0.222590
0.249830
0.216293
0.172450
0.168968
0.140226
0.148293
0.175718
0.308383
0.337200
0.194831
0.218006
0.240128
0.289507
0.210977
0.249339
0.174023
0.175692
0.161349
0.236506
0.185142
0.215554
0.198797
0.242719
0.225030
0.239450
0.222176
0.097516
0.169102
0.211400
0.165937
0.097017
0.097157
0.125743
0.115658
0.143452
0.168519
0.078864
0.158649
0.219849
0.202259
0.233219
0.222931
0.306482
0.197580
0.156282
0.160680
0.107431
0.195520
0.204791
0.039695
0.091051
0.184041
0.171390
0.195868
0.291202
0.203811
0.148984
0.196171
0.204718
0.118664
0.093630
0.186419
0.148249
0.208487
0.252703
0.074451
0.186322
0.159879
0.066303
0.211336
0.147013
0.063653
0.117022
0.171583
0.102128
0.212785
0.162160
0.104577
0.057362
0.090756
0.089781
0.159554
0.125046
0.137563
0.132326
0.164109
0.233595
0.049542
0.171109
0.086793
0.090647
0.176861
0.103149
0.121621
0.150443
0.207642
0.063129
0.212348
0.246697
0.245282
0.223944
0.229425
0.164143
0.145482
0.182315
0.269289
0.151220
0.133347
0.241176
0.251965
0.079027
0.195670
0.231075
0.128909
0.147364
0.211690
0.189220
0.123671
0.123272
0.147299
0.074575
0.012704
0.112966
0.208701
0.216073
0.175703
0.150942
-0.013260
0.036203
0.126018
0.085193
0.115070
0.199367
0.109650
0.135899
0.091336
0.143288
0.237176
0.177906
0.150275
0.114934
0.055548
0.060941
0.118808
0.086194
0.124557
0.141035
0.101615
0.175806
0.120199
0.105655
0.095746
0.058202
0.193901
0.176471
0.132466
0.192751
0.197030
0.178543
0.109902
0.052315
0.132425
0.092309
0.103982
0.049379
0.139064
0.133013
0.049366
0.141503
0.108159
0.156107
0.089692
0.185681
0.139537
0.129649
0.094143
0.043808
0.064134
0.198499
0.169827
0.100707
0.044401
0.135323
0.267065
0.111744
0.142724
0.191237
0.156047
0.193715
0.254009
0.220327
0.041255
0.071527
0.081041
0.095901
0.221336
0.150333
0.173767
0.098864
0.177245
0.122692
0.179134
0.305830
0.178993
0.165114
0.098312
0.179727
0.057924
0.077785
0.042701
0.151615
0.139536
0.157952
0.118399
0.079501
0.106252
0.208502
0.137791
0.111338
0.183604
0.098594
0.125343
0.248050
0.182390
0.100308
0.240203
0.113004
0.208433
0.323603
0.132182
0.056597
0.121262
0.122650
0.113083
0.053303
0.107733
0.079109
0.131535
0.098149
0.024334
0.162194
0.125285
0.141694
0.235814
0.145723
0.118283
0.105230
0.094384
0.143013
0.157785
0.041771
0.179976
0.128881
0.059281
0.138260
0.053037
0.023697
0.042403
0.153337
0.193077
0.227429
0.089546
0.110033
0.155574
0.198545
0.094157
0.125329
0.005798
0.147332
0.100582
0.191487
0.203074
0.070173
0.020898
0.203474
0.089801
0.132257
0.159528
0.173121
0.082160
0.125511
0.110397
0.100865
0.073720
0.123292
0.215977
0.224587
0.072773
0.031557
0.194330
0.196608
0.147006
0.152032
0.138136
0.216384
0.184976
0.138670
0.109255
0.194591
0.125245
0.137300
0.173599
0.050979
0.177333
0.159819
0.011730
-0.005719
0.012207
0.106435
0.077896
0.125180
0.145532
0.147331
0.160578
0.196055
0.082064
0.099067
0.068784
0.099327
0.043129
0.108614
0.062422
0.066568
0.036721
-0.013510
0.004892
0.000114
-0.009150
-0.007455
0.052485
0.087547
0.047334
0.072214
0.044449
0.108612
0.171037
0.175101
0.105806
0.161056
0.156704
0.138207
0.326664
0.188153
0.173828
0.149873
0.233125
0.179935
0.188936
0.143698
0.138865
0.126720
0.152079
0.182228
0.145349
0.196740
0.250674
0.215035
0.242399
0.224926
0.155512
0.080566
0.088036
0.178575
0.166076
0.167798
0.168517
0.193184
0.102952
0.115897
0.071760
0.008893
0.124481
0.147946
0.159041
0.106121
0.107503
0.098311
0.078501
0.132794
0.169328
0.201340
0.108431
0.093353
0.024923
0.080911
0.089020
0.081990
0.055077
0.090750
0.191658
0.081623
0.025212
0.091539
0.202618
0.146854
0.125890
0.111403
0.115497
0.139748
0.189177
0.128119
0.225477
0.207889
0.118215
0.120449
0.051176
0.073688
0.053227
0.061086
0.041015
0.146714
0.137904
0.172467
0.176800
0.118524
0.000307
0.088060
0.077320
0.038852
0.148083
0.094155
0.062935
0.177229
0.145236
0.090507
0.135303
0.200907
0.091947
0.156785
0.174248
0.025367
0.089606
0.085743
0.127633
0.120405
0.072221
0.113732
0.096676
0.116449
0.141701
0.124530
0.088517
0.178938
0.131883
0.104413
0.196736
0.138801
0.185963
0.147423
0.103959
0.078639
0.030943
0.149685
0.214463
0.097752
0.103042
0.223190
0.300549
0.254567
0.239601
0.216376
0.188838
0.233777
0.110792
0.095808
0.103913
0.093630
0.147209
0.181764
0.165542
0.117239
0.068333
0.101096
0.045312
0.205766
0.240296
0.151158
0.082255
0.221172
0.086867
0.120544
0.072045
-0.053299
0.138675
0.085970
0.037898
0.068168
0.158972
0.134538
0.174579
0.124051
0.093402
0.060767
0.089840
0.139150
0.129762
0.025398
0.082236
0.113026
0.168066
0.054312
0.170257
0.085935
0.065934
0.126127
0.092246
0.148750
0.152118
0.054110
0.112723
0.064147
0.093898
0.072172
0.003816
0.003228
0.098911
0.207599
0.101093
0.113679
0.091433
0.053782
0.143525
0.034472
-0.004134
0.125197
0.119418
0.108250
0.186529
0.160487
0.093708
0.204815
0.119037
0.250399
0.216541
0.172706
0.175685
0.066508
0.090862
0.125304
0.036874
0.094167
0.115368
0.115911
0.194136
0.167942
0.119073
0.152071
0.243548
0.126392
0.037650
0.144260
0.110057
0.128395
0.036195
0.104894
0.136864
0.190759
0.134456
0.231508
0.208803
0.121078
0.139274
0.019338
0.041191
0.069026
0.112447
0.106320
-0.007646
0.187904
0.157314
0.203857
0.148330
0.081242
0.126679
0.194098
0.105890
0.021557
0.189408
0.134421
0.169577
0.262840
0.162306
0.280847
0.185318
0.148475
0.127090
0.070609
0.194898
0.129505
0.048100
0.014774
0.138741
0.170857
0.187936
0.193460
0.224373
0.259362
0.260223
0.160055
0.120231
0.072403
0.054078
-0.019877
0.092123
0.064377
0.107699
0.100935
0.113503
0.084884
0.134796
0.104457
0.104191
0.034862
0.035321
0.112332
0.009542
0.068486
0.250383
0.158792
0.199412
0.171627
0.179821
0.120793
0.095847
0.131012
0.160916
0.086986
0.123397
0.157164
0.043289
0.044638
0.148322
0.094167
0.161720
0.166190
0.155224
0.144937
0.227678
0.057677
0.135638
0.152202
0.086871
0.133396
0.124197
0.191656
0.105881
0.168692
0.069311
0.133205
0.071989
0.135496
0.215457
0.083535
0.022287
0.006278
0.157567
0.052003
0.102753
0.153843
0.139481
0.101237
0.078024
0.092007
0.151049
0.115121
0.143439
0.095789
0.119509
0.214456
0.192209
0.028060
0.077765
0.066809
0.199119
0.170755
0.117287
0.063692
0.018380
0.076269
0.101502
0.092721
0.114754
0.083881
0.099473
-0.039560
0.126220
0.135537
0.163197
0.142852
0.049177
0.131003
0.189626
0.151556
0.137651
0.089637
0.127169
0.157110
0.065068
0.114160
0.133533
0.130873
0.018601
0.147259
0.129029
0.168439
0.183319
0.019761
0.077922
0.009368
0.110447
0.038347
-0.033755
0.034082
0.073734
0.039214
0.083503
-0.000387
0.120952
0.140799
0.034049
0.105417
0.067739
0.079340
0.030144
0.111292
0.093294
0.064870
0.140340
0.132577
0.045502
0.170924
0.220848
0.118787
0.172979
0.118233
0.102934
0.151037
0.159586
0.123640
0.146851
0.096450
0.204264
0.107982
0.210060
0.182583
0.077791
0.146860
0.159123
0.222220
0.056343
0.112886
0.002685
0.164754
0.096855
0.154716
0.087760
0.090235
0.169890
0.132911
0.047091
0.036126
0.146003
0.083215
0.137272
0.216505
0.126672
0.152890
0.146898
0.087616
0.037555
0.064595
0.039598
0.117485
0.124741
0.070246
0.065235
0.088558
0.151205
0.214373
0.181596
0.196444
0.165000
0.199807
0.119520
0.107078
0.157290
0.078033
0.157070
0.136840
0.000634
0.075176
0.105577
0.085328
0.082440
0.026000
0.166965
0.034851
0.044118
0.217751
0.066530
0.140255
0.113743
0.186322
0.047788
0.101879
0.097881
0.158657
0.123292
0.002050
-0.026771
0.147271
0.161515
0.120241
0.218786
0.226909
0.256633
0.176782
0.149255
0.064807
0.062253
0.078814
0.177748
0.108866
0.174746
0.131496
0.240711
0.205106
0.208926
0.182183
0.224877
0.145447
0.106767
0.145280
0.040718
0.096277
0.114659
0.130338
0.139386
0.168495
0.187963
0.190310
0.246213
0.149912
0.142008
0.158551
0.059149
0.190766
0.164672
0.087447
0.077172
0.097003
0.160410
0.133598
0.133594
0.065851
0.124675
0.105400
0.040137
0.149094
0.145324
0.224893
0.185364
0.163914
0.101546
0.038419
0.140085
0.180008
0.128621
0.139045
0.079494
0.138200
0.225444
0.164992
0.149126
0.128186
0.087732
0.200786
0.066083
0.056647
0.094603
0.122888
0.106374
0.130470
0.223205
0.154821
0.150570
0.190424
0.264525
0.161241
0.128537
0.115938
0.082799
0.218645
0.036413
0.206840
0.130811
0.195680
0.164235
0.138824
0.046697
0.193382
0.168974
0.172147
0.092534
0.168280
0.162231
0.113759
0.164963
0.058953
0.137096
0.137037
0.059757
0.128800
0.123623
0.100782
0.181890
0.081744
0.018569
0.037643
0.057858
0.118073
0.134268
0.084253
0.062454
0.038726
0.124294
0.007613
0.037243
0.023618
0.021160
0.080847
0.110024
0.155714
0.240826
0.233360
0.191228
0.165696
0.144928
0.087557
0.121440
0.002711
0.121886
0.170208
0.127083
0.016827
0.097788
0.107939
0.061703
0.086322
0.140190
0.089672
0.125184
0.125348
0.087030
0.082579
0.021457
0.113489
0.150226
0.116802
0.094937
0.187065
0.197445
0.156072
0.253448
0.168742
0.128158
0.138566
0.113580
0.149413
0.194837
0.203514
0.077547
0.136874
0.094936
0.137434
0.166205
0.115416
0.104637
0.117363
0.232549
0.134884
0.114492
0.041939
0.060552
0.049848
0.128506
0.161665
0.175973
0.133298
0.120564
0.034719
0.010362
0.046438
0.096775
0.001836
0.064186
0.122254
0.095829
0.132984
0.139663
0.112135
0.076140
0.116622
0.092915
0.027970
0.169758
0.174414
0.049101
0.177629
0.095054
0.094166
0.105684
0.138043
0.011331
0.080508
0.208819
0.205750
0.240734
0.174389
0.169537
0.143513
0.126208
0.142476
0.133104
0.087954
0.061160
-0.014551
0.060779
0.107890
0.070786
0.125407
0.058236
0.140628
0.187109
0.032348
0.078425
0.078349
0.036534
0.155728
0.078444
0.240125
0.072143
0.081648
0.151724
0.216229
0.191561
0.050602
0.054346
0.149277
0.147965
0.047481
0.062561
0.020880
0.165637
0.108778
0.064946
0.059443
0.056874
0.091753
0.115854
0.096807
0.127527
0.061315
0.159840
0.115953
0.157872
0.028207
0.178549
0.144604
0.091466
0.132673
0.116151
0.103925
0.007790
0.146816
0.060111
0.029772
0.093383
0.115025
0.105558
0.033719
0.026512
-0.060978
0.048517
0.114857
0.045062
0.094127
0.118105
0.166812
0.173925
0.100217
0.111223
0.137043
0.068401
-0.027751
0.075236
0.086168
0.095129
0.142645
0.075276
0.094920
0.093340
0.089877
0.014953
0.185634
0.040985
0.076323
0.183905
0.178811
0.066428
0.087155
0.070393
0.047961
-0.002731
0.079948
0.132055
0.102721
0.080277
0.070745
0.059412
0.118050
0.031163
0.041882
0.154776
0.087658
0.072519
0.152702
0.163750
0.077397
0.091573
0.126504
0.140310
0.129709
0.011405
0.128211
0.114760
0.015545
0.023499
0.055790
0.090475
0.051988
0.115162
0.066361
0.041792
0.135730
0.013061
0.132011
0.092754
0.049859
0.136620
0.148862
0.162925
0.071027
0.199954
0.163931
0.125012
0.227739
0.114386
0.113965
0.179390
0.007024
0.031476
0.174961
0.116187
0.118180
0.083910
0.187095
0.146757
0.111733
0.034973
0.047098
0.131421
0.116772
0.101807
0.100129
0.144335
0.131723
0.174611
0.173090
0.178819
0.102988
0.081360
0.177107
0.108849
0.015333
0.031690
0.080171
0.081403
-0.014642
-0.030002
0.036743
0.073539
0.144616
0.141816
0.139591
0.071027
0.047194
0.007700
-0.002662
0.048577
0.039542
0.182946
0.087695
0.119036
0.142452
0.060105
0.088689
-0.024308
-0.037059
0.054151
0.099254
0.073939
0.117138
0.125736
0.050198
0.111224
0.172243
0.126278
0.130310
0.076982
0.068918
0.099386
0.158574
0.134492
0.113452
0.171197
0.188543
0.082697
0.142922
0.037440
0.055176
0.161592
0.029159
0.057660
0.122975
0.041121
-0.003016
0.059373
0.158263
0.221745
0.212120
0.179294
0.188013
0.145104
0.132116
0.149866
0.222084
0.129605
0.217314
0.138683
0.155903
0.115743
0.101557
0.120912
0.071617
0.044779
0.085526
0.063495
0.144498
0.120254
0.044890
0.138665
0.027902
0.081931
0.130297
0.049095
0.079041
0.010887
0.078638
0.127636
0.117579
0.065583
0.123848
0.142637
0.146017
0.156559
0.232751
0.202587
0.217801
0.119485
0.176362
0.107828
0.108597
0.182049
0.197068
0.160722
0.260986
0.095361
0.093667
0.143942
0.122627
0.079280
0.154669
0.154922
0.033582
0.089340
0.044500
0.046526
0.162866
0.244416
0.155118
0.203337
0.056920
0.179502
0.072552
0.044450
0.008586
0.126991
0.168149
0.124132
0.105421
0.086758
0.056867
0.112018
0.081376
0.081324
0.034111
0.124287
0.103743
0.025133
0.143686
0.124333
0.032329
0.098836
0.091154
0.089038
0.107691
0.104589
0.093524
0.131870
0.117179
0.080392
0.093695
0.162346
0.160278
0.068201
0.135077
0.140460
0.112570
0.104701
0.194562
0.202346
0.010580
0.131843
0.168708
0.159164
0.147094
0.140333
0.185975
0.132392
0.096621
0.072616
0.073699
0.106688
0.129850
0.177398
0.118259
0.034989
0.146196
0.087072
0.017137
0.034646
0.035499
0.038882
0.044758
0.075808
0.105839
-0.001088
0.113175
0.152954
0.079062
0.172280
0.183527
0.113087
0.096646
0.037360
0.147418
0.204573
0.111090
0.112226
0.142538
0.157099
0.130915
0.078953
0.183737
0.105829
0.058037
0.070390
-0.058444
0.064058
0.105235
0.096800
0.151980
0.051645
0.104917
0.148117
0.100499
0.113534
0.177604
0.130082
0.084556
0.109538
0.086400
0.032104
0.074485
0.142273
0.120857
0.115470
0.115536
0.172667
0.042020
0.057421
0.119651
0.042304
0.047776
-0.017133
0.143286
0.024984
-0.114801
0.082997
0.102449
0.126304
0.089759
0.142928
0.184208
0.097505
0.107131
0.191756
0.188503
0.155721
0.116668
0.134317
0.127513
0.063735
0.100645
0.090119
0.151797
0.167075
0.050781
0.039436
0.152567
0.069026
0.033650
0.106441
0.052392
0.005791
0.090567
-0.002345
0.103059
0.033211
0.085553
0.035772
0.097567
0.026139
0.080795
0.067276
0.053311
0.042753
0.181644
0.088898
0.058743
0.086353
0.137420
0.090578
0.117726
0.261324
0.197814
0.150177
0.106936
-0.011351
0.133822
0.040041
0.177781
0.166701
0.045810
0.107437
0.169451
0.177880
0.183503
0.139964
0.111556
0.096007
0.089130
0.052335
0.070026
0.010898
0.048838
0.082270
0.140345
0.076033
0.106152
0.055575
0.153569
0.148204
0.124267
0.110847
0.092608
0.093639
0.150648
0.105191
0.119365
0.091811
-0.002584
0.010796
0.202494
0.100096
0.176703
0.214008
0.124779
0.100962
0.169014
0.131900
0.058455
0.032034
0.073435
0.048015
0.108049
0.106517
0.167446
0.102194
0.097523
0.095427
0.056322
0.088708
0.048443
0.010937
0.073729
0.128654
0.105800
0.114477
0.028643
0.147891
0.202052
0.081675
0.028842
0.161075
0.101523
0.046515
0.022933
0.014343
0.041954
0.161389
0.006678
0.128509
0.062391
0.043240
0.067764
0.105941
0.151893
0.180200
0.256651
0.128295
0.099807
0.156746
0.096908
0.013624
0.030742
0.073576
0.065590
0.094795
0.140697
0.125591
0.163352
0.069244
0.192868
0.069662
0.203384
0.167115
0.186091
0.091352
0.045032
0.128716
0.140845
0.172398
0.190182
0.034241
0.074317
0.088771
0.064550
0.039319
-0.050233
0.022902
0.178137
0.052918
0.105930
0.066041
0.165237
0.180027
0.077851
0.074335
0.064208
0.218082
0.186236
0.165772
0.112941
0.134441
0.136405
0.133500
0.107405
0.087994
0.085166
0.076447
0.128198
0.120961
0.048798
0.028190
0.232010
0.061107
0.022011
0.132546
0.076233
0.116240
0.183305
0.141917
0.092593
0.123687
0.020921
0.114623
0.109257
0.086398
0.084067
0.089779
0.056690
0.015365
0.117327
0.183895
0.110206
0.090642
0.070356
0.176980
0.094752
0.070135
0.081673
0.078944
-0.032731
0.103892
0.192601
0.029279
0.065816
0.192089
0.096012
0.131606
0.033794
0.086049
-0.037250
0.054195
0.095326
0.092579
0.217611
0.066265
0.070723
0.102958
-0.010325
0.105493
0.016395
0.062745
0.054221
0.119380
0.153841
0.114313
0.098589
0.069022
0.069149
0.177313
0.112856
0.054709
0.149273
0.064797
0.142772
0.129652
0.047266
0.173176
0.053323
0.082159
0.120196
0.048819
0.085319
0.122536
0.075512
0.160554
0.171910
0.112367
0.196038
0.009423
-0.003223
0.073168
0.120471
0.124955
0.099315
0.115013
0.174918
0.127107
0.131657
0.125142
0.063373
0.110568
0.078259
-0.057209
0.078421
0.126332
0.224875
0.192531
0.088782
0.132564
0.215251
0.173153
0.119774
0.272117
0.168179
0.103631
0.053623
0.131628
0.082311
0.101453
0.071727
0.102703
0.083130
0.179584
0.050938
0.131145
0.167367
0.103193
0.128592
0.122594
0.086141
0.142086
0.074510
0.015824
0.068469
0.049112
0.115361
0.117281
0.222528
0.086834
0.096382
0.133314
0.059524
0.078362
0.153076
0.096432
0.072205
0.164946
0.146783
0.060972
-0.027317
0.130466
0.062163
0.174451
0.119791
0.121192
0.059195
0.073063
0.091599
0.087769
0.116961
0.177632
0.057317
0.143475
0.187619
0.068802
0.141454
0.048134
0.051385
0.083566
0.066193
0.079326
-0.062674
0.088106
0.077764
0.100936
0.166336
0.275850
0.129253
0.189058
0.207317
0.053050
0.147819
0.216702
0.128024
0.014131
0.088814
0.098007
0.053805
0.094134
0.078549
0.069688
0.151700
0.050089
0.008266
0.110252
0.149403
0.144617
0.186847
0.088403
0.116515
0.256366
0.177505
0.180672
0.178579
0.116678
0.109962
0.101786
0.079310
0.037399
0.060251
0.095517
0.122540
0.150711
0.134826
0.225756
0.017383
0.135725
0.134610
0.219356
0.199969
0.104155
0.093596
0.096235
0.139542
0.125029
0.062661
0.053680
0.060178
0.138440
0.161784
0.096957
0.132225
0.061857
0.137363
0.127194
0.031706
-0.011047
0.034396
0.097795
0.186207
0.130694
0.020344
0.077683
0.049957
0.112752
0.125816
0.109558
0.050051
0.153757
0.069715
0.171599
0.011011
0.175229
0.087790
0.112176
0.102182
0.107411
0.259882
0.264263
0.108057
0.027626
0.095469
0.160942
0.068493
-0.004717
0.061265
0.041938
0.114201
0.034671
0.116409
0.057018
0.132893
0.140789
0.064098
0.122828
0.244503
0.076832
0.108682
0.143244
0.154926
0.130869
0.136120
0.199413
0.121798
0.024734
-0.062709
0.043754
0.062242
0.014163
0.004265
0.045054
0.062472
-0.030902
0.000810
0.118792
0.061716
0.160625
0.163344
0.106959
0.124134
0.179065
0.314510
0.137231
0.150176
0.086514
0.082922
0.060489
0.267979
0.090486
0.082877
0.131125
0.135449
0.204839
0.181337
0.166594
0.203277
0.207563
0.056124
0.115759
0.138118
0.058537
0.122084
0.128764
0.166137
0.098965
0.112766
0.209807
0.112060
0.162631
0.166467
0.198290
0.116676
0.135525
0.127034
0.003059
0.048887
0.006837
0.096928
0.139318
0.123726
0.051188
0.097994
0.113811
0.181979
0.134402
0.129788
0.180999
0.124663
0.011341
0.078360
0.048673
0.118886
0.034911
0.091944
0.029666
0.097056
0.080492
0.070266
0.116933
0.089481
0.137397
0.051897
0.061288
0.076962
0.115289
0.141629
0.096295
0.147913
0.139609
0.148333
0.171249
0.163507
0.223019
0.166927
0.189653
0.209553
0.149736
0.098451
0.124353
0.086910
0.058098
0.129698
0.171036
0.061929
0.113326
0.061301
0.163689
0.108048
0.107214
0.145008
0.112174
0.314417
0.214482
0.143419
0.156797
0.194595
0.144250
0.104883
0.101709
0.093918
0.110076
0.155326
0.137455
0.184242
0.160954
0.126958
0.066282
0.090073
0.126200
0.130083
0.131773
0.121183
0.153477
0.171997
0.166010
0.079561
0.056527
0.112726
0.194166
0.129459
0.171345
0.150894
0.086415
0.176987
0.097939
0.139140
0.175512
0.087377
0.138902
0.186093
0.138814
0.200288
0.095799
0.072829
0.143506
0.155114
0.108678
0.137983
0.066503
0.037211
0.116174
0.073492
0.133419
0.128123
0.149781
0.097262
0.146557
0.074837
0.136947
0.063550
0.100948
0.050078
0.121373
0.049170
0.119894
0.082544
0.098861
0.078356
0.200359
0.064489
0.143680
0.126613
0.124761
0.124927
0.183357
0.160439
0.087163
0.146515
0.068981
0.113732
0.067421
0.048578
0.005200
-0.003091
0.143376
0.083118
0.049121
0.004208
0.110959
0.100905
0.059989
0.108329
0.177696
0.125074
0.205194
0.170738
0.224876
0.129540
0.132871
0.147559
0.171992
0.173886
-0.016096
0.030062
0.145042
0.167740
0.140521
0.146266
0.115560
0.160908
0.082997
0.178347
0.200847
0.137894
0.158297
0.142451
0.241405
0.158278
0.222237
0.048534
0.198743
0.091379
-0.020780
-0.031352
0.091064
0.149695
0.174801
0.126478
0.005915
0.138364
0.177593
0.119590
0.066671
0.102904
0.214147
0.131565
0.127533
0.129236
0.101348
0.115575
0.068717
0.145307
0.081862
0.037944
0.077948
0.205593
0.175029
0.086191
0.061975
-0.023798
0.140773
0.284405
0.189340
0.129465
0.065699
0.148043
0.105108
0.016924
0.087431
-0.003758
0.221067
0.143967
0.174817
0.179495
0.133059
0.092096
0.197609
0.103821
0.124082
0.203564
0.133024
0.080269
0.151648
0.086343
0.066217
0.092248
0.204858
0.163291
0.070886
0.193697
0.151459
0.120278
0.101785
0.093146
0.245583
0.135106
0.120968
0.118242
-0.021424
0.114543
0.125155
0.180123
0.096662
0.000632
0.060674
0.105972
0.189510
0.048976
0.028014
0.096254
0.101208
0.153323
0.193098
0.184996
0.194807
0.041775
0.002629
0.130535
0.093922
0.088081
0.094492
0.124499
0.155361
0.028630
0.086263
0.045469
0.173852
0.107240
0.121686
0.114298
0.051472
0.131018
0.188913
0.048885
0.091818
0.131502
0.109662
0.149178
0.162317
0.170582
0.127812
0.106522
0.128278
0.175260
0.115727
0.180766
0.162064
0.079084
0.034717
0.047921
0.085006
0.088331
0.095631
0.109291
0.109435
0.190523
0.070496
0.111572
0.133498
0.049599
0.129906
0.079605
0.085997
0.035236
0.092473
0.117518
0.121746
0.116342
0.090164
0.108288
0.093547
0.061249
0.070521
0.072115
-0.000762
0.168347
0.184196
0.137926
0.162741
0.157129
0.115853
0.079148
0.062820
0.090288
0.000925
0.100338
0.101376
0.172437
0.208245
0.111018
0.092532
0.127719
0.148727
0.156261
0.200846
0.147595
0.170886
0.116434
0.109598
0.049957
0.063561
0.189267
0.143300
0.136704
0.241596
0.133701
0.128701
0.206980
0.156551
0.126814
0.178063
0.131621
0.089607
0.166310
0.100458
0.126493
0.154107
0.066874
0.060818
0.042311
0.129118
0.078874
0.069031
0.091157
0.030369
0.118326
0.050620
0.111964
0.146205
0.077368
0.011495
0.053493
-0.004930
0.074988
0.053716
0.017614
0.040832
0.050155
0.026355
0.026562
0.025042
0.121358
0.131867
0.034586
0.030687
0.119119
0.181106
0.127205
0.173660
0.114491
0.089085
0.064725
0.072763
0.106935
0.150239
0.056795
0.050713
0.072029
0.016955
0.164418
0.099570
0.112487
0.093620
0.056747
0.133078
0.124329
0.136318
0.059205
0.072053
0.078691
0.084563
0.182734
0.212924
0.156883
0.081959
0.231836
0.146957
0.087786
0.133469
0.181112
0.081578
0.166233
0.102088
0.060226
0.071064
0.151647
0.175445
0.289472
0.122745
0.013561
0.079427
0.131495
0.190316
0.156821
0.178974
0.144798
0.150499
0.095900
0.045541
0.067518
0.033444
0.084903
0.133705
0.108434
0.043225
0.013946
0.106516
0.051095
0.130491
0.121633
0.250965
0.237838
0.186629
0.122624
0.067348
0.058169
0.051476
0.140883
0.261846
0.244876
0.104187
0.042164
0.026477
-0.022426
0.092350
0.083703
0.071379
0.131846
0.130046
0.075316
0.250243
0.140957
0.180738
0.066105
0.046248
0.094919
0.072593
0.159376
0.160758
0.136637
0.100909
0.058239
0.152668
0.172077
0.162813
0.079511
0.019673
0.101829
0.118491
0.066220
0.095461
0.000540
0.081114
0.123269
0.266455
0.175617
0.068507
0.051682
0.171352
0.101657
0.040539
0.123673
0.119580
0.074938
0.157363
0.142165
0.123797
0.107254
0.082455
0.030140
0.065087
0.196663
0.052074
0.031905
0.096225
0.092918
0.055145
0.174130
0.222680
0.164279
0.123374
0.184757
0.190062
0.065486
0.112472
0.138011
0.136195
0.098786
0.119318
0.077720
0.165239
0.153224
0.072420
0.151508
0.112492
0.110479
0.157277
0.054293
0.215189
0.239772
0.154906
0.191770
0.149495
0.128129
0.108529
0.116597
0.143278
0.014194
0.163779
0.172511
0.081300
0.125747
0.167225
0.245272
0.219414
0.111029
0.047231
-0.020397
-0.061489
-0.059455
0.011767
0.097796
0.133055
0.151068
0.232303
0.131663
0.208322
0.185613
0.215402
0.207570
0.154484
0.086662
-0.012787
0.041161
0.041708
0.278006
0.210192
0.140391
0.138719
0.082967
0.033287
0.104511
0.040522
0.046544
0.184878
0.207548
0.114230
0.162090
0.055940
0.014271
0.156139
0.114291
0.068925
0.121498
0.039089
0.079382
0.169748
0.074422
0.150077
0.029278
0.065519
0.112652
0.140078
-0.017291
0.058086
0.117482
0.133105
0.135430
0.180294
0.107759
0.113122
0.029100
0.119911
0.088010
0.135926
0.184310
0.126336
0.173142
0.199717
0.038725
-0.003278
0.017195
0.119586
0.081846
0.187796
0.247264
0.262346
0.197952
0.125055
0.123676
0.157185
0.134157
0.136535
0.087970
0.119037
0.223029
0.176858
0.071256
0.074949
0.134131
0.076308
0.068910
0.136775
0.120362
0.246964
0.188502
0.061747
0.142605
0.160303
0.170124
0.088458
0.108198
0.086875
0.091674
0.000220
0.031649
0.187086
0.142213
0.105709
0.096625
0.122682
0.188437
0.223728
0.122304
0.173222
0.074012
0.214164
0.244079
0.141391
0.100395
0.149267
0.132307
0.165252
0.146950
0.192884
0.107614
0.155941
0.134621
0.064826
0.129766
0.136107
0.191773
0.160441
0.090812
0.133386
0.183849
0.057451
0.184948
0.119202
0.016032
0.118734
0.183990
0.035304
0.113627
0.148061
0.112037
0.119093
0.096465
0.187643
0.133415
0.065245
0.098432
0.154147
0.096620
0.116774
0.125113
0.063983
0.202203
0.206915
0.210435
0.190071
0.068230
0.075538
0.108139
0.084023
0.131252
0.165661
0.191571
0.036745
0.090073
0.182721
0.019458
-0.014237
0.074818
0.146142
0.067227
0.019120
0.088049
0.042180
0.051176
0.108369
0.093322
0.162363
0.273125
0.167270
0.091149
0.169732
0.186930
0.075406
0.165937
0.124039
-0.023932
0.024620
0.014918
0.137297
0.107350
0.080358
0.118903
0.144358
0.184870
0.181889
0.158933
0.154079
0.060818
0.110039
0.172833
0.049038
0.017343
0.080623
0.091772
0.007254
0.091934
0.179943
0.267600
0.108671
0.109458
0.133460
0.080961
0.030626
0.102570
0.126623
0.095052
0.157019
0.199510
0.179735
0.101552
0.094890
0.052085
0.065492
0.087545
0.033611
0.192279
0.195908
0.185830
0.203964
0.000800
0.059114
0.135131
0.077564
0.100843
0.080530
0.154051
0.110252
0.077646
-0.000428
0.026438
0.059177
0.088588
0.075680
0.063702
0.159703
0.167766
0.102716
0.147624
0.004825
0.085010
0.188428
0.169491
0.133822
0.024487
-0.024611
0.010691
0.088021
-0.032175
0.175503
0.173301
0.046588
0.111270
0.003362
0.079902
0.073028
0.212555
0.197244
0.037486
0.033169
0.094210
0.016047
-0.011636
0.019628
0.030302
-0.039840
0.081465
0.174441
0.142646
0.121845
0.137484
0.030441
0.099580
0.045574
0.022432
0.034761
0.073269
0.008226
0.032183
0.042862
0.051971
0.092353
0.091766
0.126836
0.049171
0.013948
0.145659
-0.020372
0.055624
0.025523
0.156215
0.102079
0.138207
0.177903
0.134045
0.155272
0.088890
0.004330
0.095263
0.188461
0.062300
0.107388
0.125919
0.095797
0.058602
0.165432
0.156247
0.090589
0.044321
0.164811
0.040023
0.185111
0.113201
0.064969
0.179459
0.061955
0.068345
0.115510
0.048642
0.088473
0.051568
0.050265
0.132654
0.060786
0.107182
0.096586
0.067743
0.107444
0.149768
0.132750
0.064614
0.104824
0.062540
0.048923
0.020746
0.029323
0.121598
0.109193
0.181323
0.062576
0.140257
0.170085
0.183463
0.136413
0.098986
0.138080
0.241539
0.124312
0.146723
0.221080
0.065032
0.117053
0.160606
0.071535
0.040654
0.029998
0.056172
0.049012
0.031435
0.002954
0.003671
0.125866
0.009428
0.026865
0.118317
0.090841
0.217675
0.072240
0.078446
0.124943
0.185812
0.177596
0.118868
0.098862
0.094308
0.065733
0.123549
0.028612
0.094640
0.187715
0.221095
0.080070
0.057942
0.125868
0.079449
0.128599
0.177772
0.106460
-0.038705
0.026677
0.066760
0.065226
0.062544
0.122732
0.123175
0.004856
0.115333
0.093138
0.061542
0.046717
0.059484
0.085944
0.056107
0.044904
0.058385
0.065774
0.113921
0.008716
0.055765
0.108298
0.025468
0.082735
0.124831
0.065219
0.068507
0.097278
0.002269
0.060828
0.089312
0.152573
0.090910
0.185260
0.152387
0.195087
0.098064
0.129813
0.100517
0.141063
0.237762
0.112331
0.164210
0.173991
0.120546
0.150545
0.110465
0.171647
0.098052
0.133291
0.096481
0.160491
0.042917
0.144564
0.113330
0.232318
0.124366
0.140399
0.093003
0.104508
0.102911
0.084058
0.162822
0.197996
0.174831
0.158140
0.183038
0.073531
0.171811
0.196556
0.113588
0.160176
0.071760
0.144181
0.116199
0.008236
0.135322
0.183936
0.215287
0.193785
0.139052
0.120223
0.066997
0.111160
0.126110
0.163227
0.132350
0.076558
0.055939
0.091349
0.124425
0.070963
0.119757
0.199739
0.127743
0.069746
0.079556
0.134825
0.185295
0.196531
0.102707
0.135161
0.054402
0.174971
0.194944
0.142310
0.046805
0.054445
0.121075
0.096783
0.019810
0.106413
0.081402
0.108811
0.111367
0.150936
0.119365
0.074515
0.187830
0.200755
0.095965
0.138024
0.122771
-0.000270
0.133297
0.165932
0.061693
0.120929
0.093925
0.033845
0.099351
0.134880
0.132369
0.093103
0.162068
0.185680
0.073899
0.067238
0.176502
0.088656
0.099092
0.117548
0.191472
0.210464
0.176067
0.225423
0.185369
0.125988
0.166868
0.153598
0.079093
0.112483
0.111123
0.146108
0.107256
0.091794
0.253148
0.159577
0.038065
0.143267
0.041138
0.043671
0.040371
0.095393
0.041434
0.106240
0.176730
0.156952
0.226110
0.174281
0.105232
0.075465
0.112332
0.063694
0.126039
0.106210
0.086226
0.151436
0.076998
0.177789
0.248097
0.148274
0.121728
0.082641
0.063137
0.112020
0.181234
0.236799
0.213814
0.091025
0.103598
0.181264
0.184265
0.175219
0.141604
0.115753
0.164098
0.164730
0.137502
0.111282
0.089009
0.172219
0.092232
0.104093
0.120677
0.130550
0.129347
0.053558
0.142189
0.135978
0.160546
0.075191
0.150348
0.132178
0.139847
0.086137
0.089557
0.092504
0.142236
0.135703
0.132870
0.101689
-0.029466
-0.003719
0.072188
0.077929
0.043457
0.040936
0.054856
0.196567
0.117106
0.173475
0.061103
0.037013
0.032680
0.075704
0.156842
0.157018
0.058570
0.136054
-0.003883
0.130184
0.111599
0.104856
0.186719
0.133178
0.055960
-0.005874
0.016260
0.111522
-0.028244
0.017804
0.039620
0.059692
0.070128
-0.036606
0.058971
0.089772
0.003862
0.048056
0.123113
0.155548
0.166925
0.099081
0.178301
0.136929
0.139079
-0.002240
0.055837
0.125362
0.075863
0.178973
0.060205
0.041283
-0.003221
-0.068400
-0.061235
0.053576
0.195013
0.019474
0.166021
0.139517
0.043654
0.079242
0.071406
0.042286
0.050542
0.142986
-0.002796
-0.048698
-0.030071
0.083868
0.077453
0.097215
0.215891
0.162667
0.056793
0.083144
0.083072
0.028019
0.055681
0.095622
0.146100
0.113000
0.216147
0.141845
0.165013
0.174969
0.119319
0.072571
0.141724
0.159834
0.054161
0.080574
0.139299
0.045874
0.083575
0.102470
0.213702
0.153616
0.140545
0.162511
0.118429
0.124794
0.092411
0.107186
0.122806
0.128986
0.191774
0.100646
0.124544
0.162565
0.102151
0.148141
0.114349
0.117513
0.089654
0.116063
0.120740
0.093783
0.110702
0.231052
0.128154
0.099093
0.098420
0.074761
0.090362
0.089366
0.062662
0.103265
0.054759
0.076161
-0.060286
0.040028
0.070458
-0.026526
0.077730
0.135963
0.138198
0.260423
0.141065
0.108081
0.085905
0.110800
0.140848
0.194781
0.022602
0.104050
0.032333
0.108996
0.130422
0.161762
0.245191
0.136688
0.183557
0.240513
0.109491
0.137570
0.135157
0.185189
0.057532
0.042282
0.083921
0.126253
0.127316
0.105746
0.164177
0.080487
0.029440
0.080363
0.122439
0.133558
0.143406
0.063311
0.039392
-0.001087
-0.005810
0.072359
0.187891
0.140033
0.146598
0.170562
0.093333
0.128652
0.072686
0.032107
0.159417
0.086251
0.179733
0.097381
0.068731
0.151156
0.071834
0.097752
0.133134
0.110268
0.178670
0.106281
0.110074
0.073016
0.108787
0.207821
0.106208
0.067447
0.076070
0.069752
0.178924
0.061689
0.108612
0.103006
0.070964
0.186867
0.194310
0.199763
0.126938
0.096219
0.110896
0.018688
0.092008
0.151695
0.119956
0.116830
0.109682
0.043908
0.036726
0.078544
0.046494
0.167093
0.100604
0.120528
0.145338
0.065738
0.100204
0.169990
0.089532
0.023182
0.148902
0.109164
0.173286
0.203557
0.081483
0.132117
0.104954
0.058108
0.027855
0.161807
0.216884
0.172343
0.199385
0.139799
0.101368
0.134440
0.080340
0.070169
0.148031
0.134673
0.092549
0.077119
0.038259
0.124795
0.187214
0.007331
0.094239
0.249071
0.142549
0.153100
0.093356
0.015913
0.096029
0.096554
0.052933
0.088774
0.100084
0.115847
0.174892
0.136349
0.219852
0.132884
0.141050
0.116739
0.040508
0.064816
0.088664
0.143727
0.256293
0.163621
0.112114
0.170526
0.086761
0.118452
0.087553
0.154045
0.143090
0.135117
0.103853
0.111326
0.106358
0.111971
0.158502
0.068084
0.112095
0.183674
0.165680
0.120380
0.152628
0.111565
0.180180
0.138896
0.179052
0.122222
0.169643
0.088795
0.068291
0.055878
0.074344
0.089308
0.069830
0.071924
0.142300
0.066586
0.056107
0.093542
0.176111
0.151821
0.059482
0.188490
0.166844
0.102980
0.123346
0.162441
0.166274
0.149008
0.172497
0.169531
0.142749
0.143166
0.082076
0.129679
0.185610
0.021195
0.028414
0.068450
0.167744
0.196040
0.116528
0.130266
0.148734
0.168267
0.201909
0.107312
0.004754
0.052898
0.080406
0.074500
0.069543
0.113957
0.104479
0.077571
0.125556
0.120264
0.086958
0.251276
0.137942
0.102672
0.100216
0.121940
0.075972
0.053176
0.159608
0.127714
0.028348
0.024738
0.130989
0.145484
0.094989
0.110651
0.132005
0.052143
0.071344
0.147148
0.145756
0.147674
0.128812
0.102781
0.094741
0.236723
0.217556
0.162815
0.170389
0.100272
0.053618
0.040427
0.017158
0.074718
0.094249
-0.009185
0.078765
0.098590
-0.040999
-0.010956
0.017695
0.118882
0.074862
0.228560
0.282710
0.202938
0.089308
0.067264
0.214140
0.198300
0.203209
0.234316
0.142071
0.162550
0.122716
0.025578
0.025905
0.051430
0.054886
0.005313
0.045272
0.120607
0.146762
0.085888
0.024019
0.048216
0.113783
0.105730
0.025417
0.029262
0.184027
0.171078
0.104385
0.071444
0.131391
0.105436
0.129914
0.129008
0.025718
0.046139
0.196114
0.181111
0.034031
0.062281
0.067072
0.152438
0.106509
0.095670
0.082209
-0.065274
0.037397
0.202732
0.133876
0.195059
0.080094
0.067571
0.107348
0.129138
0.062694
0.130503
0.083999
0.047304
0.098334
0.134294
0.106954
0.082049
0.078501
0.046456
0.068403
0.003938
0.057994
0.183030
0.005600
0.088211
0.148730
0.183963
0.125258
0.061786
0.101249
0.118631
0.058768
0.201205
0.144436
0.139752
0.240334
0.142376
0.109708
0.104065
0.129238
0.034925
0.052008
0.053478
0.236708
0.068784
0.187645
0.074132
0.005376
0.094215
0.063527
0.030527
0.083356
0.114049
0.137411
0.136338
0.160746
0.171410
0.066104
0.222355
0.103579
-0.000696
0.008196
0.036867
0.058394
0.091238
0.148063
0.121972
0.159611
0.083090
0.190997
0.099371
-0.027512
0.007392
0.043339
0.117876
0.138573
0.108488
0.176059
0.091980
0.229480
0.107737
0.034753
0.116266
0.123209
0.083550
0.050394
0.073646
0.144584
0.031619
0.037369
0.083449
0.100209
0.210571
0.168489
0.044365
0.156902
0.006977
0.105800
0.157097
0.109220
0.095764
0.080532
0.218396
0.151739
0.136824
0.104677
0.069458
0.123419
0.098758
-0.043315
0.048951
0.073509
0.058376
0.143517
0.151424
0.101656
0.181043
0.058675
0.189311
0.064581
0.088393
0.053928
0.072262
0.085158
0.209377
0.146181
-0.031083
0.037809
0.006561
0.050186
0.091827
0.149993
0.268013
0.146693
0.183905
0.124714
0.151474
0.081971
0.076049
0.148926
0.183312
0.184324
0.218193
0.105388
0.119917
0.170858
-0.021607
-0.032451
0.048483
0.110477
0.234800
0.171538
0.184861
0.068959
0.076300
0.068731
0.080986
0.125981
0.065199
0.065336
0.017935
0.082229
0.039579
0.076125
0.007968
0.009541
0.023652
0.094600
0.090950
0.163297
0.134614
0.177799
0.114719
0.098317
0.135107
0.135908
0.267895
0.180843
0.057473
0.153520
0.100564
0.057564
0.084386
0.062846
0.068917
0.105383
0.182540
0.169337
0.182639
0.116569
0.115441
0.074605
0.134540
0.028472
0.078712
0.026981
0.055157
0.114055
0.208708
0.093662
0.175280
0.169866
0.143788
0.195498
0.055137
0.109259
0.187479
0.233376
0.169363
0.106501
0.204148
0.149366
0.212854
0.168518
0.149292
0.110757
0.119457
0.182327
0.067920
0.149670
0.183206
0.184711
0.201744
0.133090
0.139269
0.112695
0.042343
0.121355
0.042697
0.067163
0.183930
0.096558
0.038269
0.139728
0.161704
0.174236
0.096774
0.059030
0.074788
0.077943
0.173213
0.120982
0.054435
0.135939
-0.024801
0.167706
0.070850
0.162099
0.144384
0.147063
0.130490
0.168920
0.066605
0.083777
0.142870
0.109820
0.137709
0.115801
0.120643
0.178757
0.141172
0.057982
0.157965
0.122138
0.189962
0.210570
0.129673
0.159406
0.071274
0.088133
0.079230
0.065981
0.099892
0.109188
0.109799
0.120349
0.191831
0.082620
0.095770
0.178404
0.079846
0.158079
0.022025
0.027052
0.007928
0.128147
-0.057774
-0.066942
0.016889
0.134264
0.169460
0.166487
0.184450
-0.021250
0.114027
0.165381
0.144407
0.097992
0.123737
0.108433
0.081408
-0.041897
0.065505
0.145199
0.130521
0.058903
0.043127
0.113736
0.127183
0.110087
0.143348
0.159143
0.069291
0.059428
0.037603
0.086833
0.100259
0.138200
0.109730
0.094524
0.108511
0.210206
0.127196
0.026132
-0.014723
0.029730
0.149369
0.050782
-0.006550
0.126937
0.036199
-0.068290
0.133442
0.038610
0.133356
0.214000
0.129291
0.148840
0.159341
0.106581
0.037857
0.015960
0.147898
0.115875
0.218286
0.074921
0.091018
0.078208
0.170213
0.216745
0.213445
0.094156
0.158799
0.173876
0.051998
0.147181
0.040388
0.136006
0.158591
0.119341
0.120029
0.154042
0.172561
0.176295
0.100996
0.043130
0.175729
0.154589
-0.027736
0.072106
0.218430
0.135880
0.225759
0.044693
0.124146
0.106638
0.158552
0.028917
0.004927
0.023730
0.011438
0.103351
0.061966
0.070435
0.102756
0.169756
0.158763
0.118483
0.245536
0.222559
0.154681
0.177599
0.156476
0.069864
0.075665
-0.008218
0.015824
-0.009712
-0.017005
0.079944
0.023417
0.100296
0.074809
0.060933
0.141600
0.070431
0.035726
0.078728
0.092225
0.160273
0.113592
0.045257
0.031518
0.205619
0.168646
0.092245
0.158131
0.084602
0.108142
0.057770
0.082171
0.007994
0.053568
0.089938
0.038321
0.075332
0.043933
0.064201
0.085924
0.164276
0.156459
0.172825
0.149806
0.128846
0.110322
0.114952
0.207720
0.124408
0.080525
0.082941
0.087403
0.117600
0.050806
0.085606
0.088295
0.109280
0.165730
0.017897
0.057314
0.138083
0.137436
0.070244
0.027277
0.140179
0.175201
0.093772
0.187870
0.153493
0.068336
0.041584
-0.001078
0.031857
0.064013
0.131257
0.100913
0.214099
0.187531
0.145763
0.058658
0.127518
0.066026
0.127280
0.148958
0.165010
0.078128
0.071488
0.074664
-0.090179
0.064277
0.158102
0.169288
0.273833
0.239692
0.264622
0.171876
0.154497
0.255946
0.219312
0.151552
0.049489
0.084882
0.017682
-0.067395
0.083032
0.154006
0.163454
0.135514
0.258828
0.215289
0.150900
0.132927
0.024413
0.118171
0.041387
-0.066562
0.050114
0.208839
0.136781
0.144364
0.139795
0.158787
0.076823
0.030829
0.109885
0.051913
0.042363
0.075188
0.062880
0.001916
0.017993
0.031695
0.010022
-0.002074
0.018779
0.046275
0.153859
0.175317
0.084697
0.131118
0.070553
0.100716
0.114025
0.089936
0.035727
0.067304
0.185461
0.121402
0.111823
0.073112
0.073227
0.128670
0.131049
0.085550
0.166002
0.146173
0.095141
0.100859
0.111278
0.109976
0.086451
0.064070
0.002822
0.055015
-0.013709
-0.040522
0.146521
0.176566
0.237476
0.152386
0.157141
0.122278
0.130605
0.072098
0.159777
0.096137
0.185036
0.106173
0.117512
0.112667
0.139427
0.125486
0.107243
0.156304
0.150295
0.141561
0.031034
0.099355
0.105585
0.169585
0.125403
0.106429
0.160870
0.084703
0.091227
0.155234
-0.035186
0.148666
0.170457
0.066368
0.212936
0.093835
0.010579
0.088438
0.126469
0.092270
0.044384
-0.080866
-0.030161
0.007874
0.072522
0.090896
0.144265
0.181887
0.168419
0.161112
0.140687
0.107961
0.136488
0.114230
0.150016
0.078998
0.102597
0.083282
0.061743
0.076435
0.038127
0.082844
0.035825
0.116625
0.155254
0.064096
0.122047
0.116162
0.025326
0.095441
0.064730
0.047808
0.074909
0.146624
0.126444
0.107436
0.045169
-0.016908
0.050751
0.026522
0.081199
0.080954
0.171853
0.157083
-0.012262
0.084776
0.027683
0.066132
0.149386
0.210803
0.041881
0.113883
0.183271
0.140332
0.157132
0.071028
0.042419
0.101728
0.102230
0.059234
0.010436
0.095315
0.120823
0.096817
0.189043
0.161288
0.090145
0.157321
0.197389
0.252477
0.222381
0.176680
0.119430
0.173370
0.180251
0.111402
0.070387
0.068203
0.150968
0.120092
0.124933
0.180113
0.125585
0.168281
0.231656
0.116569
0.146003
0.089847
0.016061
0.054022
-0.015937
-0.061287
0.041138
0.098698
0.083469
0.081213
0.070967
0.130705
0.220514
0.155839
0.013213
0.077683
0.112994
0.084432
0.112527
0.040063
0.117393
0.041748
0.105123
0.161362
0.033353
0.098250
0.094610
0.033951
0.013930
0.099639
0.080279
0.027296
0.159355
0.106661
0.169080
0.122880
0.089463
0.025071
-0.081387
0.028349
0.042237
0.134365
0.098328
0.071011
-0.031866
0.179440
0.108792
0.036436
0.035498
0.015943
0.076805
0.033350
0.094981
0.131465
0.106773
0.137608
0.140432
0.038778
0.140915
0.113449
0.140221
0.178208
0.035110
0.115871
0.056403
0.013924
0.169054
0.137219
0.120714
0.091144
0.016171
0.108032
0.070959
0.015648
-0.006182
0.041697
0.062584
0.058175
0.067576
0.097780
0.081596
0.160004
0.068874
0.142023
0.022716
0.004620
0.000237
0.066209
0.113624
0.192814
0.120007
0.131235
0.086438
0.039655
0.082389
0.037376
0.065899
0.083409
0.191277
0.165949
0.057856
0.145525
0.067916
0.082327
0.040117
0.042835
0.070303
0.086899
0.150741
0.065372
0.050062
0.107818
0.039209
0.106251
0.115073
-0.015352
0.099538
0.127278
0.043558
0.115306
0.124604
0.044088
0.113223
0.164384
0.150197
0.165520
0.238577
0.142815
0.062096
0.077734
0.066679
0.175364
0.168943
0.003740
0.030531
0.087985
0.095999
0.055748
0.152512
0.088778
0.073353
0.000285
0.052721
0.166820
0.088226
0.110218
0.183528
0.158851
0.193539
0.150248
0.136969
0.059943
0.073765
0.131650
0.205790
0.125147
0.159109
0.199252
0.083794
0.055476
-0.015057
0.021021
0.036220
-0.003757
0.077125
0.113320
0.212740
0.139482
0.158832
0.239667
0.125392
0.008375
0.126447
0.080235
0.071316
0.179032
0.189883
0.091041
0.160359
0.152198
0.146211
0.121729
0.168607
0.235680
0.228441
0.217087
0.154929
0.111935
0.109285
0.222666
0.202624
0.203497
0.137024
0.196322
0.180546
0.073582
0.075681
0.166413
0.126039
0.152131
0.125932
0.168524
0.181534
0.116200
0.009114
0.066988
0.026008
0.066946
0.089137
0.107851
0.187301
0.088993
0.041924
0.079414
0.070471
0.095256
0.050416
0.170395
0.152661
0.090457
0.099945
0.034204
0.161157
0.099105
0.053057
0.047460
0.083463
0.157427
0.057424
0.067082
0.177963
0.185781
0.186202
0.119030
0.129480
0.106598
0.118287
0.117816
0.173351
0.168883
0.207978
0.114472
0.055005
0.110660
0.121562
0.102030
0.040597
0.059579
0.056551
0.031030
0.066053
0.136896
0.192796
0.168800
0.167073
0.090942
0.199446
0.198591
0.085879
0.023566
0.098668
0.032837
0.155427
0.113150
0.114813
0.086204
0.031530
0.105969
0.101046
0.157056
0.131814
0.117693
0.119989
0.164996
0.153919
0.011255
0.112517
0.120273
0.173377
0.138055
0.080159
0.184382
0.115093
0.088373
0.064393
0.065459
0.065275
0.076134
0.110486
0.078172
0.094371
0.100767
0.069889
0.143430
0.097939
0.125507
0.130831
0.138925
0.071949
0.098872
0.017591
0.054127
0.054675
0.038330
0.069812
0.021073
0.026095
0.050921
0.068260
0.185614
0.175011
0.185570
0.115400
0.110816
0.013339
0.184357
0.124684
0.014965
0.139431
0.039403
0.144910
0.133152
0.078509
0.032035
0.181565
0.145519
0.116301
0.147639
0.049848
0.159483
0.044797
0.052063
0.034976
0.228897
0.142882
0.099170
0.165288
0.104902
0.088758
0.030673
-0.033697
0.063096
0.069286
0.103522
0.102887
0.104607
0.130504
0.059722
0.194531
0.151366
0.110184
0.149535
0.156340
0.056349
0.104137
0.085423
0.110570
-0.010444
0.129800
0.125091
0.083497
0.108228
0.115335
0.110657
0.226252
0.124805
0.056743
0.152456
0.112575
0.120912
0.193472
0.129602
0.106096
0.073883
0.159894
0.148610
0.151499
0.203233
0.190142
0.063202
0.066325
0.094539
0.078584
0.076062
0.125020
0.121117
0.027829
0.063624
0.072426
0.077351
0.232625
0.111536
0.158709
0.088290
0.144192
0.088051
0.063748
0.062778
0.030308
0.042864
0.107342
0.037894
0.114619
0.054250
0.086893
0.039192
-0.026522
0.117830
0.072276
0.050025
0.059306
0.098077
0.198023
0.043452
0.062190
0.095772
0.110752
0.105764
0.097443
0.093503
0.092948
-0.001141
0.050910
0.107355
0.116703
0.152329
0.087539
0.058151
0.144836
-0.016371
0.039761
0.019631
0.103279
0.174062
0.092159
0.079174
0.062634
0.042742
0.123472
0.149313
0.218142
0.181657
0.085261
0.024005
0.136066
0.199414
0.163343
0.233889
0.210409
0.086211
0.088785
0.103286
0.117150
0.118730
0.080708
0.066998
-0.002377
0.023128
0.002879
0.033849
-0.010227
0.109482
0.084017
0.169865
0.088676
0.062373
0.090201
0.081245
-0.013790
0.132114
0.047007
0.000933
0.083825
0.096390
0.042535
-0.046805
-0.013571
0.004371
0.023139
0.116310
0.112630
0.080895
0.015374
0.095328
0.145463
0.155842
0.074300
0.080564
0.122584
0.133937
0.079040
0.150635
0.161333
0.208129
0.168264
0.096195
0.076716
0.123757
0.171853
0.088970
0.076355
0.021621
-0.013949
0.019545
0.013604
0.012511
-0.010858
0.056836
0.075485
0.024788
0.024402
0.143345
0.067647
0.039732
0.055950
0.038061
0.066904
0.050325
0.016033
0.126576
0.094729
0.106439
0.149769
0.036625
0.118313
0.117447
0.122106
0.155816
0.002162
0.041765
0.068255
0.065571
0.074237
0.066922
0.108776
-0.038361
-0.073892
0.089469
0.144196
0.093893
0.114522
0.157725
0.063448
0.086925
0.092515
0.129895
0.112522
0.092132
0.076224
0.130974
0.189324
0.142984
0.083157
0.182777
0.152228
0.196540
0.154159
0.122811
0.127895
0.053351
0.105121
0.053467
0.083793
0.069874
0.135993
0.043940
0.111121
0.205563
0.115423
0.162284
0.062005
0.176869
0.150079
0.201327
0.051831
-0.000156
0.102731
0.173335
0.240718
0.209195
0.095829
0.020887
0.056142
0.109864
0.077167
0.098516
0.151786
0.178196
0.084042
0.071565
0.074436
0.154315
0.045234
0.073502
0.143909
0.055751
0.235968
0.112857
0.185848
0.112886
0.048823
0.047422
0.043230
0.069382
0.064384
0.115406
0.113795
0.031588
0.055178
0.004098
0.048708
0.167193
0.174247
0.143398
0.100539
0.044451
0.103744
0.088151
0.018033
0.062727
0.022356
0.002774
0.062187
0.096592
0.080109
0.121127
0.035201
-0.035905
0.113870
0.080569
-0.020446
0.033583
0.119754
0.128539
0.100897
0.095106
0.146948
0.137571
0.020559
0.096289
0.097868
0.070185
0.104293
0.090559
0.183867
0.048533
0.077167
0.127972
0.095812
0.058213
0.080308
0.162012
0.023637
0.048156
0.076490
0.109263
0.045050
0.072653
-0.037503
0.018451
0.077843
0.050186
0.069175
0.033020
0.033531
0.055763
0.102730
0.083667
0.010438
0.148366
0.096140
0.106949
0.196876
0.067464
0.123898
0.092608
0.042573
0.046078
0.123601
0.026905
0.016602
0.118823
0.101225
0.089037
0.074488
0.106476
0.138612
0.097427
0.085211
0.166106
0.111307
0.128453
-0.007958
0.097493
0.063770
0.121100
0.169204
0.217034
0.121199
0.207209
0.167253
0.219853
0.127895
0.151700
0.070159
0.164929
0.122847
0.027473
-0.021836
0.083406
0.054048
0.056642
0.056169
0.023251
0.131837
0.097132
0.150679
0.058371
0.147153
0.098704
0.070083
0.102274
0.074193
0.021867
0.096077
0.145034
0.101817
0.050718
0.051621
0.142388
0.069304
0.094940
0.069639
0.128490
0.266888
0.148930
0.188997
0.065191
0.070138
0.120975
0.191739
0.044352
0.047685
0.094220
0.111449
0.103492
0.136754
0.128933
0.136261
-0.000972
0.001030
0.010858
-0.028223
-0.037195
0.037795
0.001346
0.045350
0.078796
0.026795
0.081449
0.083466
0.120045
0.024667
0.198857
0.168302
0.047900
0.094652
0.067830
0.113478
0.141876
0.007589
0.135746
0.067154
0.094233
0.107673
0.083113
0.161462
0.108026
0.165979
0.180393
0.145157
0.181983
0.151598
0.141833
-0.008362
0.034082
-0.028857
0.084650
0.012933
0.091554
0.068043
-0.034993
0.174700
0.207025
0.143745
0.184129
0.157691
0.151475
0.163562
-0.011271
-0.001196
0.075433
0.171653
0.151104
0.153730
0.034939
0.023176
0.011436
0.011175
-0.013896
0.013810
0.083606
0.110961
0.039433
0.147900
0.087095
0.125833
0.119444
0.115522
0.106340
-0.001480
0.090991
0.072036
0.103504
-0.001738
0.050894
0.089010
0.117803
0.065579
0.090789
0.029722
0.021080
0.001031
-0.020716
-0.056075
0.038989
0.035615
0.044642
-0.021368
0.064006
0.054404
0.107725
0.064287
0.065624
0.165132
0.020496
0.134490
0.168209
0.078154
0.047283
0.107567
0.200040
0.189404
0.082446
0.113502
0.136506
0.138896
0.162083
0.127666
0.166022
0.079968
0.121063
0.023393
0.108646
0.043516
0.073906
0.023938
0.105541
0.082138
0.067779
0.228936
0.166884
0.027267
0.120158
0.048340
-0.011748
0.055450
0.121563
0.174028
0.109543
0.111850
0.040649
0.053558
0.084314
0.016816
-0.010963
0.071759
0.116205
0.105127
0.039961
0.112741
0.080944
0.155570
0.046228
0.107225
0.178729
0.074888
0.176799
0.112146
0.004033
0.042757
0.110334
0.126217
0.095052
0.062740
0.042043
0.076767
0.121660
0.097643
0.063067
0.223303
0.253397
0.121285
0.185364
0.156929
-0.000767
0.139315
0.152185
0.061254
0.123129
0.064398
0.025709
0.123294
0.041721
0.002874
0.169783
0.143398
0.054930
0.075481
0.048364
0.069685
0.027774
0.141610
0.221136
0.149690
0.032354
-0.011020
-0.030684
0.047401
0.051179
0.034926
0.120137
0.087113
0.087112
0.150955
0.210279
0.204172
0.090984
0.093569
0.120151
0.016515
0.043141
0.102372
0.168000
0.142447
0.167849
0.122357
0.138303
0.047078
0.082861
0.125624
0.077478
0.061529
0.133203
0.106158
0.072156
-0.010383
-0.006710
0.107179
0.138450
0.233635
0.160758
0.210233
0.165891
0.173256
0.233259
0.184660
0.070256
0.065895
0.162786
0.123444
0.107528
0.161965
0.075089
0.145717
0.051384
0.078763
0.075298
0.035902
0.174953
0.222191
0.143294
0.152097
0.060866
0.142946
0.162131
0.138380
0.062766
0.123437
0.057537
0.106459
0.146989
-0.007118
0.103917
0.203928
0.168137
0.103790
0.060859
0.073522
0.187329
0.089779
0.110857
0.094894
0.019026
0.160225
0.086503
0.041340
0.077183
0.166782
0.130805
0.098728
0.048924
-0.001144
0.039471
-0.009039
0.029935
-0.001141
0.003334
0.078154
0.105919
0.083266
0.111610
0.109024
0.062621
0.103671
0.176213
0.127841
0.153389
0.130413
0.196688
0.166753
0.201372
0.051388
0.101659
0.098825
0.093561
0.154867
0.019377
0.140445
0.145678
0.003178
0.192938
0.113691
0.047018
0.094263
0.119498
0.116119
0.125154
0.031761
-0.035595
0.098556
0.196432
0.116596
0.043649
-0.048970
0.073157
0.150167
0.077010
0.058088
0.162145
0.114904
0.099658
0.126945
0.147730
0.149192
0.198558
0.164731
0.059847
0.166544
0.079607
0.114314
0.168120
0.160216
0.197125
0.133004
0.100572
0.069656
0.024271
0.112145
0.075442
0.064894
0.198826
0.193310
0.105760
0.131073
0.096504
0.130114
0.170101
0.135496
0.125539
0.109598
0.114684
0.156271
0.130546
0.162488
0.100557
0.088571
0.025140
0.083485
0.082597
0.063519
0.107025
0.093011
0.103104
0.107507
0.074997
0.066578
0.089766
0.150688
0.164707
0.167577
0.192169
0.225957
0.108310
0.152503
0.137554
0.071961
0.122342
0.049455
0.084070
0.127125
0.128325
0.151878
0.125551
0.179247
0.168127
0.060019
0.171199
0.039777
0.027544
0.156266
0.101446
0.170801
0.140525
0.099474
0.074802
0.041960
0.092276
0.047447
-0.008911
0.027840
0.053563
0.021758
0.122172
0.071891
0.071673
0.119816
0.053072
0.058023
0.025628
0.048631
0.036578
0.039717
0.039354
0.097884
0.138096
0.104706
0.036317
0.067204
0.070432
-0.011338
0.085327
0.011376
0.122188
0.036996
0.076554
0.167023
0.094567
0.071208
0.112844
0.151793
0.121056
0.069773
0.051016
0.034658
0.007058
0.026013
0.048131
0.039171
0.128093
0.077154
0.109232
0.101911
0.173661
0.027558
0.141574
0.130680
0.073827
0.053889
0.057736
0.179262
0.165819
0.162217
0.192459
0.080830
0.016379
0.021401
0.059795
0.007086
-0.018227
0.075326
0.060604
0.088530
0.102045
0.182137
0.040206
-0.082453
0.021059
0.001887
0.062498
-0.101876
-0.055911
0.098133
0.114528
0.110231
0.129478
0.094479
0.055447
0.065703
0.088575
0.122285
0.196899
0.182668
0.120364
0.178374
0.206104
0.071983
0.189589
0.088643
0.098126
0.276992
0.218305
0.132853
0.059030
0.016256
0.112462
0.003436
0.013579
0.086567
0.079869
0.091433
0.019232
0.053788
0.087320
0.068951
0.160114
0.126628
0.112704
0.062423
0.043202
0.154291
0.140817
0.124953
0.127287
0.224520
0.118921
0.093018
0.055836
0.028475
0.146862
0.021969
-0.007286
0.093707
-0.006015
0.006129
0.133295
0.102354
0.061294
0.122470
0.097968
0.110334
0.050134
0.038144
0.081858
0.088910
0.162992
0.078058
0.084423
0.116723
0.096940
0.071225
0.131646
0.050823
0.032504
0.059930
0.032885
0.090413
0.171780
0.161470
0.168368
0.118944
0.011523
0.027617
0.139314
0.095926
0.095297
0.072810
0.040557
0.045427
0.039236
0.110675
0.160574
0.051437
0.052846
-0.009437
0.069081
0.031383
0.061759
-0.016159
0.026365
0.139906
0.032815
0.063870
0.041847
0.002628
0.034634
0.122737
0.125101
-0.010364
0.098084
0.145864
0.051805
0.064561
0.177192
0.211128
0.131422
0.139328
0.196424
0.137800
0.164612
0.115773
0.126495
0.161019
0.147953
0.126380
0.130501
0.116489
0.125831
0.060395
0.043868
0.124091
0.030745
0.151394
0.157275
0.134047
0.082571
0.104928
0.103537
0.165830
0.196692
0.183507
0.077160
0.104489
0.088873
0.131499
0.164342
0.067223
0.084856
0.088534
0.078555
0.089531
0.150569
0.071527
0.110593
-0.028723
0.075223
0.045993
0.014826
0.093009
0.181787
0.083752
0.094780
0.102552
0.020753
0.130950
0.056171
0.098636
0.053554
0.107158
0.028004
0.096025
0.141395
0.123538
0.031672
0.135831
0.079222
0.099424
0.101103
0.116681
0.166491
0.215097
0.143332
0.085221
0.112367
0.170363
0.150864
0.123436
0.068622
0.055671
0.096815
0.239082
0.082299
0.174551
0.117922
0.105719
0.175521
0.124082
0.114083
0.133976
0.063265
0.056370
0.055065
0.110986
0.140616
0.100654
-0.008552
-0.013323
0.166492
0.154554
0.196618
0.094050
0.019816
0.126565
0.052971
0.036914
0.137106
0.178641
0.155945
0.233748
0.011985
0.065558
0.141050
0.001576
0.017125
0.149991
-0.010799
0.026834
0.142402
0.045125
0.064144
0.164271
0.139046
0.175327
0.047738
0.074844
0.049866
0.018567
0.171065
0.139798
-0.049358
0.081387
0.078609
0.125108
0.219782
0.163554
0.147691
0.134502
0.086763
0.134243
0.127777
0.019661
0.138084
0.021420
0.026071
0.058057
0.097846
0.087723
0.119065
0.133322
0.043989
0.105409
0.107282
0.159185
0.205290
0.200510
0.121901
0.057536
0.151467
0.118432
0.182865
0.180989
0.035762
0.131142
0.115492
0.207518
0.135334
0.018505
0.034911
0.162009
0.204297
0.134035
0.075703
0.105729
0.020538
0.103740
0.102815
0.025629
0.064130
0.023751
0.087822
0.068539
0.049187
0.065775
0.181342
0.143779
0.088834
0.091249
0.198192
0.130480
0.133041
0.075429
0.021205
0.129565
0.154237
0.070608
0.111178
0.038012
0.072920
0.039368
0.074311
0.049130
0.138479
0.077696
0.065352
0.043747
0.008920
0.041738
0.123568
0.071833
0.179569
0.066081
0.032838
0.062574
0.111569
0.203323
0.019950
-0.010579
0.045734
0.015965
-0.033673
0.031934
0.029899
0.007137
-0.056658
0.159898
0.104480
0.012174
0.088602
0.091981
0.036381
0.100675
0.186556
0.040002
0.094676
0.085490
0.035599
0.109208
0.099147
0.022151
0.045120
0.161731
0.181903
0.146005
0.161933
0.109697
0.096677
-0.042374
0.030990
0.065940
0.030268
0.142025
0.166870
0.040534
0.101656
0.214939
0.129642
0.164762
0.142214
0.080102
0.103394
0.138787
-0.003513
0.000847
0.110345
0.125548
0.221952
0.191089
0.067487
0.082213
0.144083
0.086377
0.110405
0.047517
0.078609
0.121775
0.054188
0.005724
-0.046259
0.173131
0.114807
0.060895
0.090694
0.068900
0.129547
0.090285
0.050273
0.186791
0.192007
0.101137
0.156929
0.173337
0.147752
0.165087
0.152529
0.075896
0.078269
0.068218
0.079303
0.153114
0.125154
0.049790
0.224400
0.079108
0.183020
0.077936
0.073682
0.132771
-0.015075
0.017189
0.056400
0.030946
0.131411
0.107908
0.104684
0.090122
0.118186
0.130539
0.003290
0.171225
0.145667
0.084407
0.212352
0.156029
0.136300
0.120644
0.075258
0.118109
0.151126
0.041965
0.058204
-0.005852
0.068787
0.141055
0.136850
0.146232
0.157944
0.122465
0.154294
0.084234
0.044211
0.098581
0.166997
0.154836
0.198385
0.126868
0.119773
0.080342
0.119908
0.117042
0.036816
0.037289
0.097842
0.074101
-0.038137
0.127357
0.100584
0.076198
0.070288
0.054695
0.068098
0.074943
0.053577
0.103927
0.195232
0.272027
0.143097
0.176845
0.157232
0.137755
0.089421
0.163610
0.116521
0.030066
0.130158
0.079255
0.090806
0.195486
0.047605
0.031234
0.136152
0.090621
0.010424
0.047465
0.119631
0.071634
0.150310
0.181103
0.042287
0.123822
0.100993
0.108533
0.164195
0.139707
0.092342
0.084355
0.105328
0.089315
0.078129
0.036326
0.154796
0.111494
0.178019
0.130576
0.042057
-0.008367
0.150878
0.069476
0.081356
0.073695
0.098694
0.058109
0.160571
0.136928
0.029180
0.156306
0.033426
0.114127
0.097529
0.112775
0.049744
0.003662
0.143514
0.086321
0.163991
0.157149
0.177437
-0.019279
-0.063766
0.019093
0.018077
0.094667
0.097655
0.127625
0.026347
0.072164
0.037824
0.013545
0.020498
0.007716
-0.011976
0.165995
0.111326
0.139939
0.055826
-0.023355
0.051786
-0.031051
-0.031077
-0.014825
-0.015443
0.071266
0.193462
0.144387
0.183861
0.124000
0.070524
0.234356
0.129083
0.090656
0.197841
0.116925
0.115420
0.046787
0.057846
0.091285
0.196219
-0.043460
0.078784
-0.010209
0.077802
0.108032
0.151948
0.141764
0.051225
-0.060497
0.046770
0.170951
0.146131
0.174924
0.194876
0.231162
0.176161
0.108630
0.043059
0.074646
0.162628
0.172349
0.135024
0.076964
0.057519
0.047187
0.148697
0.165706
0.109815
0.154359
0.115016
0.171251
0.190879
0.140349
0.087021
0.103499
0.035879
-0.004266
0.039022
0.137253
0.083671
0.145082
0.234162
0.167505
0.233820
0.178504
0.210961
0.144499
0.184258
0.141852
0.079646
0.069578
0.099729
0.136445
0.107061
0.114355
-0.005106
0.098071
0.081662
0.069091
0.098245
0.094422
0.068335
0.056718
0.169997
0.130703
0.141736
0.159470
0.191963
0.201345
0.061193
0.109719
0.154648
0.105249
0.087944
0.119621
0.008165
0.052702
0.087743
0.067836
0.199302
0.095843
0.045165
0.129823
0.143738
0.152094
0.057675
0.091596
0.042543
0.118817
0.082363
0.086875
0.173671
0.017643
0.087215
-0.038229
-0.017846
0.050832
0.041131
0.108307
0.190388
0.130047
0.133206
0.003725
-0.032532
0.108260
0.082173
0.149876
0.071218
0.076285
0.068198
-0.011644
-0.029986
0.138120
0.156681
0.148548
-0.010985
-0.033648
0.105465
-0.004214
0.081282
0.142042
0.112180
0.167811
0.086815
0.110965
0.119674
0.102073
0.021398
0.048451
0.180054
0.114179
0.156036
0.081296
0.080693
0.112212
0.073632
0.047236
0.091791
0.164891
0.174534
0.059235
0.135263
0.193194
0.080225
0.114930
0.134870
0.163890
0.088271
-0.020183
0.045274
0.062243
0.001382
0.152024
0.183078
0.039704
0.113320
-0.081253
0.079891
0.231361
0.082711
0.138884
0.083115
0.058787
0.186750
0.128603
0.141292
0.016451
0.175244
0.128368
0.193307
0.145577
0.122710
0.167352
0.111711
0.066545
0.103077
0.159285
0.093990
0.103934
0.058776
0.071590
0.111190
0.044066
0.136679
0.055282
0.182083
0.029230
-0.047518
0.092600
0.103169
0.097980
0.214083
0.132260
0.100673
0.183272
0.105442
0.245847
0.178307
0.036607
0.023337
0.084729
0.051258
0.043365
0.092102
-0.000484
0.016169
0.055407
0.030180
0.083848
0.114942
0.166234
0.131810
0.106640
0.218228
0.071549
0.022015
0.125455
0.203572
0.200369
0.224750
0.263888
0.149370
0.064025
0.090597
0.057482
0.097323
0.107138
0.161048
0.142529
0.079593
0.116930
0.062738
0.136282
0.114363
0.071398
0.063104
0.118982
0.170983
0.130363
0.152341
0.103144
0.135410
0.091917
0.080394
0.100666
0.110580
0.096949
0.101716
0.132016
0.094431
0.039212
0.281372
0.186477
0.146998
0.084566
0.101269
0.100533
0.079902
0.132956
0.131674
0.089739
0.160157
0.063340
0.101695
-0.006194
0.059288
0.064384
0.031923
0.096530
0.112229
-0.048458
-0.023274
0.002182
0.018700
0.014175
0.125482
0.082098
0.119980
0.049245
0.072018
0.164986
0.129009
0.096058
0.025888
-0.069112
0.095794
0.109190
0.101669
0.066782
0.030372
0.089913
0.124791
0.027270
0.079700
0.058775
0.035896
0.044172
0.175918
0.127986
0.213264
0.154128
0.134514
0.074304
0.085580
0.093512
0.050669
0.093041
0.065496
0.124591
0.160455
-0.001934
0.145469
0.140959
0.004678
0.143663
0.158124
0.148921
0.153425
0.048194
0.077251
0.101152
0.013640
0.067565
0.072668
0.125809
0.165153
0.210814
0.150759
0.126957
-0.033403
0.121230
0.096137
0.033911
0.115816
0.134731
0.142492
0.103736
0.148983
0.198816
0.092412
0.123889
-0.031427
0.088123
0.120387
0.128213
0.099871
0.071418
0.047246
0.123426
0.052830
0.043360
0.012214
0.040203
0.064120
-0.121614
0.091644
0.088290
0.051501
0.051125
0.133380
0.118077
0.068250
0.042231
0.142967
0.118625
0.081699
0.069852
0.007464
0.060878
0.034727
0.023653
0.038610
0.008560
0.085981
0.142320
0.100176
0.098421
0.041573
0.063269
0.185613
0.058342
0.069177
0.114732
0.084202
0.184528
0.086678
0.147768
0.072125
0.053434
0.088051
0.164396
0.068771
0.052632
-0.038076
0.025123
-0.018220
0.013748
0.047859
0.035202
0.091744
0.061383
0.065404
0.074537
0.071888
0.162468
0.154943
0.145160
0.146894
0.053822
0.017499
0.000236
0.002731
0.099895
0.028875
0.083714
0.057214
0.198202
0.222142
0.200562
0.155245
0.122929
0.163201
0.159056
0.059201
0.125677
0.131861
0.077499
0.124150
0.179276
0.181461
0.162319
0.136189
0.098106
0.087011
0.178349
0.154263
0.209111
0.222134
0.115819
0.074955
0.048326
0.138728
0.088982
-0.044150
0.108222
0.103555
0.022352
0.145207
0.020879
0.103153
0.049754
0.061586
0.038175
0.067413
0.096938
0.130442
0.051870
0.139096
0.092235
-0.006034
0.080332
0.069543
-0.051613
-0.018531
0.112939
0.105223
0.232061
0.184799
0.112949
0.014893
-0.047629
0.082508
0.147745
0.184210
0.026931
0.050714
0.047097
0.043137
0.019984
0.086494
0.132982
0.084850
0.003123
0.013315
0.111819
0.043906
-0.052209
-0.008715
0.020460
0.040237
0.060741
0.082726
0.124914
0.097438
0.061603
0.097861
0.009206
0.049613
0.102640
0.137857
0.121002
0.170985
0.015740
0.035760
-0.020059
-0.015523
0.097738
0.125299
0.072161
0.029170
-0.012470
0.072185
-0.028405
0.065848
0.135227
0.078066
0.067386
0.008873
-0.005462
-0.032479
0.054427
0.078578
0.001996
0.023495
0.089387
0.007589
-0.011166
0.120479
0.166538
0.109250
0.082056
0.061124
0.049255
0.069824
0.047055
-0.000866
-0.005103
0.062504
0.083220
0.063888
0.178364
0.045312
0.055731
0.071783
0.117992
0.119468
0.165238
0.088736
0.123764
0.088061
0.155285
0.116384
0.041178
-0.053531
0.060231
0.067893
0.084541
0.067964
0.053641
0.005334
0.009460
0.112339
0.051767
0.098525
0.062031
0.102912
0.055160
0.117828
0.163506
0.084483
0.044687
0.007457
0.069689
0.067231
0.101103
0.141300
0.086473
0.050937
0.199077
0.118367
0.094453
0.093542
0.091495
0.130978
0.075614
0.076196
0.130000
0.105961
0.143962
0.095121
0.093534
0.125766
0.020147
0.095078
0.051742
0.030038
0.098088
0.112642
0.074482
0.044875
0.066675
0.161488
0.117231
0.012725
0.088202
0.064541
-0.006613
-0.013887
0.062892
-0.003324
0.037672
0.107966
0.178099
0.098467
0.133259
0.116659
0.191205
0.150509
0.150714
0.106143
0.098721
0.155845
0.139794
0.140188
0.057826
0.133329
0.110586
0.172950
0.126213
0.166292
0.165049
0.159134
0.102591
0.032586
0.097794
0.116721
0.149348
0.118047
0.143233
0.081448
0.089488
0.141638
0.160590
0.055720
0.069545
0.031738
-0.021956
0.027047
0.043492
0.084253
0.096432
0.147490
0.106387
0.079592
0.066633
-0.018634
0.075247
0.029183
0.046613
0.111727
0.054757
0.126514
0.048343
0.012022
0.044040
0.105500
0.056649
0.071174
0.191243
0.087812
0.155821
0.112776
0.079577
0.074649
-0.056730
0.095000
0.066091
0.123325
0.060631
-0.045049
0.012960
0.042796
0.081406
0.169866
0.203384
0.122654
0.116566
0.094878
0.124332
0.189901
0.092665
0.079359
0.002234
0.047893
-0.015341
0.050699
0.065714
0.066911
-0.016118
0.167462
0.042819
-0.059935
0.043585
-0.005334
0.055204
0.088516
0.004837
0.108259
0.137467
0.109764
0.205425
0.127286
0.156698
0.040829
0.107988
0.013551
0.088300
0.067635
0.037785
0.079730
0.098276
0.085242
0.048797
0.002275
0.059294
0.134528
0.093206
0.195724
0.152517
0.171847
0.106703
0.022609
-0.045529
0.093548
0.116286
0.138936
0.035562
0.054701
0.029923
0.020167
0.210065
0.129000
0.178332
0.113817
0.080703
0.067808
-0.042328
-0.017080
0.124312
0.174658
0.099607
0.096725
-0.012001
0.078945
0.067959
-0.007237
0.223976
0.109500
-0.009304
0.109453
0.030767
0.128333
0.148210
0.106469
0.147965
0.142942
0.197708
0.099368
0.146273
0.122476
0.128330
0.101336
0.094159
0.129021
0.116875
0.104695
0.071528
0.055204
0.096974
-0.018528
0.030413
-0.004998
-0.026498
-0.075513
0.100973
0.095306
0.088265
0.163270
0.210481
0.226725
0.181941
0.024343
0.072014
0.025444
0.072387
0.036635
-0.019403
0.007925
-0.007219
-0.011943
0.110344
0.148820
-0.012372
-0.058103
-0.095939
-0.052164
0.115433
0.176115
0.188922
0.020294
0.120129
0.080434
0.093836
-0.007089
0.132437
0.023881
0.087477
0.105590
0.015040
0.111867
0.019808
0.097565
0.109249
0.085550
-0.078451
0.046854
0.118205
0.209583
0.176038
0.108132
0.064892
0.039109
0.061115
0.031288
0.094102
0.134733
0.166765
0.071378
0.116271
0.075258
0.073417
0.063873
0.053918
-0.004684
0.087495
0.056429
0.218068
0.250649
0.180825
0.158008
0.183493
0.052503
0.027980
0.068925
0.121185
0.088333
0.123007
0.097882
0.163066
0.202216
0.091057
0.098702
0.147932
0.115372
0.114235
0.069852
0.089316
-0.005229
0.079059
0.109533
0.157009
0.105546
0.145674
0.099399
0.027376
0.064715
-0.034306
0.009537
0.041620
0.062317
0.084774
0.070639
-0.002033
0.125510
0.071429
0.044419
-0.021868
0.101933
0.179417
0.216929
0.137653
0.048627
0.107026
0.063078
0.068424
0.103951
0.074378
0.019344
0.081376
0.109674
0.107628
0.051542
0.107125
0.096971
0.021185
0.067023
0.148989
-0.030745
0.126601
0.019060
0.141323
0.133168
0.048558
0.012364
0.023150
0.092492
0.089044
0.027009
0.150051
-0.033544
0.049436
0.085110
0.101529
0.080304
0.025290
0.088383
0.088821
0.089966
0.133240
0.007391
0.059095
0.121553
0.058692
0.148582
0.103131
0.147902
0.132386
0.222698
0.065646
0.152998
0.064792
0.052300
0.044704
0.027688
0.092109
-0.015052
0.024221
0.081125
0.085592
0.093829
0.032229
0.080135
0.039694
-0.025389
0.031821
0.083105
0.038712
0.098256
0.136474
0.081454
0.020698
-0.011591
-0.029076
-0.018428
0.062867
0.052777
0.048724
0.080363
0.000714
0.024493
0.026573
0.087885
0.093144
-0.006167
0.041385
0.167875
0.095311
0.089583
0.025126
0.068399
0.181335
0.010325
-0.040674
0.069586
0.030464
0.079770
0.174161
0.147606
0.091947
0.170453
0.081819
0.172497
0.078129
0.064307
0.174961
0.251624
0.144903
-0.060448
0.069878
0.077328
-0.014976
0.055774
0.061467
0.140581
0.109632
0.025309
0.030424
0.060892
0.160743
0.123162
0.065196
-0.023389
0.044631
0.110522
0.148268
0.147458
0.094510
0.063185
0.089783
0.120581
0.055228
0.068568
0.059415
0.109976
0.066111
0.034103
0.005584
-0.002005
0.059439
0.014890
-0.050004
0.154244
-0.019273
-0.032238
-0.001589
0.034653
0.022369
0.049643
0.015081
0.074590
-0.008064
0.113895
0.007597
0.115729
0.040574
0.037776
-0.001261
0.133277
0.130728
0.114204
0.032259
0.004499
-0.081339
0.006088
0.020696
0.046282
0.064738
0.125996
0.133041
0.043903
-0.016092
0.171123
0.039251
0.132351
-0.025025
-0.041986
0.014998
0.109139
0.043541
0.047761
0.162445
0.135526
0.032854
0.012961
0.030768
-0.006224
0.115081
0.071251
0.049257
0.052483
0.188310
0.033801
0.076081
0.189012
0.192552
0.171182
0.044499
0.077620
0.069334
0.062423
0.130297
0.089825
0.020621
0.032528
0.120875
0.055539
0.047692
0.105865
0.101993
0.135163
0.114296
0.048071
0.101227
0.006455
0.031446
0.218267
0.119595
0.092510
0.111806
0.120462
0.154719
0.069410
0.259354
0.008924
0.097032
0.125163
0.062582
0.008709
0.039726
0.147617
0.053825
0.050557
0.152386
0.191614
0.124631
-0.001265
0.092447
0.044204
0.130752
0.141415
0.152778
0.096897
0.113442
0.095914
0.058665
0.031798
0.124663
0.060374
0.112397
0.117075
0.078564
0.105766
0.062759
0.120513
0.140697
0.147788
0.032154
0.189505
0.106179
0.041172
0.136636
0.197203
0.209290
0.161465
0.021804
0.056187
0.137848
0.227204
0.116426
0.141055
0.104210
0.103022
0.152399
0.163904
0.011816
0.061748
0.076821
-0.012450
0.085456
0.097922
0.117865
0.082014
0.035530
0.198809
-0.003624
-0.010891
0.049606
0.034599
0.091612
0.194373
0.094990
0.103705
0.114736
0.080202
0.044882
0.033825
0.103007
0.124390
0.175354
0.089041
0.065128
0.054693
0.144740
0.166421
0.062848
0.112964
0.114526
0.090366
0.166919
0.081703
0.231415
0.191498
0.120145
0.148270
0.116156
0.192457
0.180754
0.123390
0.119445
0.012500
0.143997
0.173681
0.044518
0.094100
0.079696
-0.004257
0.120491
0.122424
0.109751
0.104061
0.186209
0.051724
0.056121
0.097056
0.046961
0.067116
0.098509
0.087394
0.112298
0.146929
0.164082
0.100288
-0.067828
0.031913
0.114960
0.138055
0.078796
0.116333
0.134122
0.068695
0.049515
0.124456
0.097715
0.134735
0.074914
0.041075
0.106028
0.049964
0.120682
0.137049
0.100633
0.160722
0.071723
0.185928
0.105760
0.088135
0.007719
-0.014199
-0.025834
-0.020155
0.034737
0.049371
0.060067
0.090678
0.027816
0.091165
0.141921
0.091885
0.041958
0.181109
0.196032
0.126856
0.098626
0.104854
0.123007
0.136014
-0.014458
0.082067
0.023411
0.074482
0.075640
0.102134
0.025317
0.117358
0.117552
0.085752
0.034818
0.046791
-0.050730
0.002601
0.140655
0.117688
0.081308
0.050036
0.108585
0.046253
0.070803
0.010026
0.101319
0.133204
0.122971
0.071288
0.027963
0.049116
0.059282
0.016396
0.079166
0.027486
0.157258
0.205560
0.064131
-0.009823
0.144007
0.076698
0.107444
0.083376
0.087058
0.084281
0.053216
0.113590
0.120251
0.043783
0.135231
0.076416
-0.020156
0.079259
0.055482
-0.010080
0.059719
0.094013
0.026393
0.107671
0.037494
0.014903
0.049714
0.012164
0.129670
-0.013791
0.074381
0.107322
0.259619
0.160381
0.206091
0.158729
0.113336
0.016259
0.074802
0.106598
0.199407
0.128945
0.080027
0.162234
0.079524
0.153487
0.069512
0.132988
0.061063
0.173339
0.102749
0.012272
0.016943
0.005150
0.092386
0.039800
-0.009418
0.065745
-0.000845
0.031452
-0.024785
0.020682
0.049311
-0.003669
0.022370
0.030186
0.145374
0.085465
0.045600
-0.001014
0.046994
0.135160
0.132644
0.067031
-0.041270
0.011673
0.103256
0.037360
0.140717
0.228230
0.093477
0.136215
0.086135
0.071504
0.091756
0.124895
0.130646
0.060023
0.090887
0.048477
0.012116
-0.003621
0.059665
0.126412
0.124729
0.157634
0.082393
0.151877
0.148977
0.056520
0.115469
0.083296
0.075398
0.148214
0.226328
0.088468
0.105665
0.144035
0.079565
0.069503
0.010238
0.040618
0.085180
0.147593
0.091144
0.062892
0.014242
0.116886
0.067715
0.080560
0.027285
0.097200
0.064279
0.043311
0.081633
0.112413
0.083089
0.062013
0.114837
0.104776
0.023293
0.075161
0.030109
0.101001
0.102711
0.118831
0.089992
0.080917
0.099911
-0.017247
-0.025424
0.016476
0.132497
0.067132
0.086846
0.081149
0.143187
0.059213
0.086094
0.079261
0.175460
0.147881
0.039278
0.107548
0.190339
0.255290
0.155496
-0.060055
0.133218
0.142590
0.089981
0.071615
0.032048
0.074997
0.061114
0.154411
0.132897
0.035361
-0.016774
0.076147
0.028815
0.008653
0.077960
0.058509
0.125948
0.111437
0.073145
0.121687
0.167568
0.103124
0.178307
0.136184
0.154035
0.208207
0.032731
0.000406
0.096488
0.035491
0.058706
0.038368
0.051470
0.066452
-0.004892
0.048088
0.083139
0.109970
0.161115
0.105681
0.038534
-0.034376
0.085605
0.186616
0.044059
0.125109
0.083805
0.197129
0.173501
0.209769
0.115329
0.064641
0.092116
0.094204
0.180581
0.119695
0.134820
0.123640
0.065092
-0.036393
0.176744
0.053548
0.001603
0.129073
0.067260
0.204053
0.194048
0.065109
0.100227
0.114168
0.107576
0.187960
0.060035
0.122807
0.118134
0.210878
0.065826
0.099126
0.095184
0.059814
0.029215
0.110783
0.083401
0.046525
0.164669
0.113426
0.088706
0.175492
0.057041
0.103179
0.139367
0.107078
0.022128
0.103997
0.098180
0.144779
0.080357
0.061041
0.113605
0.099986
0.115173
0.100283
0.064797
0.068150
0.135082
0.082830
0.128236
0.170697
0.002053
0.065336
0.144304
0.220234
0.244344
0.143870
0.150397
0.070311
0.097154
-0.001539
0.029318
0.051024
0.051699
0.050297
0.043054
0.029603
0.117447
0.095221
0.028775
0.046403
0.067336
0.092293
0.046150
0.083461
0.201120
0.106796
0.067879
0.097958
0.033682
0.027527
0.009760
0.100440
0.159608
0.085368
0.046480
0.241801
0.052619
0.111609
0.174539
0.053648
0.058510
0.077728
0.157594
0.002194
0.037552
0.112137
0.075465
0.101324
0.045329
0.053525
0.082687
0.079346
0.143032
0.145065
0.040072
0.079766
0.108154
0.089079
0.073276
0.147835
0.097431
0.110776
0.037432
0.058102
0.069440
0.115654
0.219516
0.189651
0.104271
0.056836
-0.098502
-0.100409
0.038089
0.107382
0.158485
0.165185
0.165466
0.191964
-0.000120
0.021153
0.024922
0.081472
0.144063
0.189118
0.067223
0.156310
0.047242
0.052330
0.130221
0.111033
0.121581
0.125109
0.235104
0.138145
0.062440
0.120517
0.181538
0.113330
0.070690
0.139876
0.181457
0.141705
0.145490
0.097666
0.124947
0.176688
0.109331
0.072959
0.210884
0.145352
0.182728
0.091952
0.078334
0.063658
0.029262
0.030627
0.073899
0.095354
0.074481
0.177605
0.223855
0.252321
0.138345
-0.035093
0.036695
0.075162
0.123473
0.171717
0.111849
0.041287
0.083893
0.085262
0.075151
0.122588
0.127675
0.022471
0.125043
0.135525
0.147220
0.124830
0.167557
0.127501
0.050117
-0.011899
0.035007
0.062130
0.095699
0.116949
0.085195
0.075339
0.195009
0.176924
0.142259
0.067364
0.095973
0.063325
0.109929
0.129992
0.140821
0.151217
0.080303
0.078163
0.048167
0.063132
0.089106
0.115620
0.116723
0.143029
0.132662
0.081730
0.063219
0.121931
0.110577
0.022517
0.147530
0.201177
0.102457
0.098120
0.149134
0.109134
0.103869
0.080391
0.047647
0.128188
0.064681
0.083940
0.123527
0.094851
0.067817
0.142176
0.020385
0.032668
0.078893
-0.004911
-0.014510
0.010640
0.056956
0.048369
0.057414
0.162141
0.092805
0.055075
0.027611
0.025445
0.061251
0.083373
0.081098
0.066765
0.138544
0.116577
-0.019435
0.059505
0.031901
0.139513
0.112026
0.192356
0.175539
0.066027
0.136517
0.026828
-0.055906
0.022326
0.028971
0.126016
0.055867
0.002919
-0.021464
0.069785
0.051093
0.090917
0.007972
0.064112
0.173687
0.175471
0.191155
0.134258
0.056736
-0.084599
0.069333
0.113348
0.092641
0.036716
-0.000050
0.116898
0.149746
0.214378
0.221051
0.174022
0.130208
0.080899
0.164577
0.097391
0.190644
0.107771
0.137132
0.126916
0.124887
0.096959
0.126192
0.101763
0.051375
0.040418
0.072805
0.020189
0.080139
0.065293
0.039523
0.076942
0.050513
0.141193
0.085471
0.105476
0.081854
-0.032578
0.059218
0.106106
0.133473
0.037187
0.100717
0.013496
0.032041
0.033963
0.010769
0.036920
0.071597
0.139859
0.048985
0.025991
0.052115
-0.046469
-0.004475
-0.021614
0.096700
0.130370
0.104849
0.051623
0.037538
0.055895
0.016708
0.069463
0.038736
0.130949
0.102711
0.145826
0.174338
0.080881
0.157499
0.122937
0.141702
0.152105
0.104119
0.048263
0.082093
0.091891
0.158956
0.098750
0.084589
0.119604
0.187433
0.140043
0.072924
0.115139
0.108334
0.046372
0.073167
0.140703
0.101335
0.133228
0.147003
0.162448
0.096859
0.070285
0.104068
0.130581
0.085610
0.223184
0.154299
0.169575
0.150351
0.104794
0.138824
0.088977
-0.014830
0.129651
0.153401
0.169985
0.086265
0.019896
-0.017806
0.069733
0.047870
0.154220
0.164434
0.095172
0.078866
0.116637
0.170961
0.099034
0.110067
0.213905
0.112236
0.147585
0.076669
-0.071973
-0.023496
0.074959
0.111387
0.114980
0.192707
0.017068
0.057468
0.146147
0.104073
0.044525
0.024038
0.093208
0.021947
0.113129
0.060728
0.072965
0.136843
0.115119
0.073299
0.057368
0.110281
0.051645
0.055298
0.172442
0.093276
0.050086
-0.007756
0.053161
0.064037
0.094283
0.104449
0.218164
0.045998
0.026859
0.134627
0.156391
0.112422
0.109613
0.118481
0.130557
0.114738
0.096468
0.174109
0.077708
0.072620
0.133365
0.089800
0.134186
0.100930
0.124211
0.209811
0.147941
0.123063
0.105431
0.069233
0.066789
0.039086
0.094728
0.134991
0.064217
0.081597
0.042540
0.156387
0.053663
0.052708
0.052459
0.108571
0.083674
0.126787
0.150058
0.063537
0.058858
0.093699
0.121426
0.098687
0.005795
0.162793
0.006203
0.175684
0.032707
0.108733
0.178842
0.153259
0.105406
0.144189
0.191013
0.178188
0.232395
0.174383
0.173829
0.070209
0.166696
0.116882
-0.000041
0.104080
0.054961
0.110791
0.118856
0.077443
0.143647
0.003747
0.098753
0.125473
0.146359
0.147230
0.099591
0.172943
0.212786
0.181510
0.088789
0.052566
0.082067
0.076606
0.024926
-0.005666
0.077496
0.179687
0.145495
0.032218
0.055715
0.204276
0.215085
0.174755
0.093891
0.110188
0.144969
0.180497
0.204538
0.122276
0.140388
0.155249
0.142233
0.120413
0.071386
0.033050
0.124733
0.035085
0.093251
0.016282
0.050950
0.131895
0.053491
0.119313
0.141219
0.171368
0.180031
0.105341
0.076011
0.120686
0.214636
0.137080
0.042545
0.000433
0.051572
0.002424
-0.007885
0.040446
0.047002
0.090448
0.166281
0.183811
0.087775
0.108404
0.000541
0.048837
0.098629
0.025441
0.058050
0.203022
0.131054
0.154875
0.145923
0.055535
0.069314
0.053056
0.087016
0.101457
0.148684
0.120413
0.061206
0.147119
0.137005
0.150987
0.149224
0.113886
-0.000023
0.057467
0.108772
0.117196
0.101520
0.139467
0.139482
0.061762
0.064561
0.090671
0.096507
0.045609
0.111160
0.073807
0.152039
0.193230
0.191503
0.147117
0.124976
0.100582
0.068152
0.068352
0.093049
0.048900
0.071068
0.178279
0.153315
0.165334
0.093895
0.079988
0.052000
0.045182
0.043871
0.039312
0.121620
0.110462
0.044573
0.180274
0.044651
0.135958
0.077846
0.074907
0.008397
0.088050
0.076463
0.053967
-0.012636
0.123894
0.142566
0.136941
0.152332
0.201230
0.068640
0.042460
0.111265
0.004174
0.131157
0.163947
0.117614
0.126436
0.178152
0.241777
0.087848
0.123991
0.101487
0.045046
0.137422
0.069045
0.110204
0.211898
0.129108
0.164504
0.170028
0.158653
0.169252
0.072846
-0.078705
-0.096498
-0.029033
0.102111
0.187530
0.085101
0.035805
0.022039
0.014290
0.037117
0.029629
0.124610
0.111757
0.024515
0.041697
0.012553
-0.017958
0.051799
0.094300
0.036684
0.065643
0.018767
0.071669
0.058400
0.062509
0.017382
0.049411
-0.034227
0.068846
0.116544
0.059229
0.150061
0.167475
0.205490
0.148638
0.191704
0.089994
0.061182
0.123972
-0.022330
0.050707
0.102001
0.132526
0.143579
0.157035
0.160839
0.200597
0.124820
-0.006305
0.093850
0.042870
0.163439
0.074407
0.013520
0.074474
0.107422
0.079549
0.039344
0.048850
0.052102
0.048468
0.090408
0.015328
0.050822
0.179273
0.103825
0.222440
0.196019
0.169493
0.123090
0.009206
0.110603
0.171948
0.165474
0.160833
0.090114
0.157607
0.128557
0.075902
0.120450
0.071447
0.149055
0.127397
0.091106
0.060508
0.065242
0.155337
0.168629
0.204263
0.115247
0.062575
0.006265
0.036590
0.033040
0.128834
0.089831
0.088632
0.081065
0.115732
0.118053
0.028513
-0.110263
-0.024085
0.062717
0.027061
0.113518
0.091020
0.131337
0.160275
0.048343
0.109073
0.099400
0.072385
0.066347
0.070109
0.183181
0.005188
0.141914
0.129074
0.074862
0.036919
0.035746
0.005733
0.036150
-0.047899
0.059920
0.025113
0.026442
0.125306
0.093391
0.105672
0.152587
0.002103
0.033615
0.145474
0.203790
0.187575
0.172347
0.140011
0.038929
0.107239
0.138048
0.157836
0.046251
0.006471
0.087100
0.111327
0.034848
0.186091
0.238535
0.110961
0.071366
0.290856
0.129001
0.129994
0.148719
0.223494
0.159460
0.193359
0.108633
0.117754
0.132798
0.062527
0.069270
0.122210
-0.054576
0.051814
0.118679
0.134518
0.137204
0.040656
0.098463
0.017031
0.021087
0.103698
0.097668
0.123763
0.008304
0.173273
0.110222
0.163538
0.253533
0.094470
0.085183
0.032457
0.193246
0.167803
0.156089
0.182328
0.128217
0.058631
0.132771
0.118601
0.069852
0.161476
0.083764
0.193688
0.258036
0.143961
0.029333
-0.034047
0.004223
0.151897
0.021390
0.012202
0.050789
0.045306
-0.014981
0.109258
-0.011361
0.053466
0.008818
0.003025
0.023473
0.067697
0.079460
0.069555
0.145890
0.102543
0.088071
0.106820
0.131177
0.012241
-0.064014
-0.017348
-0.024694
0.206951
0.199112
0.111361
0.076901
0.090718
0.126783
0.094077
-0.019161
0.005623
0.076500
0.014769
0.046752
0.123088
0.056017
0.102095
-0.051113
-0.016810
0.108632
0.060691
0.100274
0.185719
0.085800
0.083073
0.063907
0.037812
0.053965
0.065164
0.009515
0.132768
0.113833
0.121309
0.195772
0.100423
0.104906
0.106222
0.116082
0.071106
0.079078
0.127657
0.124751
0.097008
0.073173
0.067088
0.049440
0.075357
0.133598
0.176640
0.154566
0.093983
0.129084
0.203445
0.148236
0.143982
0.093303
0.104666
0.133580
0.152152
0.074338
0.082914
0.080996
0.003800
0.096832
0.138626
0.108994
0.075672
0.066381
0.024651
0.101171
0.057098
0.061927
0.201130
0.186647
0.065954
0.060794
0.031003
0.071801
0.043860
0.096477
0.142465
0.127969
0.240258
0.147007
0.130316
0.143439
0.102668
0.088040
0.035664
0.192568
0.026901
0.006151
0.048302
0.065121
0.070778
0.071342
0.106028
0.094922
0.041261
0.009903
0.026363
0.084138
0.157444
0.130433
0.079981
0.003196
0.011186
0.087081
0.141195
0.188252
0.140636
0.018015
0.108377
0.106645
0.127209
0.067955
0.088334
0.077870
0.186710
0.102338
0.190314
0.107889
0.190624
0.093837
0.151631
0.215158
0.143576
0.131132
0.068452
0.105162
0.072593
0.069163
0.127565
0.117652
-0.019546
0.077922
0.135025
0.163939
0.159325
-0.029611
0.161002
0.116659
0.084220
0.107789
0.030560
0.058464
0.153281
0.183300
0.101707
0.051427
0.085134
0.081183
0.062906
0.131020
0.117592
0.095282
0.185612
0.173016
0.152881
0.140446
0.126615
0.042513
0.040869
0.147003
0.222835
0.112197
0.133500
0.127036
0.082867
0.146593
0.178745
0.060665
0.093496
0.004047
0.109470
0.163963
0.034673
-0.041948
0.032267
0.136576
0.214813
0.125606
0.145915
0.145572
0.073230
0.064170
0.045306
-0.002911
0.044785
0.115676
0.077406
0.122375
0.087555
0.033999
0.039888
0.104994
0.049733
0.008109
-0.014518
0.119259
0.186202
0.146272
0.169276
0.119727
0.071307
0.143278
0.113962
0.062697
0.119742
0.036883
0.066625
0.109387
0.205159
0.159710
0.101185
0.124885
0.116300
0.125798
0.086787
0.118259
0.153683
-0.011804
0.077594
0.036043
0.078990
0.109811
0.117478
0.041799
0.032532
0.021581
-0.013912
0.056154
0.060888
0.159573
0.124323
0.070913
0.191162
0.016027
0.048772
0.149681
0.033845
0.100404
0.126342
0.078715
0.113776
0.121799
0.088401
0.101450
0.148596
0.050270
0.144990
0.153056
0.210552
0.146998
0.078931
-0.030996
0.055817
0.119233
0.105681
0.146233
0.173144
0.121386
0.072571
0.176645
0.156151
0.117322
0.206175
0.225472
0.038114
0.095685
0.064365
0.042975
0.066558
0.114167
0.087636
0.054684
-0.023295
0.073831
0.080107
0.055132
0.089017
0.201666
0.183750
0.106328
0.095317
0.119928
0.113789
0.078101
0.070050
0.061075
0.144522
0.105122
0.086227
0.149478
0.164838
-0.028327
-0.037885
0.068225
0.105304
0.101250
0.044637
0.109773
0.125917
0.061637
-0.021640
0.014155
-0.003040
0.111559
0.130138
0.003089
0.069277
0.106382
0.122918
0.093727
0.169461
0.083209
0.082347
0.115842
0.180643
0.123294
0.030116
0.143151
0.076122
0.115242
0.106901
0.111364
0.087819
0.076858
0.115655
0.060377
0.041355
0.213965
0.129963
0.144614
0.111712
0.065367
0.137995
0.102943
0.123562
0.126871
0.049117
0.063813
0.054013
0.019207
0.098925
0.055154
0.067756
0.105287
0.092519
0.113979
0.119440
0.015133
0.027832
0.115556
0.012328
0.008767
0.132016
0.081134
0.024659
0.161509
0.077391
0.099592
0.050676
0.060198
0.119020
0.090304
0.060125
0.002627
0.151956
0.142304
0.094641
0.145358
0.071635
0.184836
0.225662
0.039279
0.082651
0.146087
0.146538
0.180517
0.059113
0.133622
0.056984
0.005811
0.040899
0.074673
0.140065
0.139902
0.088619
0.077053
0.071949
0.105415
0.023506
0.142237
0.147626
0.216894
0.122225
0.005757
0.059663
0.080570
0.015043
0.083753
0.082610
0.101188
0.088033
0.025728
0.164387
0.237629
0.136940
0.156763
0.004187
0.060233
0.104361
0.125465
0.137736
0.156255
0.178606
0.065817
-0.005104
0.059876
0.063727
0.033856
0.032058
0.035463
0.107805
0.073155
0.045253
0.125719
0.237337
0.269553
0.103470
0.062761
0.064968
0.166740
0.141157
0.201077
0.151370
0.078997
0.110373
0.054331
0.071102
0.118183
0.101365
0.103665
0.026033
0.003377
0.121170
0.144626
0.044881
0.181830
0.157996
0.069226
0.104607
0.115289
0.051685
-0.005834
0.019765
0.034234
0.063053
0.059411
0.120194
0.195181
0.177286
0.104580
-0.082961
-0.017691
0.093697
0.127923
0.063853
0.049490
0.112058
0.082914
0.195311
0.133908
0.149344
0.159958
0.131826
0.173955
0.125936
0.107746
0.175717
0.192667
0.135011
0.197137
0.151195
0.111441
0.081341
0.155559
0.146161
0.139964
0.087911
0.039005
0.209753
0.102756
0.079328
0.081380
0.056507
0.100199
0.140228
0.049655
0.042877
0.064734
0.117739
0.068777
0.055762
0.143348
0.082296
0.093317
0.084366
0.001705
0.146746
0.064496
-0.015220
0.033693
-0.058474
0.032383
0.154285
0.170807
0.070664
0.040829
-0.034844
-0.017252
0.028016
0.043865
0.170124
0.199054
0.033534
-0.030053
0.158675
0.068190
-0.064053
-0.030061
0.069176
0.123527
0.098207
0.079663
0.114397
-0.065319
0.060841
0.148747
0.048792
0.053102
0.053891
-0.003015
0.045708
0.016163
0.163509
0.133447
0.095662
0.173851
0.007459
0.152158
0.001752
0.047761
-0.001536
-0.011484
0.100547
0.164843
0.120968
0.139954
0.226560
0.156681
0.071581
0.103067
0.105093
0.096522
0.096371
0.131039
0.021671
0.180817
0.078101
0.193444
0.075407
0.154996
0.038454
0.091442
0.100131
0.009350
0.166113
0.111018
0.008725
0.099237
0.118260
0.156517
0.079553
-0.018927
0.134278
0.082477
0.073699
0.061686
0.101217
0.078176
0.093754
0.069592
0.057997
0.124940
0.090775
0.216127
0.030137
0.074538
0.166980
0.125976
-0.008240
0.161930
0.126506
0.129129
0.050906
0.048150
0.040156
0.035510
0.155928
0.212247
0.184868
0.170187
0.123227
0.079890
0.158591
0.018951
0.110706
0.064025
0.116873
0.171202
0.040624
0.124997
0.104959
0.120657
0.069310
0.114126
0.073521
0.180597
0.057812
0.113356
0.142072
0.065752
0.102019
0.030788
0.009233
0.125929
0.201047
0.174380
0.211293
0.184740
0.070299
0.100810
0.142512
0.107197
0.134904
0.093063
0.191911
0.121656
0.002466
0.051083
0.071135
0.167844
0.072853
0.039857
0.068278
0.091363
0.052403
0.099799
0.110158
0.167522
0.154638
0.104826
0.054047
0.166369
0.108739
0.169243
0.102311
0.043645
0.158667
0.233616
0.069705
0.105280
0.094010
0.101504
0.163153
0.050402
0.097656
0.093639
0.057360
0.104870
0.008217
0.064815
0.087036
0.064534
0.100237
0.090199
0.000369
-0.055307
0.125823
0.064005
0.025599
0.007172
0.082389
0.042460
0.164388
0.202477
0.139625
0.129508
0.074226
0.109209
0.015166
0.080494
0.076306
0.191920
0.249897
0.043510
0.056855
0.091446
0.149017
0.146650
0.034516
-0.003597
0.069694
0.076029
0.085808
0.116570
0.078598
0.093714
0.187456
0.120193
0.111949
0.079685
0.082147
0.212304
0.127524
0.149138
0.139380
0.167778
0.073084
0.095531
0.119907
0.166760
0.137425
0.085320
0.072986
0.061263
0.168435
0.136154
-0.063910
-0.011118
0.112409
0.128658
0.176473
0.157924
0.102808
0.199520
0.181601
0.193559
0.121613
0.105882
0.061027
0.097534
0.179552
0.150097
0.079911
0.135189
0.116498
0.162626
0.127054
0.132532
0.089326
0.084210
0.067139
0.114443
0.004715
0.080526
0.072551
0.054960
0.115803
0.161150
0.100831
0.161320
0.151929
0.101383
0.169784
0.228965
0.179131
0.216836
0.091478
0.171611
0.124061
0.081100
0.042141
0.170242
0.015116
0.160677
0.025745
0.083446
0.110394
0.111850
0.113520
0.068053
0.035626
0.115831
0.106743
0.095831
0.056128
-0.027715
0.008758
0.080357
0.086447
0.085227
0.068102
0.025207
0.003044
0.099450
0.179422
0.089068
0.025548
0.051101
0.052942
0.041435
0.101462
0.133310
0.161513
0.067202
0.036457
-0.015238
0.091885
0.099042
0.015591
0.065967
0.039779
0.112640
0.002954
0.032081
0.033824
0.108442
0.025826
0.063577
0.086208
0.090578
0.058059
0.102974
0.073031
0.165625
0.164176
0.036630
0.097662
0.079130
0.051524
0.111152
0.062831
0.102882
0.122346
0.152417
0.210508
0.095175
0.022688
-0.021785
0.014451
0.097618
0.071453
0.135790
0.039423
0.046960
0.047710
0.083679
0.058261
0.140726
0.104455
0.083368
0.095256
0.010835
0.081653
0.039380
0.088457
0.047592
0.126600
0.160146
0.110851
0.092746
0.131397
0.106080
0.096522
0.092817
-0.007926
0.058782
0.026301
0.027668
0.157945
0.187911
0.066767
0.053335
0.149182
-0.006493
0.085707
0.065144
0.004931
0.115524
0.142930
0.094511
-0.011105
0.069268
0.152053
0.120059
0.137614
0.073129
0.055966
0.024291
0.043445
0.093933
0.065470
0.112550
0.097944
0.164991
0.081503
0.123103
0.079163
0.190614
0.095671
0.126761
0.097288
0.124184
0.160703
0.025901
0.172380
0.033782
0.013226
-0.036070
-0.017261
0.008438
0.085858
0.084172
0.006439
-0.013100
0.016189
0.066971
0.083667
0.030087
0.021684
-0.006037
-0.036325
0.086593
0.158070
0.113461
0.090231
0.158543
-0.000055
0.141043
0.151562
0.092922
0.173741
0.033908
0.070242
0.075046
0.062275
0.083705
0.015544
0.053004
0.029904
-0.030146
0.013291
0.071598
0.109912
0.103100
0.037670
0.131944
0.127366
0.180588
0.128586
0.141542
0.084588
0.141238
0.044169
-0.002877
0.124886
0.181110
0.157157
0.159841
0.044992
0.020449
0.125489
0.124105
0.056089
0.117129
0.129018
0.112084
0.157220
0.036185
0.115576
0.125328
0.078184
0.165678
0.220030
0.187304
0.187597
0.217140
0.169374
0.114784
0.044135
0.096863
0.084209
0.131635
0.142613
0.102508
0.078653
0.028410
0.115527
0.063555
0.076114
0.117753
0.127701
0.235655
0.118384
0.155718
0.152830
0.181909
0.100474
0.146757
0.138745
0.062194
0.097315
0.098430
0.139578
0.112710
0.070555
0.145813
0.051774
0.078537
0.103187
0.103586
0.069593
0.085415
0.098258
0.129378
0.046581
0.070000
-0.018187
0.039454
0.042487
0.016516
0.075815
0.033728
0.129808
0.185604
-0.010542
0.088869
0.180763
0.137843
0.107011
0.110955
0.205237
0.101731
0.113702
0.145889
0.035843
-0.055695
0.037731
-0.024311
0.120809
0.135265
0.067573
0.037553
0.103573
0.148548
0.221747
0.198909
0.053664
0.135697
0.118150
0.137434
0.181248
0.148099
0.134891
0.063764
0.133416
0.159218
0.149757
0.126137
0.198727
0.166549
0.088759
0.173598
0.113730
0.151852
0.145200
0.144179
0.160159
0.214383
0.195930
0.157547
0.089208
0.089004
0.140631
0.107998
0.122710
0.169161
0.091776
0.062523
0.091499
0.210247
0.049576
0.090793
0.117944
0.064307
0.078209
0.064273
0.157177
0.060127
0.067034
0.102875
0.056152
0.046108
0.133696
0.020967
0.092066
-0.020818
0.043226
0.090027
0.024337
0.218913
0.221148
0.051580
0.032070
0.008274
0.104590
0.110230
0.089616
0.095773
0.021637
0.128776
0.111721
-0.019661
0.012144
0.088288
-0.036624
0.056190
0.138092
0.082743
0.076144
0.212320
0.075868
0.099592
0.126531
0.152840
0.176471
0.034677
0.075179
0.049907
0.155849
-0.044301
0.042742
0.132214
0.092126
0.092168
0.110813
0.076679
0.159477
0.117883
0.097529
0.133718
0.081239
0.076590
0.132417
0.109143
0.144794
0.091649
0.175829
-0.002663
0.090862
0.099256
0.122801
0.140378
0.215113
0.088492
0.120252
0.108860
0.046253
0.213146
0.132899
0.080849
0.099566
0.133434
0.100844
0.128356
0.177842
0.191496
0.228538
0.123594
0.080435
0.038932
-0.000355
0.080107
0.079831
0.098757
0.170287
0.085227
0.125800
0.088634
0.104257
0.088124
0.203937
0.078247
-0.000256
0.063708
0.085512
0.060828
0.066464
0.138966
0.120819
0.100606
0.159831
0.082178
0.115699
0.120152
0.115765
0.108677
0.007484
0.073748
0.067645
0.157075
0.193049
0.017538
0.119476
0.081207
0.047709
0.120532
-0.001065
0.087134
0.080359
-0.044637
-0.000011
0.110474
0.089005
0.021856
0.068039
0.005780
0.133441
0.086778
0.121350
0.075168
0.140924
0.111296
0.067220
0.022829
0.090178
0.119429
0.121439
0.180384
0.105501
0.087659
0.151878
0.124757
0.145060
0.062957
0.067541
0.135430
0.169485
0.184352
0.087420
0.100460
0.112575
0.070499
0.093722
0.107606
0.081690
0.162627
0.028488
0.012339
0.121608
0.077010
0.083584
0.126857
0.035722
0.070281
0.198732
0.135439
0.193144
0.119684
0.147411
0.009668
0.154196
0.045095
-0.074038
0.158081
0.084472
0.142685
0.202520
0.135145
0.036402
0.109549
0.063581
0.141597
0.052134
0.112912
0.143204
0.083736
-0.000541
-0.049485
0.078182
0.044711
0.044395
0.108232
0.149505
0.210056
0.072754
0.108164
0.030352
0.083968
0.080795
0.146203
0.032385
0.052928
0.103085
0.095859
0.214877
0.150043
0.032741
0.101664
0.073974
0.083681
0.154649
0.100550
0.060938
0.085931
0.111462
0.011993
0.073280
0.093403
0.060357
0.147996
0.141023
0.232144
0.122612
0.079181
0.105808
0.020782
0.101479
0.064013
0.025491
0.075630
0.098372
0.106147
0.093981
0.057760
0.073911
0.125507
0.216883
0.005502
0.137327
0.011313
0.011688
-0.042266
0.042281
-0.045047
0.068494
0.151286
0.009004
0.066163
0.114329
0.115687
0.104752
0.157495
0.140475
0.115612
0.070676
0.026640
0.085684
0.080775
0.019385
0.104770
0.173373
0.069181
0.112335
-0.084006
-0.001670
0.056626
0.118182
0.153996
0.100959
0.225480
0.167944
0.102021
0.079041
0.170099
0.092074
0.090778
0.109543
0.025500
0.050935
0.077689
-0.013864
0.066604
0.063011
0.183334
0.133092
0.166321
0.159722
0.152862
0.135539
0.067278
0.079740
0.087329
0.119892
-0.010095
-0.005840
0.097357
0.068117
0.049942
0.034998
0.068948
-0.071835
0.042187
0.087137
0.070566
0.074201
0.110204
0.194357
0.151611
0.073510
0.133155
0.093793
0.147280
0.139182
0.092597
0.229881
0.116438
0.032277
0.149669
0.067498
0.061002
0.048494
0.003365
0.107013
0.172158
0.076331
0.049675
0.140107
0.165111
0.016792
0.166139
0.190106
0.143858
0.090860
