0	9890	30	30	
50000	9830	30	30	30	30	
100000	9890	30	30	
150000	9860	30	30	30	
200000	9860	30	30	30	
250000	9920	30	
300000	9920	30	
350000	9950	
400000	9830	30	30	30	30	
450000	9770	30	30	30	30	30	30	
500000	9830	30	30	30	30	
550000	9890	30	30	
600000	9920	30	
650000	9770	30	30	30	30	30	30	
700000	9890	30	30	
750000	9890	30	30	
800000	9860	30	30	30	
850000	30	9800	30	30	30	30	
900000	9890	30	30	
950000	9890	30	30	
1000000	9950	
1050000	9830	30	30	30	30	
1100000	9890	30	30	
1150000	9830	30	30	30	30	
1200000	9860	30	30	30	
1250000	9950	
1300000	9950	
1350000	9830	30	30	30	30	
1400000	9860	30	30	30	
1450000	9890	30	30	
1500000	9890	30	30	
1550000	9860	30	30	30	
1600000	30	9830	30	30	30	
1650000	9860	30	30	30	
1700000	9890	30	30	
1750000	9920	30	
1800000	9920	30	
1850000	9920	30	
1900000	9860	30	30	30	
1950000	9890	30	30	
2000000	9830	30	30	30	30	
2050000	9890	30	30	
2100000	9920	30	
2150000	9890	30	30	
2200000	9860	30	30	30	
2250000	9920	30	
2300000	9920	30	
2350000	9920	30	
2400000	9890	30	30	
2450000	9860	30	30	30	
2500000	9920	30	
2550000	9800	30	30	30	30	30	
2600000	9890	30	30	
2650000	9800	30	30	30	30	30	
2700000	9950	
2750000	9860	30	30	30	
2800000	9860	30	30	30	
2850000	9920	30	
2900000	9830	30	30	30	30	
2950000	9920	30	
3000000	9890	30	30	
3050000	9830	30	30	30	30	
3100000	9920	30	
3150000	9800	30	30	30	30	30	
3200000	9860	30	30	30	
3250000	9800	30	30	30	30	30	
3300000	9950	
3350000	9890	30	30	
3400000	9920	30	
3450000	9920	30	
3500000	9890	30	30	
3550000	9800	30	30	30	30	30	
3600000	9920	30	
3650000	30	9800	30	30	30	30	
3700000	30	9920	
3750000	9890	30	30	
3800000	9890	30	30	
3850000	9950	
3900000	9950	
3950000	9830	30	30	30	30	
4000000	9800	30	30	30	30	30	
4050000	9860	30	30	30	
4100000	9800	30	30	30	30	30	
4150000	9860	30	30	30	
4200000	9950	
4250000	9920	30	
4300000	9860	30	30	30	
4350000	9860	30	30	30	
4400000	9860	30	30	30	
4450000	9950	
4500000	9890	30	30	
4550000	9890	30	30	
4600000	9920	30	
4650000	9860	30	30	30	
4700000	9860	30	30	30	
4750000	9920	30	
4800000	9920	30	
4850000	9860	30	30	30	
4900000	9860	30	30	30	
4950000	9920	30	
5000000	9920	30	
5050000	9860	30	30	30	
5100000	9920	30	
5150000	9920	30	
5200000	9950	
5250000	9950	
5300000	9920	30	
5350000	9860	30	30	30	
5400000	9890	30	30	
5450000	9860	30	30	30	
5500000	9830	30	30	30	30	
5550000	9920	30	
5600000	9950	
5650000	9920	30	
5700000	9950	
5750000	9860	30	30	30	
5800000	9920	30	
5850000	9950	
5900000	9950	
5950000	9950	
6000000	9950	
6050000	9920	30	
6100000	