0	46.889572
50	1.736982
100	0.514584
150	0.229601
200	0.428712
250	0.260533
300	0.259927
350	0.432570
400	0.126420
450	0.199092
500	0.107643
550	0.249731
600	0.268968
650	0.238205
700	0.014051
750	0.091655
800	0.293984
850	0.306380
900	0.171480
950	0.260537
1000	0.104742
1050	0.282223
1100	0.273081
1150	0.268567
1200	0.268958
1250	-0.032733
1300	0.015702
1350	0.351078
1400	0.103945
1450	0.277517
1500	0.112969
1550	-0.003842
1600	-0.011442
1650	-0.035032
1700	0.205138
1750	0.103524
1800	-0.006066
1850	-0.014491
1900	-0.009157
1950	0.181302
2000	0.060503
2050	0.045723
2100	0.322991
2150	0.093345
2200	0.434661
2250	0.010202
2300	0.032886
2350	-0.052147
2400	0.211893
2450	0.101075
2500	0.324139
2550	0.141303
2600	0.066217
2650	-0.082923
2700	0.211794
2750	0.015106
2800	-0.018101
2850	-0.121163
2900	0.014045
2950	0.168526
3000	0.401854
3050	0.173225
3100	0.361544
3150	0.384195
3200	0.096485
3250	0.154417
3300	-0.013349
3350	0.288932
3400	0.207289
3450	0.001607
3500	0.148146
3550	0.120043
3600	0.225136
3650	0.054689
3700	0.049509
3750	-0.068493
3800	0.104384
3850	0.114246
3900	0.209451
3950	0.212288
4000	0.205345
4050	0.370723
4100	-0.022882
4150	-0.026989
4200	0.108218
4250	0.180837
4300	0.268521
4350	0.130320
4400	0.296096
4450	-0.047080
4500	0.097571
4550	0.344221
4600	0.076138
4650	0.329550
4700	0.057846
4750	0.143139
4800	0.180384
4850	0.526601
4900	0.239089
4950	0.278481
5000	0.210657
5050	0.098094
5100	0.095845
5150	0.330055
5200	0.309429
5250	0.215667
5300	0.109526
5350	0.068218
5400	0.039688
5450	0.243816
5500	0.123236
5550	0.344828
5600	0.326559
5650	0.284401
5700	0.083869
5750	-0.059102
5800	0.118768
5850	-0.028040
5900	-0.050575
5950	0.145228
6000	0.005008
6050	0.243626
6100	0.029274
6150	0.115506
6200	0.358196
6250	-0.001344
6300	0.160103
6350	0.177807
6400	0.283547
6450	0.225829
6500	0.164517
6550	-0.175364
6600	0.237341
6650	0.217219
6700	0.115239
6750	-0.084262
6800	-0.100518
6850	0.092468
6900	0.116926
6950	-0.033885
7000	0.085735
7050	0.229873
7100	0.023384
7150	0.235676
7200	0.101118
7250	0.189008
7300	0.150381
7350	0.117060
7400	-0.033709
7450	0.305189
7500	0.164423
7550	0.378323
7600	0.009890
7650	0.176600
7700	-0.055578
7750	0.289834
7800	0.170006
7850	0.248146
7900	0.245588
7950	0.189528
8000	0.070764
8050	0.197965
8100	0.209774
8150	0.022812
8200	-0.082581
8250	0.111815
8300	0.057599
8350	0.028164
8400	0.252802
8450	0.250050
8500	-0.005086
8550	0.066595
8600	0.261376
8650	0.080943
8700	0.034120
8750	-0.278321
8800	0.220752
8850	0.434513
8900	0.060572
8950	-0.142068
9000	0.071977
9050	0.069933
9100	0.256848
9150	0.098961
9200	-0.031922
9250	0.133071
9300	-0.048233
9350	-0.117754
9400	-0.016430
9450	0.082025
9500	-0.104523
9550	0.219167
9600	0.277747
9650	0.174062
9700	0.162874
9750	0.501044
9800	-0.015498
9850	-0.045661
9900	-0.049135
9950	0.041647
10000	0.006729
10050	0.191548
10100	0.041609
10150	-0.072264
10200	0.424400
10250	-0.104000
10300	0.048239
10350	-0.037241
10400	0.104871
10450	-0.075782
10500	0.061030
10550	0.118225
10600	-0.116353
10650	-0.325168
10700	0.033153
10750	0.133511
10800	0.004104
10850	-0.213344
10900	0.137131
10950	0.193997
11000	0.307699
11050	-0.044967
11100	-0.198854
11150	0.286018
11200	0.199000
11250	0.116603
11300	0.154865
11350	0.243830
11400	0.109020
11450	0.015020
11500	0.147196
11550	-0.078377
11600	0.068151
11650	0.116592
11700	0.015691
11750	0.006702
11800	0.131114
11850	0.138286
11900	0.099843
11950	-0.026369
12000	0.099658
12050	0.078334
12100	0.109039
12150	0.095917
12200	0.085624
12250	0.139128
12300	0.245349
12350	-0.038976
12400	0.135558
12450	-0.070598
12500	0.151235
12550	0.039050
12600	0.165737
12650	0.139761
12700	0.106532
12750	-0.014931
12800	0.170818
12850	-0.010732
12900	0.165401
12950	0.080205
13000	0.207165
13050	0.317362
13100	0.272708
13150	0.007918
13200	0.141211
13250	0.007723
13300	0.159680
13350	0.064128
13400	0.068768
13450	-0.119269
13500	-0.113617
13550	-0.100335
13600	0.083855
13650	0.048047
13700	-0.020526
13750	-0.259671
13800	0.235623
13850	0.132017
13900	0.170444
13950	0.185428
14000	0.135453
14050	0.233780
14100	0.300502
14150	-0.010111
14200	0.117115
14250	0.130600
14300	-0.008100
14350	0.077163
14400	0.210230
14450	0.258242
14500	0.098063
14550	0.294487
14600	0.021723
14650	-0.032854
14700	-0.128803
14750	0.152398
14800	0.059591
14850	0.062853
14900	0.102640
14950	-0.124088
15000	0.436380
15050	0.085278
15100	0.068156
15150	0.109271
15200	-0.033723
15250	0.100339
15300	-0.005677
15350	0.276781
15400	0.202402
15450	0.022468
15500	-0.043344
15550	0.123111
15600	0.231252
15650	-0.044228
15700	0.262160
15750	0.174950
15800	0.130164
15850	-0.071102
15900	-0.102111
15950	0.025388
16000	0.007283
16050	0.127312
16100	0.115006
16150	0.255091
16200	0.026952
16250	0.155628
16300	0.023666
16350	0.041094
16400	0.308390
16450	0.103191
16500	0.071892
16550	-0.081478
16600	0.151765
16650	0.160615
16700	0.215280
16750	0.061085
16800	0.086890
16850	0.174434
16900	0.002449
16950	0.066606
17000	0.124371
17050	0.116048
17100	0.114551
17150	0.261860
17200	0.106137
17250	0.152858
17300	-0.104457
17350	-0.089777
17400	0.198133
17450	0.300977
17500	0.122842
17550	0.029770
17600	0.157430
17650	0.092271
17700	0.241611
17750	0.106489
17800	0.004749
17850	0.142900
17900	-0.074311
17950	0.148667
18000	0.247791
18050	0.092536
18100	0.168900
18150	0.267248
18200	-0.015020
18250	0.132468
18300	0.172169
18350	-0.023440
18400	0.033028
18450	0.157613
18500	0.162115
18550	0.028173
18600	0.318183
18650	-0.229278
18700	0.114494
18750	-0.046292
18800	-0.008813
18850	0.054797
18900	0.348590
18950	0.301855
19000	0.032255
19050	-0.027155
19100	0.126561
19150	0.063202
19200	0.257347
19250	0.240147
19300	0.098570
19350	0.187818
19400	0.173556
19450	0.080005
19500	-0.034301
19550	0.015671
19600	-0.268667
19650	0.293546
19700	0.049553
19750	0.124003
19800	0.095842
19850	-0.074399
19900	0.192393
19950	0.140664
20000	0.062632
20050	-0.003234
20100	-0.058448
20150	0.138885
20200	0.272337
20250	0.082865
20300	0.082560
20350	-0.023612
20400	-0.000142
20450	0.029966
20500	0.154793
20550	0.224460
20600	-0.074259
20650	0.211377
20700	0.418243
20750	0.082920
20800	0.001297
20850	0.135476
20900	0.066075
20950	-0.191019
21000	0.017984
21050	-0.157498
21100	0.074873
21150	0.172351
21200	0.356414
21250	0.052438
21300	-0.039785
21350	0.150132
21400	-0.201023
21450	0.270166
21500	0.069158
21550	0.177072
21600	0.228550
21650	0.206463
21700	0.044063
21750	-0.094675
21800	-0.089810
21850	-0.345520
21900	-0.076030
21950	0.057892
22000	0.066186
22050	0.068214
22100	-0.163527
22150	-0.141009
22200	-0.108550
22250	-0.012294
22300	0.039565
22350	0.108098
22400	-0.018869
22450	0.200106
22500	0.238345
22550	-0.004071
22600	0.110138
22650	0.175388
22700	0.215312
22750	0.066084
22800	0.202161
22850	0.239086
22900	0.264179
22950	0.152101
23000	0.081870
23050	0.110022
23100	0.040229
23150	0.001147
23200	-0.163057
23250	0.009669
23300	0.175025
23350	0.159813
23400	0.024594
23450	0.067601
23500	0.046703
23550	-0.075984
23600	0.124235
23650	0.128665
23700	0.245581
23750	0.358172
23800	0.048985
23850	-0.112927
23900	0.043073
23950	0.292605
24000	0.091735
24050	-0.006999
24100	0.139059
24150	-0.023622
24200	0.050421
24250	0.047525
24300	0.015206
24350	-0.095946
24400	0.147543
24450	0.187746
24500	-0.201619
24550	0.093810
24600	-0.175117
24650	0.153526
24700	0.151788
24750	-0.021101
24800	0.134837
24850	-0.025014
24900	0.226772
24950	0.239344
25000	-0.051240
25050	-0.159259
25100	0.216365
25150	0.302361
25200	0.256895
25250	-0.121952
25300	-0.050546
25350	-0.074141
25400	0.137248
25450	-0.135706
25500	-0.063268
25550	0.029265
25600	0.062427
25650	-0.053750
25700	0.184953
25750	0.125146
25800	0.084601
25850	0.057130
25900	-0.073135
25950	0.093234
26000	0.094533
26050	0.189288
26100	0.028166
26150	0.050112
26200	-0.036293
26250	0.240366
26300	0.088471
26350	-0.065090
26400	0.105442
26450	-0.087351
26500	0.053295
26550	-0.139303
26600	0.244621
26650	0.211771
26700	-0.080278
26750	0.264740
26800	0.011098
26850	0.219040
26900	0.226624
26950	0.134979
27000	0.166450
27050	-0.032795
27100	0.050682
27150	0.037806
27200	-0.085318
27250	0.010884
27300	-0.007236
27350	-0.041038
27400	0.343890
27450	0.064318
27500	0.327766
27550	0.082451
27600	0.105531
27650	0.085453
27700	-0.077358
27750	0.208527
27800	-0.125527
27850	0.118866
27900	0.112321
27950	0.355420
28000	0.109791
28050	0.037872
28100	0.067520
28150	-0.103899
28200	0.177185
28250	0.035552
28300	-0.075997
28350	0.133317
28400	0.006363
28450	0.148870
28500	-0.031876
28550	0.161337
28600	-0.017367
28650	0.112321
28700	0.013559
28750	0.206537
28800	0.271283
28850	0.466582
28900	0.083504
28950	0.185877
29000	0.104606
29050	-0.182386
29100	-0.008420
29150	0.066766
29200	-0.157775
29250	0.083562
29300	0.117924
29350	0.108644
29400	0.222369
29450	-0.017114
29500	0.164453
29550	-0.145188
29600	0.005494
29650	0.032323
29700	0.079257
29750	0.130041
29800	0.160291
29850	0.001139
29900	0.031702
29950	0.178165
30000	0.222219
30050	-0.023536
30100	0.188790
30150	0.286470
30200	0.055191
30250	0.135051
30300	-0.044481
30350	0.380596
30400	0.287235
30450	0.266402
30500	0.106306
30550	0.224595
30600	-0.071458
30650	0.340433
30700	0.028742
30750	0.047567
30800	0.263724
30850	0.068462
30900	0.273228
30950	0.160567
31000	0.214908
31050	-0.068847
31100	-0.090916
31150	-0.055605
31200	0.060497
31250	0.312307
31300	0.088842
31350	-0.028271
31400	-0.050600
31450	0.066388
31500	-0.025804
31550	0.070588
31600	0.195010
31650	0.080032
31700	0.420288
31750	0.090004
31800	0.014242
31850	0.208414
31900	0.094176
31950	0.199873
32000	0.157974
32050	-0.058672
32100	-0.075096
32150	0.271614
32200	0.074745
32250	0.021816
32300	-0.152093
32350	0.283863
32400	-0.015329
32450	-0.016884
32500	0.231024
32550	0.128229
32600	0.125345
32650	0.079131
32700	-0.032892
32750	-0.060130
32800	0.185645
32850	-0.263701
32900	0.216008
32950	0.422426
33000	0.439115
33050	0.227296
33100	0.136439
33150	0.111098
33200	0.012611
33250	0.080093
33300	-0.003356
33350	0.176169
33400	0.094093
33450	-0.009263
33500	0.040402
33550	0.349276
33600	0.122267
33650	-0.137603
33700	0.071920
33750	0.315488
33800	0.001691
33850	0.148331
33900	-0.037965
33950	-0.010846
34000	0.043761
34050	0.161232
34100	0.182347
34150	-0.016950
34200	0.025155
34250	-0.050334
34300	0.114817
34350	-0.061126
34400	0.215877
34450	0.026119
34500	0.290273
34550	0.282934
34600	-0.098267
34650	-0.014276
34700	0.136870
34750	0.051217
34800	0.000614
34850	0.057600
34900	-0.078491
34950	0.030643
35000	0.172312
35050	0.108278
35100	0.158712
35150	-0.038339
35200	0.320869
35250	0.276706
35300	0.370264
35350	0.187714
35400	0.140886
35450	0.164131
35500	0.304605
35550	0.341407
35600	0.025372
35650	0.155458
35700	0.196709
35750	0.227983
35800	0.045363
35850	0.017878
35900	-0.115451
35950	0.122647
36000	0.102680
36050	0.360877
36100	0.335940
36150	0.214262
36200	-0.002884
36250	0.110314
36300	-0.129981
36350	0.280039
36400	0.003008
36450	0.154492
36500	0.004732
36550	0.313866
36600	0.413799
36650	-0.109904
36700	0.227466
36750	-0.033406
36800	0.169357
36850	0.155472
36900	-0.033035
36950	0.461088
37000	0.047528
37050	0.279666
37100	0.139412
37150	0.015554
37200	0.010602
37250	-0.036298
37300	0.164605
37350	0.194003
37400	0.164751
37450	0.164466
37500	0.228403
37550	-0.014286
37600	0.057702
37650	0.024608
37700	0.215728
37750	0.004674
37800	0.415524
37850	0.229297
37900	0.224584
37950	0.165535
38000	-0.055280
38050	0.062547
38100	0.120625
38150	0.213847
38200	0.084848
38250	0.054825
38300	0.139435
38350	0.080261
38400	-0.192985
38450	0.033763
38500	0.544596
38550	0.233191
38600	0.373779
38650	0.231787
38700	0.113573
38750	0.081746
38800	0.205496
38850	-0.014582
38900	0.080168
38950	0.160482
39000	0.200749
39050	0.041704
39100	0.045215
39150	0.023658
39200	-0.002854
39250	-0.046531
39300	0.210389
39350	0.122698
39400	0.128430
39450	0.098475
39500	-0.121852
39550	-0.067743
39600	0.179869
39650	0.108094
39700	0.067175
39750	-0.159967
39800	0.175409
39850	-0.128491
39900	-0.085928
39950	0.253475
40000	0.027941
40050	0.199964
40100	0.291399
40150	0.162114
40200	0.123935
40250	-0.018084
40300	0.102714
40350	0.089748
40400	0.018947
40450	0.270675
40500	-0.183150
40550	0.141774
40600	0.048445
40650	-0.145006
40700	0.139772
40750	0.074995
40800	0.058753
40850	0.257387
40900	0.175279
40950	0.242755
41000	0.252063
41050	0.189862
41100	0.054231
41150	0.156521
41200	0.188618
41250	-0.063202
41300	0.028158
41350	-0.061997
41400	0.284893
41450	0.011309
41500	0.153457
41550	0.030491
41600	0.065621
41650	0.120202
41700	0.242276
41750	0.024091
41800	0.132637
41850	-0.244488
41900	0.023764
41950	0.062731
42000	0.364972
42050	0.112667
42100	0.187951
42150	0.119710
42200	0.170362
42250	0.062336
42300	-0.122362
42350	0.025852
42400	-0.001776
42450	0.039076
42500	0.025273
42550	0.231972
42600	-0.087999
42650	0.087174
42700	0.107241
42750	0.309185
42800	0.272999
42850	0.213440
42900	0.396415
42950	0.173937
43000	0.087396
43050	0.190827
43100	0.027125
43150	0.232015
43200	0.088706
43250	0.009747
43300	0.353469
43350	0.153945
43400	0.000367
43450	0.137138
43500	0.189057
43550	-0.155645
43600	0.316494
43650	0.103660
43700	-0.118633
43750	-0.115818
43800	0.182313
43850	0.147380
43900	0.054884
43950	0.021180
44000	0.419968
44050	0.320781
44100	0.193689
44150	0.123352
44200	0.126219
44250	0.039216
44300	0.167392
44350	0.228351
44400	0.116091
44450	0.154828
44500	0.209273
44550	0.266016
44600	-0.054700
44650	0.073707
44700	-0.074559
44750	0.168763
44800	0.124031
44850	0.286427
44900	0.002785
44950	0.381829
45000	0.259406
45050	0.302926
45100	-0.018230
45150	0.160186
45200	0.112497
45250	0.063296
45300	-0.064903
45350	0.120504
45400	0.223425
45450	0.132594
45500	0.118746
45550	0.154058
45600	0.031840
45650	-0.072509
45700	0.019306
45750	0.140489
45800	0.233975
45850	0.268668
45900	0.139156
45950	0.155646
46000	0.191156
46050	0.361073
46100	-0.005423
46150	0.020434
46200	-0.028690
46250	-0.107505
46300	0.097649
46350	0.222766
46400	0.112553
46450	0.036805
46500	0.112108
46550	0.001460
46600	0.023998
46650	0.256307
46700	0.173487
46750	0.121283
46800	0.129460
46850	-0.057368
46900	0.145876
46950	0.014347
47000	0.033775
47050	0.057831
47100	-0.080180
47150	0.144135
47200	-0.107866
47250	0.212654
47300	0.091536
47350	0.285538
47400	0.241810
47450	0.223621
47500	0.205580
47550	0.065445
47600	-0.036162
47650	0.048373
47700	-0.058475
47750	0.155025
47800	-0.100513
47850	0.102446
47900	0.054375
47950	0.073433
48000	-0.112446
48050	0.007263
48100	0.030198
48150	0.040886
48200	0.157500
48250	0.308050
48300	0.239711
48350	0.171195
48400	0.225953
48450	0.218423
48500	0.098709
48550	-0.017563
48600	0.035414
48650	-0.177203
48700	0.085207
48750	0.144358
48800	0.104725
48850	-0.023339
48900	0.105661
48950	0.047891
49000	0.071943
49050	0.071736
49100	-0.026064
49150	0.087906
49200	-0.040073
49250	0.108276
49300	0.238556
49350	0.041827
49400	-0.062197
49450	0.097107
49500	-0.007689
49550	0.149023
49600	-0.060279
49650	0.077259
49700	0.085786
49750	-0.004358
49800	0.007239
49850	0.124335
49900	0.078181
49950	0.108081
50000	0.063090
50050	0.215670
50100	0.222387
50150	0.349558
50200	-0.016561
50250	-0.133159
50300	0.041131
50350	0.102999
50400	0.173540
50450	0.360627
50500	0.048141
50550	0.140255
50600	-0.000252
50650	0.444753
50700	0.226895
50750	0.069295
50800	0.219288
50850	0.110919
50900	0.085621
50950	0.363483
51000	0.455002
51050	-0.058875
51100	0.081780
51150	-0.007298
51200	0.059422
51250	0.091541
51300	0.145323
51350	0.105246
51400	-0.041330
51450	0.176327
51500	0.143730
51550	0.122973
51600	0.230798
51650	0.050629
51700	0.184694
51750	0.006748
51800	0.109708
51850	0.255025
51900	0.160843
51950	0.320789
52000	-0.017294
52050	0.124368
52100	0.035268
52150	-0.063920
52200	-0.151075
52250	0.057692
52300	0.227976
52350	0.225172
52400	-0.000342
52450	0.253374
52500	0.103715
52550	-0.255742
52600	0.030349
52650	0.060667
52700	0.282462
52750	-0.095648
52800	0.130094
52850	0.351175
52900	0.300455
52950	0.252461
53000	0.100888
53050	-0.169288
53100	0.059188
53150	0.069307
53200	0.072792
53250	0.157297
53300	0.245629
53350	0.222543
53400	-0.039112
53450	0.204826
53500	0.280453
53550	0.163529
53600	0.158187
53650	0.163873
53700	0.082229
53750	0.038959
53800	0.061934
53850	-0.040388
53900	0.224956
53950	0.013681
54000	-0.059268
54050	0.206120
54100	-0.036459
54150	0.362330
54200	-0.119005
54250	0.096849
54300	-0.000132
54350	0.129646
54400	0.190744
54450	0.169296
54500	0.138475
54550	0.163845
54600	-0.148610
54650	-0.048028
54700	-0.044601
54750	0.015338
54800	-0.005204
54850	0.135090
54900	-0.043347
54950	0.036001
55000	0.095162
55050	0.073861
55100	0.153041
55150	0.076150
55200	0.093504
55250	-0.029689
55300	0.100918
55350	-0.019669
55400	-0.003014
55450	0.222113
55500	0.204974
55550	0.121190
55600	0.062346
55650	0.242977
55700	0.326192
55750	0.023903
55800	-0.148872
55850	0.110956
55900	-0.187747
55950	0.202666
56000	0.372046
56050	-0.123347
56100	-0.077881
56150	-0.164012
56200	0.335466
56250	0.427965
56300	-0.003263
56350	0.109502
56400	-0.020187
56450	0.033904
56500	0.065017
56550	0.271704
56600	-0.160458
56650	-0.009129
56700	0.083603
56750	0.055114
56800	0.141026
56850	0.131315
56900	0.212371
56950	0.077711
57000	0.161762
57050	-0.080447
57100	-0.150432
57150	0.131249
57200	0.169607
57250	0.176145
57300	-0.060585
57350	0.328671
57400	0.036327
57450	0.130820
57500	0.202686
57550	0.000765
57600	-0.030063
57650	0.261960
57700	0.206217
57750	0.194793
57800	-0.013026
57850	0.039885
57900	0.060777
57950	-0.094090
58000	0.369090
58050	0.094490
58100	0.007167
58150	0.101916
58200	0.023402
58250	0.102437
58300	-0.075855
58350	-0.004950
58400	0.106893
58450	0.126918
58500	0.171537
58550	-0.018422
58600	-0.099814
58650	0.196694
58700	0.028207
58750	0.157227
58800	0.225565
58850	0.028067
58900	0.090643
58950	0.121675
59000	0.132761
59050	0.166865
59100	0.064722
59150	0.018233
59200	0.055559
59250	0.007199
59300	0.090143
59350	0.321965
59400	0.294978
59450	0.157016
59500	0.186945
59550	-0.115685
59600	-0.220339
59650	-0.036598
59700	-0.107465
59750	-0.104092
59800	-0.041011
59850	0.197623
59900	0.248587
59950	-0.156387
60000	0.234787
60050	0.327126
60100	-0.034734
60150	0.017528
60200	-0.157864
60250	0.195997
60300	0.142085
60350	0.034949
60400	-0.118996
60450	0.017410
60500	0.309854
60550	0.106126
60600	0.169412
60650	0.038410
60700	0.223584
60750	0.384684
60800	0.167303
60850	0.168897
60900	0.064031
60950	0.110242
61000	0.143827
61050	0.082406
61100	0.130427
61150	0.012743
61200	-0.027499
61250	-0.062957
61300	0.057573
61350	0.153269
61400	-0.277253
61450	0.211701
61500	0.081153
61550	0.252319
61600	-0.133173
61650	0.096759
61700	-0.010314
61750	0.005710
61800	-0.104863
61850	-0.093624
61900	-0.218331
61950	-0.024989
62000	-0.073724
62050	0.286837
62100	-0.124902
62150	0.379299
62200	0.175373
62250	-0.193137
62300	0.002720
62350	0.096357
62400	0.299204
62450	0.090822
62500	0.094513
62550	-0.141421
62600	-0.004313
62650	0.037737
62700	-0.030452
62750	0.139517
62800	-0.074792
62850	0.033040
62900	0.171726
62950	0.371818
63000	0.199975
63050	0.215899
63100	0.056180
63150	-0.028088
63200	0.039094
63250	0.169417
63300	0.105847
63350	0.204589
63400	0.062231
63450	0.279824
63500	0.330285
63550	0.150833
63600	0.278432
63650	0.283195
63700	0.165561
63750	0.042670
63800	-0.170789
63850	-0.101004
63900	0.138450
63950	0.040052
64000	-0.135315
64050	0.114843
64100	0.128511
64150	0.227141
64200	-0.012755
64250	-0.028768
64300	-0.037568
64350	-0.206127
64400	-0.327274
64450	-0.140214
64500	0.178734
64550	0.078491
64600	0.027731
64650	-0.080530
64700	0.227122
64750	-0.101689
64800	0.000575
64850	0.156600
64900	0.139194
64950	0.215866
65000	0.044055
65050	0.220892
65100	0.066210
65150	0.149092
65200	0.020812
65250	0.097385
65300	0.157625
65350	0.074796
65400	0.103645
65450	0.308502
65500	0.047327
65550	0.398214
65600	0.193667
65650	0.310766
65700	0.240779
65750	0.061607
65800	0.018343
65850	0.019150
65900	-0.054303
65950	0.045468
66000	0.201714
66050	0.152725
66100	0.093679
66150	-0.098364
66200	0.164582
66250	0.253265
66300	-0.021176
66350	0.046697
66400	0.091937
66450	0.158580
66500	0.022573
66550	0.140746
66600	-0.002148
66650	0.044748
66700	0.401975
66750	-0.029617
66800	0.052146
66850	0.065781
66900	0.245974
66950	0.079690
67000	-0.032655
67050	0.233986
67100	0.245649
67150	0.329292
67200	0.121216
67250	0.150815
67300	0.154434
67350	-0.067179
67400	-0.058574
67450	0.127761
67500	0.214072
67550	0.050822
67600	0.220411
67650	0.071586
67700	0.089424
67750	0.091321
67800	0.250359
67850	0.019229
67900	0.160629
67950	0.054535
68000	0.205896
68050	0.065728
68100	-0.008954
68150	0.246141
68200	0.083496
68250	-0.051221
68300	0.195614
68350	-0.183184
68400	0.027771
68450	0.056678
68500	0.114608
68550	0.114207
68600	0.279507
68650	0.028089
68700	0.187233
68750	-0.047198
68800	0.104279
68850	0.063659
68900	0.064815
68950	0.233095
69000	0.237198
69050	0.008043
69100	0.235919
69150	0.235003
69200	-0.170217
69250	0.211703
69300	0.132070
69350	0.250625
69400	-0.079013
69450	0.213109
69500	0.185432
69550	-0.067319
69600	0.217005
69650	0.075765
69700	0.075245
69750	0.029008
69800	0.123849
69850	0.080320
69900	0.307602
69950	0.202711
70000	0.123261
70050	0.260254
70100	0.123601
70150	0.041552
70200	0.026375
70250	0.140946
70300	0.283652
70350	0.156593
70400	0.237201
70450	0.142367
70500	0.158748
70550	0.159792
70600	0.100437
70650	0.138787
70700	0.088053
70750	-0.004983
70800	-0.019507
70850	0.255524
70900	0.127999
70950	0.059445
71000	-0.028805
71050	0.087766
71100	-0.157600
71150	0.279064
71200	0.115767
71250	0.214299
71300	0.101682
71350	0.034550
71400	-0.147752
71450	-0.017497
71500	0.218111
71550	0.188019
71600	0.111947
71650	0.270354
71700	0.019780
71750	0.012872
71800	0.258940
71850	0.198256
71900	-0.011548
71950	0.021667
72000	0.225292
72050	0.259020
72100	0.113743
72150	0.051900
72200	0.293803
72250	-0.101587
72300	-0.018622
72350	-0.150774
72400	-0.132678
72450	0.035402
72500	-0.071017
72550	0.225545
72600	-0.085119
72650	-0.160583
72700	0.111282
72750	0.120678
72800	-0.000289
72850	0.045596
72900	-0.076602
72950	0.120620
73000	0.116052
73050	0.253079
73100	0.120990
73150	0.187375
73200	0.054330
73250	0.282894
73300	0.211325
73350	0.095462
73400	0.302595
73450	0.447916
73500	0.256598
73550	0.183499
73600	-0.097799
73650	0.209757
73700	0.303877
73750	0.058063
73800	0.136669
73850	0.169657
73900	0.153121
73950	-0.111642
74000	0.055512
74050	0.021614
74100	0.389071
74150	0.253631
74200	0.251332
74250	0.280976
74300	0.111710
74350	-0.205745
74400	0.025636
74450	0.064940
74500	0.050695
74550	0.074072
74600	-0.135801
74650	-0.060328
74700	-0.113115
74750	0.130079
74800	-0.068690
74850	0.071952
74900	0.364276
74950	-0.096321
75000	0.001370
75050	0.315030
75100	0.240152
75150	0.025143
75200	0.148715
75250	0.131312
75300	0.134409
75350	0.160433
75400	0.035276
75450	0.180725
75500	0.093364
75550	-0.019103
75600	0.095029
75650	0.074769
75700	0.136304
75750	-0.043368
75800	0.241133
75850	0.159691
75900	0.106591
75950	0.123362
76000	-0.212291
76050	-0.144145
76100	0.058419
76150	-0.007663
76200	0.078136
76250	0.306111
76300	-0.220680
76350	0.097109
76400	0.408014
76450	0.080613
76500	0.063756
76550	0.082096
76600	0.132252
76650	0.004784
76700	0.040057
76750	0.315185
76800	0.383668
76850	0.062458
76900	-0.046397
76950	0.012159
77000	0.046874
77050	0.010957
77100	0.118376
77150	0.186654
77200	0.267710
77250	-0.062320
77300	-0.104219
77350	0.058455
77400	0.179615
77450	0.094448
77500	0.223825
77550	0.304376
77600	0.112593
77650	0.066386
77700	0.116375
77750	0.089576
77800	-0.040330
77850	0.017363
77900	0.308081
77950	0.176545
78000	-0.000522
78050	0.118835
78100	-0.090042
78150	-0.066522
78200	0.023456
78250	0.174628
78300	0.019869
78350	-0.034598
78400	-0.130564
78450	0.113462
78500	-0.155355
78550	-0.036396
78600	0.220715
78650	0.033410
78700	0.304791
78750	-0.257052
78800	0.129607
78850	0.120582
78900	-0.040366
78950	0.164151
79000	0.216656
79050	0.193299
79100	0.102929
79150	0.059297
79200	0.110610
79250	0.121898
79300	0.045422
79350	0.101993
79400	0.103356
79450	-0.052255
79500	-0.307629
79550	0.185776
79600	-0.113287
79650	0.115554
79700	0.092134
79750	0.052478
79800	0.008747
79850	0.157865
79900	0.070639
79950	0.151335
80000	0.108595
80050	-0.035053
80100	-0.037623
80150	0.087267
80200	-0.045873
80250	-0.139532
80300	0.022696
80350	0.026683
80400	0.108332
80450	0.231850
80500	-0.284047
80550	-0.103109
80600	0.163594
80650	-0.049463
80700	-0.003729
80750	0.164547
80800	0.340836
80850	-0.140812
80900	-0.140887
80950	-0.095165
81000	-0.125267
81050	-0.192827
81100	0.203185
81150	0.150435
81200	0.072753
81250	0.023639
81300	0.313957
81350	0.245808
81400	0.286629
81450	0.227467
81500	-0.039845
81550	0.178729
81600	0.023774
81650	-0.189719
81700	0.108359
81750	0.001861
81800	0.031794
81850	-0.054073
81900	-0.105018
81950	0.019077
82000	-0.188994
82050	0.029582
82100	0.002016
82150	-0.110746
82200	0.190022
82250	0.106807
82300	-0.113237
82350	0.097036
82400	-0.275068
82450	0.009637
82500	-0.027341
82550	0.067569
82600	0.060934
82650	-0.036323
82700	0.253797
82750	0.259682
82800	0.000640
82850	0.339090
82900	0.113408
82950	0.041162
83000	0.097665
83050	-0.175707
83100	0.215428
83150	-0.012428
83200	-0.047045
83250	0.056254
83300	0.058020
83350	-0.131993
83400	0.228169
83450	0.099590
83500	0.001471
83550	0.067434
83600	0.216670
83650	0.032992
83700	0.131659
83750	0.001284
83800	0.059931
83850	0.266701
83900	0.274575
83950	-0.034317
84000	-0.125711
84050	0.151281
84100	0.049199
84150	0.071420
84200	0.083919
84250	-0.161139
84300	-0.021201
84350	0.163625
84400	0.105785
84450	0.072664
84500	0.080828
84550	-0.125067
84600	-0.080590
84650	0.317413
84700	-0.022413
84750	0.155411
84800	0.154595
84850	-0.078615
84900	-0.145744
84950	-0.070493
85000	0.035163
85050	0.226055
85100	0.008156
85150	0.150655
85200	0.147807
85250	0.134240
85300	0.123807
85350	0.200404
85400	0.175495
85450	0.213978
85500	-0.061703
85550	-0.090772
85600	0.116068
85650	0.334357
85700	0.057897
85750	0.052765
85800	0.067452
85850	0.284464
85900	-0.149486
85950	0.020818
86000	0.113251
86050	-0.066076
86100	0.012009
86150	0.059489
86200	0.188576
86250	0.087609
86300	-0.039041
86350	0.007166
86400	0.197524
86450	0.123211
86500	-0.130223
86550	0.167028
86600	0.080562
86650	0.157812
86700	-0.012450
86750	0.050891
86800	0.242208
86850	0.372850
86900	0.110450
86950	-0.050612
87000	0.229023
87050	0.262716
87100	0.175168
87150	0.173272
87200	-0.210153
87250	0.214200
87300	-0.066744
87350	0.044469
87400	-0.146271
87450	-0.088185
87500	0.178762
87550	0.283885
87600	0.015289
87650	0.126069
87700	0.044477
87750	0.099889
87800	0.195763
87850	-0.016430
87900	0.123722
87950	-0.116476
88000	0.094053
88050	-0.006833
88100	0.213989
88150	0.357675
88200	-0.219205
88250	0.314033
88300	0.227680
88350	0.205702
88400	-0.109844
88450	0.240348
88500	-0.006664
88550	0.056237
88600	-0.015484
88650	0.324286
88700	0.376014
88750	0.250892
88800	0.094643
88850	0.345440
88900	0.171651
88950	0.084044
89000	0.171106
89050	0.218549
89100	0.210188
89150	-0.040266
89200	0.106405
89250	0.184150
89300	-0.212554
89350	0.033117
89400	0.236647
89450	0.061992
89500	-0.188602
89550	-0.007223
89600	0.154937
89650	0.131624
89700	-0.005938
89750	0.156559
89800	0.163677
89850	0.298197
89900	-0.265318
89950	0.193202
90000	-0.062204
90050	-0.036939
90100	0.057124
90150	-0.061345
90200	0.096621
90250	0.011646
90300	0.071273
90350	0.022804
90400	0.081999
90450	0.175797
90500	-0.014386
90550	0.069823
90600	-0.035906
90650	-0.035277
90700	-0.118736
90750	-0.033122
90800	-0.015735
90850	0.219903
90900	-0.011717
90950	-0.121448
91000	0.290908
91050	0.015166
91100	-0.081009
91150	0.183522
91200	0.172272
91250	-0.076801
91300	-0.062187
91350	0.140563
91400	-0.024475
91450	0.354069
91500	0.108619
91550	0.273729
91600	0.146545
91650	0.200973
91700	-0.001992
91750	-0.016331
91800	0.236264
91850	0.078500
91900	0.124287
91950	0.053991
92000	0.127929
92050	0.177858
92100	0.064575
92150	-0.099646
92200	0.098148
92250	0.105435
92300	0.186243
92350	0.047540
92400	0.107698
92450	-0.108110
92500	0.344782
92550	0.074086
92600	-0.059293
92650	-0.078128
92700	0.124394
92750	-0.058659
92800	-0.077412
92850	0.190248
92900	0.215791
92950	0.157839
93000	0.230768
93050	-0.010090
93100	-0.188941
93150	-0.041838
93200	0.040361
93250	0.080205
93300	0.246218
93350	0.124335
93400	0.144087
93450	0.158517
93500	0.312805
93550	-0.127017
93600	0.117256
93650	-0.010512
93700	0.114211
93750	0.239959
93800	0.425569
93850	-0.134209
93900	0.082950
93950	0.136533
94000	0.092173
94050	0.341042
94100	0.123644
94150	-0.089463
94200	-0.095234
94250	-0.090709
94300	-0.025684
94350	0.162903
94400	0.036933
94450	-0.048824
94500	0.153597
94550	0.065608
94600	0.120956
94650	0.146346
94700	0.106165
94750	0.135682
94800	0.004463
94850	0.085574
94900	-0.031867
94950	-0.076604
95000	0.071825
95050	0.236836
95100	-0.074761
95150	-0.129987
95200	0.089212
95250	-0.095402
95300	-0.074384
95350	0.043773
95400	0.116403
95450	0.123951
95500	-0.077922
95550	0.256935
95600	0.027425
95650	0.073373
95700	-0.102747
95750	0.030814
95800	-0.045873
95850	0.127587
95900	-0.086755
95950	0.081010
96000	0.159823
96050	-0.079264
96100	0.227187
96150	0.066703
96200	-0.021002
96250	-0.140277
96300	0.174254
96350	0.110461
96400	-0.188010
96450	0.160452
96500	-0.107612
96550	-0.074937
96600	-0.064472
96650	0.113959
96700	0.146948
96750	-0.080116
96800	0.374807
96850	-0.078981
96900	0.202425
96950	-0.034304
97000	0.058650
97050	0.161377
97100	0.197235
97150	0.219250
97200	0.267259
97250	0.207597
97300	0.250910
97350	0.040559
97400	0.227090
97450	0.117307
97500	-0.056836
97550	0.075963
97600	0.103289
97650	-0.037910
97700	0.166497
97750	-0.006670
97800	0.199183
97850	0.200062
97900	0.126308
97950	0.263021
98000	-0.098595
98050	0.006856
98100	-0.077237
98150	-0.006454
98200	0.036713
98250	-0.010750
98300	-0.028934
98350	0.035122
98400	0.094505
98450	0.030895
98500	0.018155
98550	0.203555
98600	0.071773
98650	0.185283
98700	0.199528
98750	-0.026435
98800	0.240606
98850	0.138256
98900	0.160276
98950	0.151785
99000	0.037723
99050	0.201541
99100	0.252667
99150	0.036723
99200	0.144062
99250	-0.134047
99300	-0.189687
99350	0.004978
99400	0.245994
99450	-0.184176
99500	0.113469
99550	0.017873
99600	-0.010045
99650	0.012582
99700	0.238116
99750	-0.200970
99800	0.119764
99850	0.033759
99900	-0.007479
99950	0.038137
100000	0.131715
100050	-0.049466
100100	0.028753
100150	0.151025
100200	0.212655
100250	0.086766
100300	0.193254
100350	0.019369
100400	0.265566
100450	0.308045
100500	0.036171
100550	0.137049
100600	0.012720
100650	0.036897
100700	0.072541
100750	0.236688
100800	-0.126625
100850	0.088623
100900	-0.288900
100950	0.350794
101000	0.034380
101050	0.084512
101100	-0.157529
101150	-0.164362
101200	0.011303
101250	0.255501
101300	0.060089
101350	-0.153060
101400	-0.042727
101450	0.052683
101500	0.009935
101550	0.124800
101600	0.188297
101650	0.117262
101700	-0.062326
101750	0.329485
101800	0.407708
101850	0.240990
101900	0.240340
101950	0.182303
102000	0.012170
102050	0.349972
102100	0.139179
102150	-0.035926
102200	0.169355
102250	0.147412
102300	-0.075296
102350	0.026562
102400	0.145030
102450	-0.073807
102500	0.067469
102550	0.094173
102600	0.079433
102650	0.047609
102700	0.164836
102750	-0.020255
102800	0.268806
102850	-0.037361
102900	-0.040195
102950	0.068906
103000	0.062619
103050	-0.010971
103100	0.160308
103150	0.039213
103200	-0.065938
103250	0.190823
103300	0.116711
103350	0.055168
103400	0.223180
103450	0.269202
103500	0.233789
103550	0.166872
103600	0.097988
103650	0.155337
103700	0.303795
103750	0.421414
103800	0.404346
103850	0.191159
103900	-0.063732
103950	0.102811
104000	0.198003
104050	-0.081673
104100	0.265061
104150	0.368667
104200	0.039289
104250	0.126576
104300	0.136057
104350	0.038524
104400	0.097535
104450	-0.124824
104500	0.185027
104550	0.137905
104600	-0.127726
104650	-0.162627
104700	0.312796
104750	0.387694
104800	-0.009728
104850	0.113806
104900	0.034442
104950	0.038569
105000	-0.208372
105050	0.105042
105100	0.216119
105150	0.062772
105200	0.012883
105250	0.068631
105300	0.136514
105350	-0.167342
105400	0.125642
105450	0.016323
105500	0.045860
105550	0.012713
105600	-0.121328
105650	0.013062
105700	0.213998
105750	-0.007428
105800	0.126355
105850	0.426477
105900	0.137321
105950	0.165231
106000	0.204990
106050	0.204760
106100	0.284260
106150	-0.052897
106200	0.206759
106250	0.160212
106300	-0.086746
106350	0.042331
106400	0.020757
106450	-0.019853
106500	0.058139
106550	0.234621
106600	-0.026342
106650	0.020742
106700	0.227781
106750	-0.099138
106800	-0.007805
106850	0.190206
106900	0.082393
106950	0.122371
107000	-0.065699
107050	-0.038518
107100	-0.058972
107150	0.027807
107200	0.291697
107250	0.135869
107300	-0.085179
107350	0.044898
107400	0.270109
107450	0.024872
107500	0.143846
107550	0.006588
107600	0.068419
107650	0.169350
107700	0.055316
107750	0.052474
107800	0.069449
107850	0.092063
107900	-0.215292
107950	0.039270
108000	0.271303
108050	-0.024953
108100	-0.058518
108150	0.176849
108200	0.033217
108250	0.197709
108300	0.134227
108350	0.314473
108400	0.193213
108450	0.121824
108500	0.087876
108550	0.030432
108600	-0.059345
108650	-0.053135
108700	0.101009
108750	0.126081
108800	-0.053354
108850	-0.042971
108900	0.028852
108950	0.044621
109000	0.037050
109050	0.010392
109100	0.080129
109150	0.066081
109200	0.223297
109250	0.013037
109300	-0.036135
109350	0.224021
109400	0.124760
109450	0.109236
109500	0.136552
109550	-0.115795
109600	0.307136
109650	-0.017119
109700	-0.008671
109750	0.054159
109800	0.075977
109850	-0.148490
109900	0.115649
109950	0.160491
110000	0.040274
110050	0.214768
110100	0.008298
110150	-0.045212
110200	0.046999
110250	0.233261
110300	-0.131111
110350	-0.009386
110400	0.082414
110450	0.271822
110500	0.090001
110550	-0.106890
110600	0.018819
110650	0.226075
110700	0.088773
110750	0.239388
110800	0.031443
110850	0.061210
110900	0.070165
110950	0.136279
111000	0.305806
111050	0.170599
111100	-0.162015
111150	0.032789
111200	0.217494
111250	0.075122
111300	0.154322
111350	-0.039853
111400	0.004628
111450	0.186146
111500	0.136777
111550	-0.055724
111600	0.006231
111650	0.278418
111700	0.111081
111750	0.027919
111800	0.087165
111850	0.164468
111900	-0.059250
111950	-0.066124
112000	-0.038678
112050	0.092877
112100	-0.135369
112150	0.250801
112200	-0.227875
112250	0.000932
112300	-0.005945
112350	0.129119
112400	-0.116186
112450	0.125736
112500	0.061503
112550	0.099386
112600	0.127332
112650	0.086500
112700	0.055272
112750	0.086721
112800	0.154660
112850	0.173190
112900	-0.121606
112950	0.029831
113000	-0.148884
113050	-0.200991
113100	-0.093284
113150	-0.031761
113200	0.165511
113250	0.101581
113300	-0.015772
113350	0.107276
113400	-0.052189
113450	-0.137328
113500	0.077168
113550	0.170855
113600	0.325946
113650	0.141310
113700	0.015998
113750	0.082543
113800	0.126606
113850	0.003071
113900	-0.001386
113950	0.025506
114000	0.317789
114050	0.197147
114100	0.039936
114150	-0.023437
114200	0.014326
114250	0.127974
114300	0.080110
114350	-0.055267
114400	0.055486
114450	0.364267
114500	0.196855
114550	0.223818
114600	0.160998
114650	0.112187
114700	0.100895
114750	-0.003980
114800	-0.050452
114850	0.124659
114900	0.057386
114950	0.158318
115000	0.147717
115050	0.082839
115100	0.132046
115150	0.225783
115200	-0.004875
115250	0.152584
115300	0.063296
115350	0.038767
115400	-0.098208
115450	-0.037818
115500	0.218680
115550	-0.051127
115600	0.073928
115650	-0.069690
115700	0.049223
115750	0.155974
115800	-0.049165
115850	0.227308
115900	0.104905
115950	0.037810
116000	0.026939
116050	0.077803
116100	0.168316
116150	0.244937
116200	0.118324
116250	0.279709
116300	0.216405
116350	0.403956
116400	0.343780
116450	-0.066404
116500	0.072066
116550	0.168323
116600	0.147618
116650	0.033122
116700	-0.009121
116750	-0.142009
116800	0.134273
116850	-0.123433
116900	0.059593
116950	-0.011833
117000	0.333332
117050	0.205541
117100	0.133537
117150	0.046599
117200	0.025250
117250	-0.039471
117300	0.073481
117350	0.034814
117400	0.105097
117450	0.232248
117500	0.186135
117550	0.027574
117600	0.126823
117650	-0.192640
117700	0.473522
117750	0.280600
117800	0.232342
117850	-0.370897
117900	0.096321
117950	-0.082377
118000	0.045333
118050	0.029231
118100	0.064626
118150	-0.083632
118200	0.180975
118250	0.028736
118300	0.062000
118350	0.036983
118400	0.260615
118450	0.252803
118500	0.006074
118550	0.009503
118600	0.243728
118650	0.399619
118700	0.248361
118750	0.093651
118800	0.396152
118850	0.006514
118900	0.334753
118950	0.143401
119000	0.134996
119050	0.222436
119100	0.076138
119150	0.136487
119200	-0.020908
119250	0.142813
119300	0.111713
119350	-0.032739
119400	0.001690
119450	0.245307
119500	0.046623
119550	0.055457
119600	-0.172454
119650	0.109776
119700	0.019947
119750	0.063936
119800	-0.138671
119850	0.116003
119900	0.255867
119950	-0.084549
120000	-0.044700
120050	-0.057406
120100	0.460084
120150	-0.054755
120200	-0.085397
120250	0.022951
120300	0.013751
120350	0.006517
120400	0.451119
120450	0.150114
120500	-0.002895
120550	-0.056459
120600	0.117076
120650	0.288970
120700	-0.111486
120750	0.108043
120800	0.004624
120850	0.114146
120900	0.177408
120950	-0.066688
121000	0.300824
121050	-0.122899
121100	0.053987
121150	-0.020352
121200	0.111725
121250	0.108632
121300	-0.151974
121350	0.183845
121400	0.092502
121450	0.229396
121500	0.177586
121550	0.223949
121600	-0.025806
121650	-0.115107
121700	0.218224
121750	0.032663
121800	0.314256
121850	0.004964
121900	0.145337
121950	-0.172108
122000	0.133496
122050	0.211934
122100	0.120803
122150	0.089483
122200	0.254933
122250	0.010258
122300	0.117722
122350	0.019388
122400	-0.169306
122450	0.125352
122500	0.137741
122550	-0.031923
122600	0.143445
122650	0.295786
122700	0.231997
122750	0.009096
122800	0.094379
122850	0.191158
122900	0.298406
122950	0.192532
123000	0.074795
123050	0.247631
123100	-0.135349
123150	0.026633
123200	-0.067911
123250	0.032447
123300	0.042342
123350	0.335553
123400	0.136891
123450	0.201653
123500	0.159698
123550	-0.006663
123600	-0.031361
123650	0.065105
123700	0.031958
123750	0.124422
123800	0.014809
123850	-0.133604
123900	-0.072055
123950	-0.029030
124000	0.089761
124050	-0.035795
124100	-0.151503
124150	0.167478
124200	0.372508
124250	-0.236404
124300	-0.263897
124350	0.024203
124400	0.168239
124450	-0.031354
124500	-0.121604
124550	0.094389
124600	-0.087339
124650	0.202265
124700	-0.255705
124750	-0.138628
124800	0.100160
124850	0.198051
124900	0.063215
124950	-0.114439
125000	0.194245
125050	0.005379
125100	-0.014424
125150	0.124201
125200	0.122995
125250	0.231022
125300	-0.073823
125350	0.109056
125400	0.056206
125450	0.169463
125500	0.023215
125550	0.214066
125600	0.142112
125650	0.023231
125700	0.171674
125750	0.048523
125800	0.173415
125850	0.412205
125900	0.081553
125950	0.001555
126000	-0.148239
126050	0.208211
126100	0.385091
126150	0.096317
126200	-0.113877
126250	-0.192689
126300	0.270507
126350	0.327318
126400	0.136362
126450	0.055144
126500	0.096061
126550	0.110613
126600	0.048833
126650	-0.007248
126700	0.167173
126750	0.150317
126800	-0.132968
126850	-0.126778
126900	0.113970
126950	0.036160
127000	0.148727
127050	0.167877
127100	0.240913
127150	0.336561
127200	0.405544
127250	-0.049631
127300	-0.116879
127350	0.210435
127400	0.290436
127450	0.192267
127500	0.129134
127550	0.122825
127600	0.020586
127650	0.063365
127700	0.146793
127750	0.109763
127800	0.166697
127850	-0.188130
127900	0.154176
127950	0.158246
128000	-0.260905
128050	0.140181
128100	0.165518
128150	0.034789
128200	0.224520
128250	0.270405
128300	0.099207
128350	0.267070
128400	0.071669
128450	-0.080537
128500	0.052248
128550	0.331715
128600	0.214262
128650	0.266365
128700	0.157708
128750	0.031002
128800	0.082446
128850	0.121426
128900	0.142616
128950	-0.037659
129000	0.085844
129050	0.050489
129100	0.110848
129150	0.332828
129200	-0.033444
129250	0.203308
129300	-0.141830
129350	-0.145585
129400	-0.343436
129450	0.188278
129500	-0.174733
129550	0.111974
129600	-0.075931
129650	0.234599
129700	0.226695
129750	0.163662
129800	0.024311
129850	0.138181
129900	0.037375
129950	-0.169280
130000	-0.070420
130050	0.067441
130100	0.235664
130150	0.018148
130200	0.145569
130250	-0.139833
130300	0.252684
130350	0.043517
130400	0.181767
130450	0.165962
130500	0.055638
130550	0.056242
130600	0.185703
130650	0.046255
130700	0.229010
130750	-0.074765
130800	0.290531
130850	0.072240
130900	0.069613
130950	0.072622
131000	0.324920
131050	-0.100371
131100	0.326145
131150	0.114321
131200	0.026880
131250	0.104920
131300	0.153813
131350	0.104652
131400	0.006892
131450	-0.114063
131500	0.134168
131550	0.038248
131600	0.016934
131650	0.093355
131700	0.070956
131750	0.354419
131800	0.008948
131850	0.086657
131900	-0.144098
131950	-0.093323
132000	0.028744
132050	0.122753
132100	0.076765
132150	-0.027051
132200	0.287717
132250	0.090844
132300	0.117352
132350	0.153766
132400	0.327069
132450	0.127405
132500	-0.001487
132550	0.031952
132600	-0.123126
132650	0.170471
132700	-0.086128
132750	0.115012
132800	0.073206
132850	0.151807
132900	0.076949
132950	0.250180
133000	0.330264
133050	0.055581
133100	0.059326
133150	0.038819
133200	-0.034248
133250	0.081437
133300	-0.113345
133350	-0.119736
133400	0.009974
133450	0.134433
133500	-0.035518
133550	0.200694
133600	0.365380
133650	0.176458
133700	-0.039205
133750	0.052036
133800	-0.004860
133850	0.090664
133900	0.462314
133950	0.134908
134000	0.144229
134050	-0.136306
134100	0.051332
134150	0.117667
134200	0.103383
134250	0.224843
134300	0.124105
134350	0.323041
134400	0.204336
134450	0.076940
134500	0.262921
134550	0.030353
134600	0.139625
134650	0.009130
134700	0.146730
134750	0.055393
134800	0.097871
134850	0.129548
134900	0.112143
134950	0.422455
135000	0.113762
135050	0.119106
135100	0.187536
135150	0.125018
135200	-0.207359
135250	-0.084734
135300	0.286652
135350	0.192493
135400	0.142527
135450	-0.112676
135500	0.040519
135550	-0.055003
135600	-0.005506
135650	0.093239
135700	-0.029740
135750	0.146607
135800	-0.006110
135850	-0.078472
135900	0.143731
135950	-0.014239
136000	0.114370
136050	0.349064
136100	0.213190
136150	0.124509
136200	0.128399
136250	-0.167934
136300	0.145037
136350	0.173646
136400	0.348266
136450	0.003566
136500	0.341018
136550	-0.065709
136600	0.355073
136650	0.174547
136700	0.208011
136750	0.341413
136800	-0.082182
136850	-0.066230
136900	0.046402
136950	0.210309
137000	0.220570
137050	0.205725
137100	0.016538
137150	0.162771
137200	0.127938
137250	0.134422
137300	0.109867
137350	-0.026695
137400	0.111837
137450	0.215623
137500	0.095684
137550	0.237126
137600	0.268052
137650	0.082336
137700	0.078813
137750	0.137780
137800	0.018617
137850	-0.027416
137900	0.286356
137950	0.184357
138000	0.003409
138050	0.033531
138100	0.196186
138150	0.114031
138200	0.089268
138250	0.231826
138300	0.113072
138350	0.207063
138400	-0.242153
138450	0.116893
138500	-0.073715
138550	0.118386
138600	-0.111209
138650	0.044528
138700	0.069022
138750	0.104461
138800	0.125798
138850	0.296254
138900	0.167035
138950	-0.045862
139000	-0.014991
139050	0.236941
139100	0.220362
139150	-0.118295
139200	0.013857
139250	0.320678
139300	0.157835
139350	0.142426
139400	0.312097
139450	0.044916
139500	-0.117075
139550	0.002834
139600	0.125179
139650	0.201440
139700	0.018296
139750	0.297125
139800	0.200602
139850	0.035051
139900	-0.119964
139950	0.002496
140000	0.144808
140050	0.147224
140100	-0.001815
140150	0.160482
140200	0.162478
140250	-0.140188
140300	0.260683
140350	0.107103
140400	0.213673
140450	0.169784
140500	0.190284
140550	0.006776
140600	0.113610
140650	0.035409
140700	0.155942
140750	0.158317
140800	0.217999
140850	0.010605
140900	0.278033
140950	-0.005453
141000	0.072484
141050	0.071315
141100	0.006332
141150	-0.183604
141200	0.195791
141250	0.203834
141300	0.121340
141350	-0.162854
141400	0.090358
141450	0.475780
141500	0.141118
141550	0.150045
141600	0.340338
141650	0.080877
141700	-0.046700
141750	0.133390
141800	-0.033031
141850	-0.021713
141900	0.133824
141950	0.171540
142000	-0.081130
142050	-0.096078
142100	-0.092815
142150	-0.307679
142200	0.056104
142250	0.121429
142300	-0.004484
142350	-0.010165
142400	0.233932
142450	0.040941
142500	0.074333
142550	-0.026939
142600	0.073284
142650	-0.136559
142700	0.028762
142750	0.086169
142800	-0.063779
142850	-0.003829
142900	-0.028896
142950	0.102408
143000	0.066207
143050	-0.143945
143100	-0.042746
143150	0.042748
143200	0.134965
143250	-0.137392
143300	0.028397
143350	0.437249
143400	0.270096
143450	0.008146
143500	-0.239424
143550	-0.167362
143600	0.098345
143650	-0.085702
143700	0.036814
143750	0.104058
143800	0.043998
143850	-0.015693
143900	0.233952
143950	0.097223
144000	0.145189
144050	0.092659
144100	0.147708
144150	0.034766
144200	0.191343
144250	0.128836
144300	0.158775
144350	0.020880
144400	0.240582
144450	0.264865
144500	-0.055237
144550	0.238363
144600	0.191116
144650	0.173493
144700	0.024238
144750	0.028581
144800	-0.021530
144850	-0.173753
144900	0.302691
144950	-0.145363
145000	0.212291
145050	0.132158
145100	0.057345
145150	-0.026836
145200	-0.199123
145250	0.093631
145300	0.002155
145350	0.093144
145400	0.032214
145450	0.159135
145500	-0.206261
145550	-0.012067
145600	0.122921
145650	0.114559
145700	-0.035394
145750	0.001209
145800	0.186650
145850	-0.046937
145900	0.324518
145950	0.179452
146000	0.144308
146050	-0.313908
146100	-0.148710
146150	0.154685
146200	0.024320
146250	0.124502
146300	0.224964
146350	0.097138
146400	0.191573
146450	-0.101979
146500	-0.020270
146550	0.201676
146600	0.046065
146650	0.171397
146700	-0.227343
146750	-0.196231
146800	-0.100047
146850	0.154612
146900	0.146160
146950	-0.139601
147000	0.081024
147050	0.077020
147100	0.023485
147150	0.282388
147200	0.044216
147250	-0.050877
147300	0.189886
147350	0.012742
147400	0.038053
147450	-0.087604
147500	0.211470
147550	-0.059757
147600	-0.076515
147650	0.094049
147700	0.297149
147750	-0.044240
147800	0.015340
147850	-0.207944
147900	0.030291
147950	-0.089010
148000	-0.013172
148050	0.084879
148100	0.257477
148150	-0.068629
148200	0.218461
148250	0.064184
148300	-0.060841
148350	0.082579
148400	0.255692
148450	-0.119111
148500	0.106725
148550	0.410781
148600	0.359170
148650	-0.060161
148700	-0.085575
148750	0.078209
148800	0.177750
148850	0.083849
148900	-0.201202
148950	0.168722
149000	0.222911
149050	-0.248032
149100	0.093629
149150	0.119211
149200	-0.168255
149250	-0.103309
149300	0.030218
149350	0.106372
149400	0.039856
149450	0.088867
149500	0.029050
149550	-0.109009
149600	0.094096
149650	0.012041
149700	0.054692
149750	0.210776
149800	0.049870
149850	-0.186931
149900	0.124117
149950	0.041651
150000	0.140800
150050	0.179377
150100	0.012317
150150	0.147838
150200	0.057437
150250	0.374769
150300	0.239720
150350	0.390703
150400	-0.073544
150450	-0.086619
150500	0.172761
150550	0.093539
150600	-0.032512
150650	0.343083
150700	0.106030
150750	0.013406
150800	0.023451
150850	0.054286
150900	-0.124595
150950	-0.141280
151000	0.028357
151050	-0.112226
151100	-0.012804
151150	-0.011954
151200	0.051205
151250	0.190443
151300	0.382967
151350	-0.239041
151400	0.043473
151450	-0.057432
151500	0.083035
151550	0.042957
151600	0.035660
151650	-0.030915
151700	0.426518
151750	0.140465
151800	-0.006347
151850	0.304072
151900	-0.055947
151950	-0.062571
152000	0.227876
152050	-0.110007
152100	0.133203
152150	0.064730
152200	-0.182746
152250	-0.239896
152300	0.121197
152350	0.177692
152400	0.109466
152450	-0.097007
152500	0.109635
152550	-0.120741
152600	0.019346
152650	0.071861
152700	-0.097211
152750	-0.050884
152800	0.103340
152850	-0.140655
152900	-0.137406
152950	0.185105
153000	0.112349
153050	0.063916
153100	0.060491
153150	0.084810
153200	-0.204784
153250	-0.005972
153300	-0.055852
153350	-0.018630
153400	-0.243751
153450	-0.038732
153500	-0.006831
153550	-0.066897
153600	-0.039472
153650	-0.078679
153700	0.050600
153750	0.086889
153800	-0.021470
153850	0.049114
153900	-0.096482
153950	0.175169
154000	0.076217
154050	-0.074637
154100	0.167923
154150	0.194381
154200	0.121125
154250	0.036891
154300	0.170226
154350	0.061973
154400	-0.007440
154450	-0.072679
154500	-0.109141
154550	0.291940
154600	0.046158
154650	-0.078539
154700	-0.059655
154750	-0.068494
154800	0.028111
154850	0.346359
154900	0.413513
154950	0.113351
155000	0.176806
155050	0.213322
155100	0.164674
155150	0.191903
155200	0.057169
155250	-0.044479
155300	0.143477
155350	0.048087
155400	0.176107
155450	0.133560
155500	-0.049081
155550	0.125691
155600	-0.020843
155650	0.225529
155700	0.263079
155750	-0.176177
155800	0.062963
155850	0.053246
155900	0.166450
155950	0.140016
156000	0.139575
156050	0.094903
156100	0.136882
156150	-0.034879
156200	-0.010572
156250	-0.198820
156300	0.143152
156350	0.271515
156400	0.254713
156450	-0.088567
156500	0.292092
156550	0.099982
156600	0.325550
156650	-0.111434
156700	-0.027095
156750	0.016584
156800	0.032860
156850	0.193370
156900	0.030026
156950	0.086848
157000	-0.022236
157050	0.184456
157100	0.214929
157150	-0.012436
157200	0.151029
157250	-0.035789
157300	0.114778
157350	0.112910
157400	0.193714
157450	-0.250822
157500	0.157317
157550	0.364079
157600	0.041150
157650	0.186233
157700	-0.155499
157750	-0.165017
157800	0.324286
157850	0.067759
157900	0.049220
157950	0.157424
158000	0.055363
158050	0.219675
158100	-0.326308
158150	0.229138
158200	0.369883
158250	-0.074047
158300	0.062202
158350	-0.133140
158400	-0.083095
158450	-0.169533
158500	0.178220
158550	-0.076987
158600	0.073444
158650	-0.274215
158700	0.113657
158750	0.032353
158800	0.150954
158850	0.062140
158900	0.051703
158950	0.184475
159000	0.191386
159050	-0.013707
159100	0.184621
159150	0.123217
159200	0.013818
159250	0.244762
159300	0.090120
159350	0.066668
159400	0.201920
159450	0.123403
159500	-0.182569
159550	0.258109
159600	0.236568
159650	0.174564
159700	0.176858
159750	0.173772
159800	0.240678
159850	0.063626
159900	0.085536
159950	-0.217005
160000	0.016649
160050	0.103313
160100	0.082447
160150	0.073935
160200	0.121161
160250	0.132463
160300	0.200052
160350	0.127224
160400	0.009126
160450	0.129884
160500	0.092603
160550	0.041154
160600	-0.019005
160650	0.085060
160700	-0.038336
160750	0.137415
160800	0.063968
160850	0.151452
160900	-0.229948
160950	0.236249
161000	0.067313
161050	-0.122616
161100	-0.137846
161150	0.220325
161200	0.271694
161250	0.055381
161300	0.241873
161350	0.051037
161400	0.342995
161450	0.042311
161500	0.226579
161550	-0.004635
161600	0.390807
161650	0.105069
161700	0.169323
161750	0.136960
161800	-0.158202
161850	0.180177
161900	0.033436
161950	0.020306
162000	-0.041432
162050	0.006387
162100	0.330035
162150	0.098892
162200	-0.004451
162250	-0.086206
162300	0.026105
162350	0.223334
162400	0.230640
162450	0.322210
162500	0.101340
162550	-0.095404
162600	0.287818
162650	0.103153
162700	-0.124301
162750	0.313875
162800	0.098255
162850	0.199634
162900	-0.033733
162950	0.000203
163000	0.114234
163050	0.142997
163100	0.135329
163150	0.141365
163200	-0.127425
163250	0.212031
163300	0.041660
163350	0.339441
163400	0.303100
163450	-0.016928
163500	0.248371
163550	0.181681
163600	0.097084
163650	0.070219
163700	0.347280
163750	0.353992
163800	-0.038004
163850	-0.136298
163900	0.023083
163950	0.071079
164000	0.162031
164050	0.188068
164100	-0.082729
164150	-0.046223
164200	0.148880
164250	0.344400
164300	0.062251
164350	0.132665
164400	0.076142
164450	0.030854
164500	0.078201
164550	-0.249073
164600	0.275004
164650	0.058454
164700	0.122535
164750	-0.344812
164800	0.131953
164850	0.185175
164900	-0.022537
164950	0.080857
165000	-0.023614
165050	-0.222060
165100	0.130800
165150	0.339343
165200	0.132087
165250	0.196959
165300	-0.033971
165350	0.137340
165400	-0.101984
165450	0.083327
165500	0.135684
165550	-0.060052
165600	0.231985
165650	0.185327
165700	0.015228
165750	-0.191278
165800	-0.031681
165850	-0.013422
165900	0.048533
165950	0.050264
166000	0.105534
166050	0.142990
166100	-0.012402
166150	-0.168212
166200	0.046386
166250	0.220739
166300	-0.044132
166350	0.054572
166400	0.156142
166450	0.057758
166500	0.175968
166550	0.219327
166600	0.131619
166650	0.042040
166700	0.296830
166750	-0.063555
166800	-0.028390
166850	0.094003
166900	0.287480
166950	0.216030
167000	-0.009377
167050	-0.022531
167100	0.063995
167150	0.004143
167200	-0.189746
167250	0.162173
167300	-0.035488
167350	0.322341
167400	0.178797
167450	0.059993
167500	0.290114
167550	0.045498
167600	0.143094
167650	0.056046
167700	0.226471
167750	0.181979
167800	-0.028157
167850	0.056837
167900	0.165797
167950	0.139264
168000	0.019099
168050	0.134396
168100	0.028872
168150	0.270885
168200	0.133874
168250	0.238278
168300	0.076396
168350	0.274354
168400	0.150623
168450	-0.024818
168500	0.086097
168550	0.126775
168600	-0.021195
168650	-0.079232
168700	-0.058695
168750	0.114071
168800	0.167468
168850	0.278182
168900	0.125079
168950	0.267723
169000	0.216424
169050	0.230824
169100	0.013212
169150	0.117558
169200	0.045246
169250	0.109664
169300	0.094525
169350	-0.035839
169400	0.312366
169450	0.002563
169500	-0.032601
169550	-0.027327
169600	0.009832
169650	0.149347
169700	-0.030941
169750	-0.196290
169800	0.036004
169850	0.303400
169900	0.209357
169950	-0.041664
170000	0.257649
170050	0.047811
170100	-0.034654
170150	-0.057739
170200	0.175750
170250	0.085231
170300	0.251705
170350	0.264399
170400	0.094152
170450	0.224281
170500	0.088913
170550	0.094597
170600	0.123839
170650	-0.076857
170700	-0.007156
170750	0.215543
170800	0.081774
170850	0.084466
170900	0.090542
170950	-0.128036
171000	-0.063859
171050	0.105439
171100	0.171789
171150	0.038818
171200	0.186294
171250	0.315648
171300	0.291366
171350	0.249992
171400	-0.018296
171450	0.354671
171500	-0.135445
171550	0.140620
171600	0.095764
171650	-0.025951
171700	0.112096
171750	0.226203
171800	-0.050626
171850	0.473734
171900	0.081366
171950	0.121879
172000	0.183686
172050	0.147155
172100	0.042747
172150	0.276696
172200	0.143706
172250	0.164811
172300	0.234396
172350	0.042885
172400	0.112964
172450	0.192665
172500	-0.038073
172550	0.041885
172600	0.142558
172650	0.053128
172700	0.084379
172750	0.076113
172800	0.107464
172850	0.152834
172900	0.000653
172950	0.228788
173000	0.203855
173050	0.165193
173100	0.092306
173150	-0.096698
173200	0.149244
173250	0.006027
173300	0.248343
173350	0.136004
173400	0.182884
173450	0.071015
173500	0.022740
173550	0.080338
173600	0.082551
173650	0.104624
173700	0.280583
173750	0.028232
173800	0.232225
173850	0.291884
173900	0.066093
173950	0.207816
174000	0.255891
174050	-0.013698
174100	0.228874
174150	0.232597
174200	-0.012350
174250	0.069339
174300	0.179479
174350	-0.085622
174400	-0.103602
174450	0.243720
174500	0.119253
174550	0.131981
174600	0.340679
174650	0.131340
174700	0.015016
174750	0.107254
174800	0.024724
174850	0.185647
174900	0.320195
174950	0.197433
175000	0.283734
175050	0.233699
175100	0.099684
175150	-0.050597
175200	0.148901
175250	-0.141680
175300	-0.040482
175350	0.382153
175400	0.173357
175450	0.180771
175500	-0.111614
175550	0.074553
175600	-0.000095
175650	0.222152
175700	0.149755
175750	0.365719
175800	0.297565
175850	0.179878
175900	0.230164
175950	0.073434
176000	0.150335
176050	0.218066
176100	0.133098
176150	0.019414
176200	0.001330
176250	0.080928
176300	-0.050472
176350	0.120363
176400	0.040775
176450	-0.002875
176500	0.216725
176550	0.190697
176600	0.059951
176650	0.014196
176700	-0.002522
176750	0.159373
176800	0.138760
176850	0.287273
176900	0.397099
176950	-0.028912
177000	0.065814
177050	0.022010
177100	0.380495
177150	0.081502
177200	-0.081601
177250	0.379697
177300	0.196726
177350	-0.100249
177400	-0.032312
177450	0.091081
177500	0.166748
177550	0.112090
177600	0.239975
177650	0.173840
177700	-0.052703
177750	0.022959
177800	0.193733
177850	0.248288
177900	0.341551
177950	0.232410
178000	0.045767
178050	0.011121
178100	0.125503
178150	0.140167
178200	0.126431
178250	0.104516
178300	-0.063058
178350	-0.041136
178400	0.022687
178450	-0.034722
178500	-0.012164
178550	-0.153639
178600	-0.044683
178650	0.195700
178700	0.167653
178750	0.432036
178800	0.219479
178850	-0.046080
178900	0.310065
178950	0.051672
179000	0.179677
179050	0.129858
179100	0.147013
179150	0.327841
179200	0.081461
179250	0.033030
179300	0.049185
179350	0.277158
179400	0.286816
179450	0.056095
179500	0.304297
179550	-0.129690
179600	0.084602
179650	-0.079525
179700	0.225199
179750	0.177610
179800	-0.053465
179850	0.108471
179900	0.017606
179950	0.205906
180000	0.289365
180050	0.114349
180100	-0.002646
180150	0.035713
180200	-0.102237
180250	0.030536
180300	-0.139244
180350	0.060102
180400	0.056483
180450	0.095992
180500	0.122801
180550	-0.156035
180600	0.199037
180650	0.052622
180700	-0.190524
180750	-0.010543
180800	-0.036821
180850	0.035413
180900	0.275660
180950	0.103833
181000	-0.005700
181050	0.214696
181100	0.040944
181150	0.007216
181200	-0.065530
181250	-0.017297
181300	0.123044
181350	0.009013
181400	-0.090032
181450	0.084007
181500	0.249034
181550	-0.040214
181600	0.088443
181650	0.208742
181700	0.093355
181750	0.077092
181800	0.178976
181850	0.178965
181900	0.057188
181950	0.161222
182000	0.215942
182050	0.142633
182100	0.037825
182150	0.299748
182200	0.086336
182250	0.120276
182300	0.112388
182350	0.168545
182400	0.171192
182450	0.212937
182500	0.152085
182550	0.215780
182600	0.174331
182650	0.065551
182700	-0.257969
182750	-0.096827
182800	0.313469
182850	-0.177335
182900	0.112080
182950	0.227561
183000	0.017823
183050	0.345509
183100	0.192063
183150	0.408652
183200	0.077765
183250	0.121917
183300	-0.042955
183350	0.004755
183400	0.167314
183450	-0.063677
183500	-0.103393
183550	-0.051590
183600	0.130824
183650	0.122218
183700	0.226923
183750	0.386171
183800	0.090420
183850	0.085821
183900	0.135729
183950	-0.078981
184000	0.157386
184050	0.021624
184100	0.090950
184150	0.064854
184200	0.105138
184250	0.329669
184300	0.051958
184350	-0.065543
184400	-0.139914
184450	0.071910
184500	0.236710
184550	0.404793
184600	0.302169
184650	0.092088
184700	0.078663
184750	-0.234544
184800	0.330103
184850	0.423638
184900	0.148901
184950	0.241516
185000	0.174413
185050	-0.187055
185100	0.298129
185150	0.036033
185200	0.177288
185250	-0.017751
185300	0.224900
185350	0.126761
185400	0.000044
185450	-0.087503
185500	0.235822
185550	0.020499
185600	0.090376
185650	-0.003522
185700	0.298659
185750	0.159907
185800	-0.308005
185850	0.155931
185900	0.079080
185950	0.043029
186000	0.134757
186050	0.165467
186100	-0.039475
186150	-0.076496
186200	0.109339
186250	-0.070058
186300	0.125983
186350	0.245269
186400	0.173444
186450	0.115614
186500	0.000639
186550	0.260727
186600	0.054567
186650	0.066994
186700	-0.006291
186750	0.040265
186800	0.038873
186850	0.096332
186900	-0.050371
186950	0.032176
187000	-0.080578
187050	0.181934
187100	0.107554
187150	0.104392
187200	0.410852
187250	-0.150568
187300	0.163142
187350	-0.115753
187400	0.129041
187450	-0.081016
187500	0.296610
187550	-0.010630
187600	0.440566
187650	0.077943
187700	-0.145361
187750	-0.060509
187800	0.362170
187850	-0.251327
187900	0.210435
187950	0.327200
188000	-0.149680
188050	0.176041
188100	0.125571
188150	0.059098
188200	0.014488
188250	0.040997
188300	0.285721
188350	0.067651
188400	0.076045
188450	0.176200
188500	0.197912
188550	0.090799
188600	-0.125534
188650	-0.068170
188700	0.132653
188750	0.109124
188800	0.001609
188850	0.116887
188900	0.028123
188950	0.041147
189000	0.068255
189050	-0.064293
189100	0.175655
189150	0.184304
189200	0.155749
189250	-0.159883
189300	-0.169842
189350	0.116767
189400	-0.017464
189450	0.005922
189500	-0.312425
189550	0.058829
189600	0.057263
189650	-0.134288
189700	0.038436
189750	0.017061
189800	-0.166144
189850	-0.023248
189900	0.014896
189950	-0.284456
190000	-0.031268
190050	-0.098198
190100	0.076790
190150	0.041948
190200	-0.131178
190250	-0.081298
190300	0.139554
190350	0.403067
190400	-0.132384
190450	0.061864
190500	-0.004430
190550	0.178153
190600	0.154170
190650	-0.008739
190700	0.272000
190750	0.045827
190800	0.241390
190850	0.144424
190900	0.368106
190950	0.226850
191000	0.046662
191050	-0.036307
191100	0.073954
191150	0.372424
191200	0.130184
191250	-0.206751
191300	0.275007
191350	-0.056521
191400	0.110362
191450	0.062804
191500	-0.069788
191550	0.169251
191600	0.138647
191650	0.022708
191700	0.370583
191750	0.149431
191800	0.100906
191850	0.166189
191900	0.088256
191950	0.140791
192000	0.095762
192050	0.096496
192100	0.111310
192150	0.144264
192200	-0.065909
192250	0.383795
192300	0.046604
192350	0.288998
192400	0.233887
192450	0.215114
192500	0.190032
192550	0.179737
192600	0.200315
192650	0.295965
192700	0.040286
192750	0.320347
192800	0.000669
192850	-0.177274
192900	-0.120875
192950	-0.094996
193000	0.135090
193050	0.138298
193100	-0.192199
193150	-0.021846
193200	-0.025081
193250	0.112187
193300	0.027868
193350	0.395116
193400	0.211728
193450	0.114028
193500	0.031427
193550	0.109588
193600	0.014512
193650	0.081592
193700	0.248770
193750	-0.139542
193800	0.153808
193850	0.121720
193900	0.207981
193950	-0.040850
194000	-0.041349
194050	-0.122823
194100	0.069091
194150	-0.138273
194200	0.145958
194250	0.306319
194300	0.123802
194350	0.024083
194400	0.153912
194450	-0.118382
194500	0.125215
194550	0.361032
194600	-0.065390
194650	0.083164
194700	-0.143427
194750	0.024275
194800	0.189168
194850	0.033806
194900	0.116281
194950	0.029929
195000	0.037137
195050	-0.156625
195100	0.224188
195150	0.141871
195200	0.114406
195250	0.171338
195300	0.144826
195350	0.056387
195400	-0.028033
195450	0.045004
195500	0.217881
195550	0.068286
195600	0.293867
195650	-0.092735
195700	0.033333
195750	-0.225919
195800	0.065679
195850	0.103132
195900	0.360822
195950	0.078964
196000	0.320807
196050	0.090025
196100	-0.015754
196150	0.177931
196200	-0.097807
196250	0.282904
196300	-0.018868
196350	0.255420
196400	-0.156084
196450	-0.050282
196500	0.159429
196550	0.162028
196600	0.233181
196650	0.152710
196700	0.068110
196750	0.307134
196800	0.214606
196850	0.017127
196900	0.027946
196950	-0.063958
197000	0.188060
197050	0.107685
197100	0.004454
197150	-0.003297
197200	-0.143572
197250	0.196500
197300	-0.025869
197350	0.253127
197400	0.008386
197450	0.092960
197500	0.015026
197550	0.001559
197600	0.292120
197650	0.145446
197700	0.008657
197750	0.067625
197800	0.154254
197850	0.052752
197900	0.097488
197950	-0.274118
198000	-0.044603
198050	-0.010938
198100	0.364174
198150	0.166918
198200	-0.141767
198250	0.220545
198300	0.066587
198350	0.164723
198400	0.056271
198450	0.065785
198500	0.106732
198550	-0.031139
198600	-0.090508
198650	-0.068968
198700	0.163640
198750	0.240665
198800	0.141191
198850	-0.030294
198900	0.236246
198950	0.122349
199000	0.131818
199050	0.076468
199100	0.169642
199150	0.035870
199200	0.234279
199250	-0.012177
199300	-0.083659
199350	-0.051931
199400	0.014827
199450	0.092658
199500	0.115885
199550	0.083572
199600	0.128000
199650	-0.014567
199700	0.236392
199750	0.195155
199800	0.312074
199850	0.133409
199900	0.041894
199950	-0.005255
