4.063615
0.908880
0.376531
0.131824
0.213042
0.247249
0.239572
0.230027
0.216939
0.303085
0.256573
0.274449
0.221401
0.173840
0.267764
0.252231
0.160734
0.258036
0.191428
0.112797
0.166607
0.049741
0.049544
0.191315
0.087366
0.133372
0.134530
0.154873
0.089627
0.174827
0.246198
0.195217
0.099382
0.042085
0.155655
0.169742
0.123024
0.077946
-0.018882
0.115230
0.108014
0.003432
0.052696
0.097267
0.101922
-0.042935
0.038250
0.033275
0.123038
0.060352
0.117043
0.079630
0.190338
0.158046
0.055429
0.080460
0.064550
0.023152
0.086301
0.014051
-0.027159
0.101740
0.180049
0.119166
0.028294
0.073616
0.067450
0.088126
0.062235
0.062841
0.078798
0.073192
0.080644
0.076426
0.051914
0.087667
0.169458
0.087164
0.107023
0.132430
0.028095
0.056140
0.080079
0.080893
0.111023
0.014682
0.125438
0.201399
0.208443
0.073130
-0.053080
0.076019
0.044778
0.026792
0.047525
0.023386
-0.007608
0.005578
0.026723
-0.052996
0.066033
-0.007399
0.031306
0.065661
-0.027182
0.139591
0.046169
-0.067471
0.056166
0.059534
0.136140
0.063147
0.014779
0.034093
0.051903
0.077493
0.004947
0.050639
0.121552
0.088840
0.172716
0.069097
0.081362
0.031178
-0.010249
0.042034
0.090982
0.132388
0.086051
0.079470
0.022457
-0.069472
0.095453
0.114427
-0.033340
0.028634
0.004802
-0.043733
0.095531
0.066904
0.081430
0.031123
0.102430
0.108285
0.057811
0.132069
0.055973
0.040845
-0.009596
0.160882
0.104037
-0.017437
0.011212
0.009095
0.106367
0.061119
-0.033389
0.064020
0.067063
-0.046421
0.091143
0.059091
0.048391
0.053131
-0.005266
0.035150
0.124840
0.095906
0.154514
0.138102
0.034744
0.157699
0.051230
0.108515
0.071480
0.112155
0.025083
0.038778
0.075221
0.077713
-0.000663
-0.089963
0.019891
-0.040542
0.108749
0.043440
0.117174
0.061140
0.116149
0.122820
0.109665
0.149717
0.053485
0.208296
0.053676
0.075986
0.162360
0.047069
0.081143
0.093651
-0.018862
-0.034029
0.030504
-0.000676
0.072593
0.064442
0.005420
0.082859
0.018360
0.063184
0.013951
0.099370
0.017477
-0.000183
0.074444
0.067218
0.132551
0.077317
0.149991
0.125353
0.123891
0.187982
0.122097
0.064946
-0.052838
-0.098251
-0.038548
-0.083756
-0.026027
-0.001917
-0.002320
-0.012036
-0.060982
-0.056372
-0.038413
-0.011421
0.036530
0.039537
0.037476
0.104449
0.037183
0.003364
0.056222
-0.010437
0.095321
-0.022293
0.033361
0.051556
0.170918
0.131896
0.114167
0.089060
0.113167
0.036159
0.013453
-0.024664
-0.003978
0.126700
0.031101
0.111110
0.061155
-0.041046
0.056863
0.037259
0.019997
0.137149
0.113595
0.058507
0.126374
0.084545
0.116371
0.066302
0.053455
-0.006995
0.102116
0.138345
0.122502
0.105514
0.119834
0.057368
0.092491
0.183966
0.050202
0.084332
0.072804
0.067255
-0.038628
-0.103808
-0.066639
0.030046
0.069958
0.145407
0.083958
0.041886
0.075894
0.037307
0.075369
0.035050
0.059463
0.024743
0.105069
0.056330
0.044626
0.101672
0.092771
0.080852
0.015587
0.025755
0.033839
0.081387
-0.017734
-0.017896
0.099316
0.067997
0.125136
0.048242
0.055289
0.102763
0.070252
0.126163
-0.003850
-0.029805
-0.038921
0.045607
0.088030
0.093760
0.059489
0.101905
0.042152
0.065603
0.064719
0.047674
0.074944
0.030612
0.058636
0.134695
0.063543
-0.023013
0.048482
0.036146
0.061967
0.079006
0.113874
0.126805
-0.007586
0.052593
0.006328
0.053213
0.072401
0.037622
0.063722
0.086991
0.115905
0.150745
0.098408
0.080880
0.052023
0.057068
0.017980
-0.023136
0.168742
0.063507
0.071176
0.077428
0.145093
0.058432
0.003310
0.040631
0.030664
0.044631
-0.025662
0.020702
-0.000573
0.043382
0.065990
0.132965
0.186202
0.110060
0.148262
0.130648
0.052052
0.038463
0.083569
0.067836
0.114821
0.141357
0.172233
0.093797
0.036027
0.100517
0.037924
0.021098
0.019334
0.019652
0.028714
0.230907
0.231492
0.179902
0.129149
0.108410
0.179503
0.058075
0.105524
0.034569
0.065478
-0.030640
0.098590
-0.040380
0.009593
-0.043286
-0.132140
-0.037243
0.017839
0.068657
0.008637
0.031501
0.069543
0.162821
0.103788
-0.038770
-0.070157
-0.082614
-0.064787
0.120164
0.001046
-0.040199
0.060920
0.145457
0.104919
0.072551
0.015736
-0.010153
0.122382
0.140489
0.109721
0.013285
-0.035032
0.004590
-0.026502
0.053146
0.015230
0.042958
-0.036098
-0.002837
0.048686
0.040086
0.016362
0.084862
0.011139
0.040721
0.096273
-0.034840
0.076633
0.091021
0.017543
0.076312
0.063319
0.127072
0.134325
0.030310
0.008351
0.089540
0.135075
0.089056
-0.012113
0.021507
-0.008979
-0.023916
0.020033
0.082241
0.108731
0.085804
0.068809
0.124044
0.146282
0.095125
0.056750
0.086350
0.090649
0.017151
-0.037088
0.105682
0.071180
0.117196
0.068478
0.022295
0.036899
0.037326
0.016132
0.009809
0.014980
0.041579
0.017444
0.026546
0.153082
0.050346
-0.038676
-0.034119
0.080797
0.062070
-0.052790
-0.037938
-0.099796
-0.003374
0.111099
0.071587
0.053324
0.123312
0.062331
0.082508
0.144480
0.159508
0.034155
-0.024262
0.063754
-0.009128
0.080926
0.026566
-0.024023
0.125578
0.088264
-0.002163
0.158697
0.075735
0.005269
0.007371
0.088279
0.051634
0.021081
0.007453
0.023624
0.084722
0.047308
0.054683
0.099807
0.077307
0.060513
0.058830
0.095732
0.084916
0.075838
0.062674
0.095803
0.175962
0.139876
-0.022267
0.043674
0.039437
0.072444
0.100875
0.102723
0.147547
0.099520
0.037992
0.038338
0.055105
0.053510
0.037299
0.084177
0.036610
0.083090
0.102559
0.031139
0.047924
-0.139756
0.000202
0.054156
0.009032
0.125857
0.062341
0.145826
0.098846
0.062182
0.089388
0.076993
0.014108
0.058834
0.017734
0.021102
0.112421
0.031989
0.047323
0.079337
0.054649
0.038513
0.056305
0.018710
0.039617
0.018830
0.020637
0.051011
0.065305
0.040306
0.091292
0.032210
0.091535
0.119476
0.071480
0.018362
0.039593
0.081907
0.061867
-0.041679
-0.026146
0.034224
0.051451
0.048380
0.029928
-0.003710
-0.056270
-0.094805
0.052325
0.031363
0.071720
0.022087
-0.043168
0.036145
0.059221
0.075473
-0.056892
-0.045809
0.025796
0.008903
0.095908
0.031073
0.069730
0.054479
-0.011055
0.026711
-0.017760
-0.040097
-0.019110
0.063140
0.088178
0.069006
0.076845
0.065563
0.086896
0.088283
0.092181
0.130477
0.036267
0.113414
0.072902
0.149187
0.168104
0.158378
-0.038460
-0.110389
-0.049649
0.033649
-0.058839
0.074551
0.107167
0.100424
0.097354
0.122604
0.027575
0.001490
0.032437
-0.010499
-0.007594
0.031633
-0.008499
-0.008365
0.104248
0.101811
0.055747
0.029625
0.084335
-0.012361
-0.018255
0.056649
0.041621
0.030334
-0.024094
-0.007821
0.078151
0.140880
0.019739
0.034758
-0.003986
0.091060
-0.077022
-0.073706
-0.063264
-0.084661
-0.009151
-0.025669
-0.159848
-0.024151
-0.057417
-0.053269
0.029817
-0.016505
0.006626
0.006766
0.015995
0.087534
-0.091250
0.013584
0.093799
0.094923
-0.023927
0.010120
0.055183
0.002167
0.113413
0.003066
0.024746
-0.076641
0.076328
-0.016543
0.002877
-0.034216
0.031352
0.013965
-0.005712
0.098789
0.116036
-0.040447
-0.034435
-0.014714
0.046106
0.118373
-0.033536
-0.054560
0.046091
-0.031129
0.055916
-0.072680
-0.071378
0.069919
-0.006803
0.041363
-0.010808
-0.104712
0.055957
0.115620
0.050644
0.153164
0.043566
-0.092354
0.029615
0.002912
0.143958
0.036857
0.010403
-0.024639
0.027345
0.196062
0.179471
0.028871
-0.006385
0.009571
0.003933
-0.016114
-0.036779
-0.001089
-0.008937
0.137554
0.098888
-0.004811
-0.038288
-0.096294
0.022679
0.074082
0.046296
0.064012
0.026736
-0.006784
0.021996
0.029608
0.049234
0.145281
0.027662
-0.013787
0.020181
0.043410
0.089534
0.016187
0.100720
-0.055722
0.016064
0.043165
-0.019826
0.098024
0.048450
0.029445
0.187790
0.062819
0.038140
0.056138
0.028567
-0.049386
0.149933
0.041293
0.065490
0.053810
0.029982
0.090271
0.151529
-0.077720
0.039765
0.079690
0.022421
0.067844
-0.088321
-0.096812
-0.000620
0.025342
-0.000719
-0.006796
0.012916
0.067288
0.132604
0.063149
-0.041953
-0.004085
0.019152
0.139044
0.040558
-0.064070
0.020838
-0.125186
0.057371
0.082489
0.015118
0.037147
0.060747
0.036135
-0.065074
0.075953
0.073696
0.087138
0.027191
0.010161
-0.027932
0.047058
0.031946
0.018336
0.066830
0.111804
-0.019234
0.158609
0.109506
0.063060
-0.054005
0.056585
0.047565
-0.071069
0.001583
0.048932
0.040470
0.052747
-0.085928
-0.002376
-0.099761
-0.076314
-0.014285
-0.090410
-0.141688
0.022785
0.028441
-0.055131
-0.025988
0.093685
0.120523
0.067431
-0.015257
-0.007587
0.083620
-0.059050
0.051761
-0.003660
-0.027433
0.031737
0.097954
-0.025983
-0.089302
-0.025159
0.049840
0.041403
0.085463
-0.002279
-0.064306
0.046219
-0.014380
0.031443
0.049513
-0.060526
0.004312
0.047474
0.042385
0.074259
0.067555
0.023036
0.109724
0.010164
0.014666
0.130063
0.008218
-0.151441
0.035975
0.022310
0.064591
0.039716
0.039845
-0.010451
0.020312
-0.069141
0.000201
0.072545
0.074568
0.072657
0.073608
0.169646
-0.008794
-0.059795
0.056864
-0.010717
0.042434
-0.004762
0.050069
0.019816
-0.073486
-0.033878
0.025448
-0.010065
0.012436
0.043279
-0.054383
0.009247
0.063101
0.011283
-0.083194
-0.000724
0.088541
0.000047
-0.006225
-0.056773
0.031263
-0.051465
-0.038855
0.038738
0.087352
0.084313
-0.011753
0.077405
0.004807
0.045473
0.113419
0.136521
0.046972
0.038096
-0.019126
-0.038104
-0.042447
-0.076776
0.118950
0.085034
0.019626
0.017535
0.077848
0.045581
0.071904
0.084271
-0.063809
-0.052800
-0.058112
-0.158454
-0.065803
0.015941
0.014009
0.045657
-0.114252
-0.044718
0.071520
0.118764
0.151135
-0.032359
0.031682
0.038332
0.032758
-0.025031
-0.018763
0.088941
0.095646
0.085232
0.066856
-0.073759
0.016596
0.125025
0.054787
0.128644
-0.026782
0.126882
0.130797
0.034502
-0.030876
-0.105791
0.116991
0.069387
0.034972
-0.076773
-0.057658
0.071113
0.014286
-0.001799
0.069138
-0.028641
0.014218
0.017079
-0.076982
0.103087
0.053420
0.007864
0.165096
0.100213
0.109801
0.095011
-0.046163
-0.041806
0.078127
0.031297
0.167479
0.082147
0.035794
-0.021014
0.018570
-0.002549
-0.016761
0.169036
0.097269
-0.069384
-0.015014
0.013046
0.113235
0.009560
0.029781
0.061103
0.004592
0.062343
-0.041628
-0.049902
-0.083319
-0.117334
0.030688
0.012202
-0.074933
-0.001961
-0.027716
0.018386
-0.024269
0.020373
-0.014827
0.052469
0.038006
0.064924
0.065108
0.008173
-0.122719
-0.027052
0.031685
0.016996
0.073063
0.033571
0.067807
0.041108
0.063752
0.105718
0.045424
0.016263
0.035164
0.029429
0.056236
0.067339
0.093372
0.132418
0.086879
0.049871
0.019258
-0.030764
0.010918
0.038645
0.118641
-0.018714
0.061709
-0.179061
0.052519
0.008953
0.031646
-0.087957
-0.066320
-0.021937
0.092733
-0.074962
-0.151726
-0.001154
-0.084909
0.034258
0.001336
0.032756
0.002878
-0.002618
0.072579
-0.016015
0.036173
0.002916
0.098445
0.130199
-0.028412
0.097736
0.122014
-0.031338
0.025628
0.031252
-0.011682
-0.009160
-0.019196
0.021098
0.071802
0.009572
0.047491
0.072542
0.141383
0.031100
-0.044838
0.050567
-0.071934
0.091354
0.059704
0.030930
0.012897
0.049343
-0.026800
-0.044774
0.053250
0.055566
0.002856
-0.038958
0.036839
0.067718
-0.005998
-0.001278
0.082022
-0.002981
-0.011467
0.071718
-0.060576
-0.097956
-0.036543
-0.100290
0.006676
0.045233
0.057645
0.061782
0.038123
0.113204
0.027320
-0.038042
0.081101
0.038767
0.049057
-0.013938
0.034376
0.011492
0.039412
-0.123845
-0.093222
0.119741
0.047413
0.000034
-0.044215
-0.018380
-0.005369
0.014201
0.000194
-0.045020
0.011759
0.019618
0.043677
0.107816
0.036609
0.087795
0.050593
0.032913
0.052642
0.036645
0.127528
-0.046007
0.113317
0.082356
0.065596
0.003227
0.091693
0.038209
0.000060
-0.028099
-0.038287
-0.016705
-0.031622
-0.044294
0.038678
-0.007980
0.062687
0.066636
-0.033616
-0.012946
0.053780
0.053129
0.050341
0.046222
-0.077604
0.023524
0.123339
0.037190
0.036442
0.057436
0.085936
0.069764
-0.074933
-0.004658
0.035768
0.009873
-0.076036
-0.002630
0.018537
0.043849
0.120667
0.073498
-0.054298
0.008475
-0.013441
0.068444
0.027024
0.013981
0.016177
-0.010795
-0.005548
0.032856
-0.035474
0.032208
-0.006220
0.054875
0.063343
0.036652
0.093262
0.086324
0.117072
0.069887
0.096391
-0.000812
-0.104134
-0.055076
-0.074497
-0.122429
-0.018837
0.015926
-0.078376
-0.011067
0.039480
0.059554
0.060387
0.108871
0.078530
0.071588
0.026677
0.022332
0.017795
0.135777
0.136452
0.015380
-0.082400
0.156926
0.063298
-0.027589
0.092108
0.040190
0.085943
0.144227
0.085175
0.109036
0.027993
-0.106521
0.006777
-0.060960
-0.045006
-0.005374
0.114906
0.034710
0.128000
0.115265
0.123145
0.025205
0.030696
0.120382
0.205288
0.117331
0.107615
0.012341
0.028094
0.188363
0.029135
-0.014006
-0.011303
-0.010751
-0.027613
0.068943
-0.016751
0.079460
0.084000
0.052450
0.140392
0.160742
0.114578
0.098756
0.017004
-0.023353
-0.048379
0.049054
-0.013245
0.045467
0.021574
0.034611
0.058879
0.023167
0.008076
0.080841
-0.070584
-0.063967
0.023808
0.009804
0.053428
-0.066097
-0.048867
-0.047361
0.000139
0.012049
0.014715
0.029004
0.034549
-0.037961
-0.030098
0.051843
0.012156
0.125803
0.100749
0.068561
0.006034
0.038297
0.061874
0.192256
0.198414
0.057713
-0.023122
-0.005629
0.100743
0.141861
0.070464
0.150703
0.228373
0.115736
0.019743
0.001954
0.024193
-0.065281
0.016554
0.022988
0.041387
0.041979
-0.016231
-0.020985
0.037899
0.053320
-0.028435
0.080976
0.098879
0.112546
0.047623
0.081293
0.017329
-0.088528
0.061020
0.002359
0.085655
0.116451
-0.052754
-0.033004
0.035387
0.022162
0.027664
-0.030210
0.015386
0.036694
0.062685
0.049096
0.016431
-0.050953
0.116236
0.115073
0.089622
0.056060
-0.076993
0.024813
-0.036078
0.063542
0.071019
-0.058684
0.071564
0.006299
0.002240
0.065383
0.034849
0.080177
-0.057090
0.023011
0.069646
-0.019197
-0.014995
0.018792
-0.056380
-0.007962
-0.035351
0.109411
0.061272
0.009986
0.019115
-0.024661
0.034133
0.035350
-0.054636
0.044613
-0.061102
0.026645
0.047453
-0.005433
0.139287
-0.098705
-0.095619
-0.041476
-0.099932
-0.104554
-0.025231
0.065042
0.066624
-0.015546
0.069570
0.072072
0.072262
0.022366
0.069997
0.081925
0.082317
-0.064393
-0.025474
0.012885
-0.082115
0.024579
0.011400
0.012129
0.032244
0.060799
-0.022016
-0.014138
-0.051942
-0.099570
-0.089203
-0.082850
-0.006604
0.009851
0.102785
0.104513
0.060810
-0.020908
0.045251
0.017119
-0.160173
0.032469
-0.018145
-0.006976
0.119327
-0.006461
-0.030816
0.104740
0.076893
0.112119
0.018594
-0.032082
-0.005771
-0.000332
-0.079440
-0.032253
-0.047110
-0.027492
0.021449
0.074085
0.130133
0.095059
0.030764
0.076886
0.032522
0.018705
0.005592
-0.055181
0.017101
0.043581
-0.013000
0.094070
0.206101
0.026426
0.003755
0.010573
-0.037862
0.112746
0.023171
0.080514
0.024292
0.030539
0.082641
-0.016220
-0.009606
-0.029822
0.050433
0.003459
0.103720
0.165598
0.023901
-0.066142
0.126682
0.157671
0.086688
0.131221
-0.001662
-0.002952
0.107756
0.047080
0.151518
0.097752
0.039898
0.114318
0.094983
0.048801
0.021047
0.062224
-0.000829
-0.004840
0.174752
0.092530
0.116802
-0.016963
0.011130
-0.087759
-0.017561
-0.011212
0.024754
0.083541
0.068919
0.043384
0.019821
0.030922
0.041273
0.018151
0.091248
0.060275
0.076266
-0.030398
0.090136
0.138833
0.093022
0.019064
-0.092403
0.056574
-0.005342
-0.066352
0.031387
0.045584
0.147877
0.159435
0.081265
-0.040670
0.059611
0.096309
0.026893
0.060076
0.113516
-0.035280
-0.008190
0.018925
0.099735
0.032822
0.042147
0.041617
0.057490
0.070989
-0.002509
0.046873
0.058476
0.064216
0.071573
0.008169
-0.039265
0.009590
-0.051236
0.096201
-0.026223
0.102390
0.088024
-0.027064
-0.095715
-0.018765
0.106579
0.047847
0.027966
0.027987
-0.114437
-0.041615
-0.042171
0.083845
0.126150
0.079498
-0.002057
-0.116377
-0.036080
0.025843
0.041880
0.035886
0.064081
0.103817
0.124687
0.027747
0.025879
-0.046376
0.001484
0.127254
0.010641
0.003907
0.052675
-0.018153
0.107037
0.091693
0.006537
0.095169
0.043106
-0.045299
0.028235
0.023344
-0.037081
-0.108617
-0.020983
-0.026433
-0.091242
-0.046277
0.001263
0.075077
0.114153
0.146447
0.074095
0.082183
0.105230
0.076849
0.045920
0.131410
0.091851
0.047047
0.045246
0.005190
-0.047917
0.096855
0.067067
-0.023460
0.055710
-0.020623
0.097920
0.017077
0.047053
0.124655
0.038361
-0.112571
0.080567
0.025900
-0.098112
0.065442
-0.036371
-0.027056
-0.014285
0.032155
0.090722
0.010070
-0.062601
-0.030953
0.022156
0.082795
0.040669
0.115207
0.033246
0.071604
0.132228
-0.056212
-0.040306
-0.102577
-0.002417
0.121297
0.009401
0.013369
0.012329
0.013851
0.067372
0.081680
0.065978
0.119843
0.013609
0.060000
-0.032445
0.055473
0.018160
0.055915
0.055748
-0.004738
0.019707
0.069895
0.071160
0.083216
0.104804
0.043519
0.024444
0.066093
0.109404
0.041434
-0.026940
-0.016000
-0.039588
0.045357
0.180656
0.140163
0.105183
0.057752
0.095206
0.103694
0.060576
0.000058
-0.099867
-0.178458
-0.042662
-0.097298
0.053792
0.161920
0.113305
0.109364
0.028324
0.015400
0.016931
0.038992
0.116655
0.136194
0.133602
0.069865
-0.023583
-0.054529
0.108391
0.063278
0.060493
0.142162
-0.020731
0.090184
-0.014649
-0.024166
-0.045742
0.072378
-0.060393
-0.060711
0.006901
0.089385
-0.004017
-0.003675
-0.044971
-0.030223
0.133646
0.050325
-0.076113
-0.034189
0.005880
0.092657
0.023512
0.063920
0.075596
0.009342
0.058957
0.070540
0.058823
0.061726
0.138340
0.050817
0.037707
-0.050949
0.017170
-0.000236
-0.075001
0.033661
0.135428
0.096728
0.109532
0.131845
0.121458
-0.024866
0.068476
0.136489
-0.030916
-0.007505
-0.065934
0.022054
0.044697
0.028684
0.084232
0.113220
0.044112
0.113755
0.071693
-0.048119
-0.003775
0.001353
-0.035626
0.074642
0.034810
0.065988
0.022578
0.111593
0.120489
0.060663
-0.003563
0.093727
-0.001772
0.082601
0.055686
0.078775
0.075094
0.016893
0.026560
0.020651
-0.039480
-0.015272
-0.032968
0.003086
0.000046
-0.133292
0.020465
0.034000
-0.071037
-0.035597
0.004091
-0.005448
0.030926
-0.028887
-0.044958
0.014588
-0.044003
0.008966
0.120140
0.071044
-0.005846
0.138365
-0.013674
-0.071065
0.016746
-0.093648
-0.065949
-0.030169
0.002264
0.060419
0.073278
-0.081027
0.003887
0.075583
-0.066826
-0.001699
0.015162
0.016923
-0.001342
-0.042908
-0.033657
0.073722
0.016192
0.121878
0.003927
-0.033515
-0.055533
-0.026525
0.019969
0.053582
-0.023543
-0.000181
-0.044908
-0.013640
-0.032187
-0.017356
0.014679
0.075445
0.047519
-0.024274
0.038514
0.049675
-0.065535
0.093809
-0.009308
0.026238
0.055962
0.143878
0.027105
0.038380
0.039543
-0.001680
0.081079
-0.081018
0.104671
0.038153
0.089472
0.066374
0.013073
0.091554
0.051222
0.007238
-0.100044
-0.115346
0.027556
-0.036529
-0.052321
-0.082137
0.043804
-0.024815
-0.085644
-0.126112
-0.137095
-0.105489
-0.013492
-0.024072
-0.025350
0.049902
0.045693
0.085749
0.016035
-0.005954
0.044040
0.067166
0.045874
0.109358
0.027274
0.034094
0.091705
0.047578
0.025046
-0.030953
-0.097149
-0.032517
-0.032431
0.067007
0.007864
0.021961
-0.070880
0.000639
0.009220
-0.022483
0.115591
0.094258
0.099615
-0.015253
0.075745
0.024235
-0.002110
0.058937
0.139235
-0.008041
0.043580
0.062417
-0.019707
0.019503
0.016200
0.051059
0.007371
-0.048214
0.071974
0.067487
0.063699
0.090331
-0.030222
-0.016777
-0.006545
-0.020776
-0.065852
0.015826
0.043118
-0.062878
0.008033
-0.008935
0.054742
0.014453
-0.005479
0.016516
0.008841
-0.004567
-0.049515
-0.025963
-0.027807
0.023406
0.050740
-0.002919
0.139516
-0.007178
-0.064897
-0.082415
-0.035893
-0.084837
-0.019697
0.045505
0.057733
0.059282
0.078655
0.070241
0.072989
-0.096076
0.083459
0.070867
-0.094978
-0.110238
0.052831
0.011035
0.055278
0.024456
0.013498
0.034258
-0.033013
0.067477
-0.018180
0.057772
0.049276
-0.043018
0.080948
0.018651
0.080612
0.120933
0.052013
0.076434
0.024472
-0.035062
-0.001523
-0.018472
0.010074
0.109937
0.140463
0.032718
0.097031
0.090007
0.108287
0.099950
0.109991
0.073957
-0.004974
0.015824
0.063937
0.085765
0.116941
0.052368
0.050065
0.085440
0.088941
0.124679
0.083405
0.108719
0.033947
-0.029696
-0.001055
-0.023579
-0.048179
0.032131
0.066448
0.019947
0.057670
-0.019196
0.003743
0.013960
0.000820
0.015591
0.035098
-0.096085
-0.037402
0.084266
-0.010253
0.000449
-0.016903
-0.091207
0.074332
-0.006792
-0.050447
0.050041
0.021562
-0.008220
-0.043808
-0.107645
-0.064224
-0.000514
-0.054758
-0.000432
0.062926
-0.011831
-0.029537
0.065884
-0.092437
-0.021444
0.053625
0.064359
0.064395
0.132677
0.052122
-0.017987
0.020652
-0.005873
0.043176
0.041481
-0.004309
-0.032506
-0.047496
0.083755
0.064622
0.011829
0.143404
-0.064753
-0.003854
0.046462
0.166442
0.066722
0.051184
0.081811
-0.081785
-0.031458
0.023897
0.014667
0.044778
0.057684
-0.016380
-0.061599
0.083317
0.079049
0.056334
-0.047198
-0.084181
-0.033790
-0.066196
-0.002307
-0.066601
-0.002281
0.064817
0.056569
0.000613
0.115518
0.080779
0.048947
-0.004844
-0.056183
0.036975
0.040214
0.002504
-0.013162
-0.021379
0.002384
-0.003001
0.063964
0.131173
0.110684
0.076483
0.006757
-0.028052
0.054138
0.079819
0.095157
-0.044556
-0.073680
-0.031172
-0.045861
-0.072418
-0.028548
0.097645
0.052445
0.080899
-0.021656
-0.020098
-0.017317
-0.026870
0.024286
0.081292
0.148925
0.056305
0.034072
-0.020261
0.045507
0.007163
0.092648
-0.025371
-0.091796
-0.004292
-0.015283
0.160717
-0.051540
-0.025755
-0.044109
-0.015631
-0.024754
0.027628
0.035360
0.108185
-0.001817
0.030617
0.022874
0.050791
-0.065716
-0.044521
-0.037697
0.020979
0.072238
-0.044853
0.041524
-0.009826
0.047378
0.061951
-0.009108
0.002228
-0.012815
0.007709
0.090530
0.078574
0.023386
-0.098601
0.066514
0.054821
0.089237
-0.029680
-0.055759
-0.007874
-0.006873
0.000628
-0.030672
0.011933
0.004592
0.138385
0.026239
-0.076273
-0.075005
0.066440
-0.059515
0.038668
0.143797
0.079429
0.056766
-0.008994
-0.048589
-0.021580
-0.035333
-0.121727
-0.058910
-0.100494
-0.033160
0.045611
0.032510
0.062120
0.026238
-0.024486
0.046752
0.020399
0.115940
0.069474
-0.096446
-0.049116
0.069246
0.065752
0.002814
-0.012267
-0.008905
-0.039418
0.042306
0.030325
-0.003603
0.028684
0.107384
0.061349
-0.093057
0.021160
0.000426
-0.040396
0.091869
0.029645
-0.047575
-0.046275
0.000722
0.003654
0.061211
0.040759
0.120558
-0.000237
0.031233
0.081969
0.015561
-0.029725
0.032893
-0.016638
0.042366
-0.089303
0.018645
0.082291
0.158935
0.167422
0.082044
0.062099
0.054457
-0.003395
-0.104548
-0.136680
0.000357
0.031539
0.101836
0.048659
0.029362
-0.126133
-0.027812
-0.012053
0.024958
0.065583
0.110832
0.001434
-0.010841
0.070325
0.099126
-0.051918
0.069468
0.064602
-0.061542
0.048572
0.053448
0.035757
-0.011699
-0.083687
0.005579
-0.005284
-0.043178
0.008796
0.038140
0.102782
0.150315
0.017309
-0.021693
0.083510
0.041548
-0.085841
-0.015532
-0.082174
-0.205460
-0.043736
-0.009757
0.028925
0.073320
-0.071130
-0.067248
0.000417
0.008675
0.043305
0.018008
0.037199
0.033955
-0.094669
0.014824
0.029587
0.061377
0.097114
0.050126
0.030204
0.023556
0.051334
0.184458
0.178647
0.036819
0.029610
0.053607
0.004628
-0.002570
-0.034360
-0.023743
0.042367
-0.001324
0.002747
-0.012651
-0.004961
-0.004796
0.099651
0.034282
-0.002064
0.048060
0.044166
-0.007038
-0.012777
-0.008196
0.121297
0.123426
0.115318
-0.041500
-0.004221
0.026695
-0.053947
0.143070
0.094320
0.145288
0.130024
0.044384
0.130794
0.136983
0.055632
0.031324
-0.026200
-0.008258
0.077130
-0.022786
0.061212
-0.028546
0.016444
-0.022028
-0.085891
-0.055990
-0.070904
-0.013518
0.066700
0.014204
-0.015572
-0.005981
-0.039909
-0.073645
-0.052973
-0.097989
-0.046931
0.022367
-0.007566
0.015621
-0.020532
0.058349
-0.089907
-0.006206
-0.060679
-0.125114
0.060249
0.125294
0.085336
-0.086788
-0.043025
-0.025619
-0.002227
0.110309
-0.075684
-0.003318
0.004318
-0.011773
-0.045922
-0.055880
-0.036131
-0.082463
-0.017698
0.092606
0.024724
0.080005
0.038211
-0.026399
0.055317
0.027321
0.024669
0.038328
0.054171
0.114141
0.063536
0.068140
0.017445
0.035318
-0.009824
0.047876
0.006943
0.069503
0.068727
0.015832
-0.010533
-0.011815
0.066773
0.144301
0.031221
-0.005746
-0.038667
0.031973
0.062116
0.044539
-0.019915
0.004453
-0.056022
-0.013119
0.028090
-0.017403
-0.060469
-0.038135
-0.028027
0.060731
0.134445
-0.018855
0.011302
0.052922
0.048950
-0.040336
0.058673
-0.012744
0.173652
0.005394
-0.053041
0.054559
0.072571
-0.039388
0.017483
0.123010
0.080362
0.060432
0.034616
0.094833
-0.007267
-0.022362
-0.086091
0.125080
0.075649
-0.073929
-0.021730
0.095774
0.036053
-0.072526
-0.033582
-0.027145
-0.025616
0.022306
0.004417
0.006045
0.039722
-0.071884
-0.049167
-0.065654
-0.076595
-0.037375
0.008599
0.176096
0.127537
0.086392
0.065460
-0.084316
-0.090797
-0.020918
0.123563
0.108511
0.030812
0.002915
0.070786
0.047631
0.028338
0.141975
0.062068
0.098746
-0.012370
0.028924
0.050323
0.028655
-0.037212
0.040770
0.028956
-0.056084
-0.099807
-0.008488
0.060573
-0.002937
0.032923
0.023188
0.096189
0.106516
0.000370
0.068085
0.196420
-0.086251
0.015535
0.098029
0.062194
-0.039857
0.045915
0.057078
0.045564
0.060206
-0.015539
0.102211
0.001452
-0.056318
0.026938
0.020864
0.041695
0.125612
0.071442
-0.087305
-0.059127
-0.030153
0.000414
-0.050831
0.002756
0.041829
0.036741
0.040127
0.040550
0.018930
-0.005035
0.018913
0.041613
0.012610
0.020260
0.010214
0.035353
-0.054051
-0.102106
0.021911
0.016259
-0.101162
-0.068728
-0.065505
-0.090262
-0.082162
-0.047860
0.068347
0.131071
0.090504
0.060564
0.095104
0.036984
0.014940
0.027096
-0.011683
0.026813
-0.029089
-0.078520
-0.029153
0.115536
0.077289
0.010545
-0.046810
-0.065796
-0.003962
0.090473
0.046633
0.117654
-0.048512
0.012605
0.016735
0.078411
0.028780
-0.025738
0.065531
-0.011773
0.047103
0.122296
0.099032
0.134465
0.135141
-0.004740
-0.037762
0.035886
-0.087888
-0.069212
0.046226
0.108591
0.067113
-0.051990
-0.029690
-0.049654
0.078208
0.082819
0.086727
-0.004288
-0.118866
-0.062845
0.001430
-0.000339
-0.011568
-0.032311
0.045039
-0.029907
-0.008787
-0.034332
0.045971
0.016164
0.001584
0.013126
0.089037
0.146971
0.059407
0.083488
0.121673
0.043030
0.146153
0.075750
0.041769
0.030830
-0.018476
0.140190
0.037439
0.006665
-0.002900
0.007182
-0.048081
0.002501
0.003609
0.084967
0.077672
0.008560
-0.008249
-0.003146
-0.008049
0.100442
0.014691
-0.049325
0.119581
0.078752
0.075907
0.005339
0.034664
0.115528
0.085787
-0.000079
0.141805
0.028838
-0.030553
-0.043567
-0.026181
0.100870
0.050258
0.095661
-0.020760
-0.027513
-0.085748
-0.036347
0.016282
0.039034
0.041542
0.059713
0.021588
0.008447
0.044084
-0.001177
-0.023138
-0.031808
-0.078963
0.062411
0.063009
0.040334
0.059338
0.043943
0.180138
0.037986
0.095356
-0.008220
0.016463
-0.035854
-0.064145
0.007065
-0.050307
-0.004133
-0.056772
-0.087523
0.096586
0.018377
0.112499
0.148465
0.058445
-0.025028
-0.029683
0.014748
-0.017057
-0.028634
0.074753
0.069307
0.111368
0.055226
0.012519
0.049840
0.043706
-0.034354
0.024163
0.046028
0.049795
0.011535
-0.005725
0.020087
0.002918
-0.148689
-0.015764
0.132243
0.150264
0.165577
0.022286
0.035115
0.012329
0.024306
-0.007910
-0.040286
-0.063684
-0.078112
0.057574
0.051037
-0.003725
0.040408
-0.009360
-0.023372
-0.036132
-0.021864
-0.028171
-0.087862
-0.039047
0.089008
0.022165
-0.001988
-0.007754
-0.006998
0.041725
0.109447
0.071095
0.032824
0.104478
0.109047
0.038441
0.077272
-0.079551
-0.016995
0.047709
0.070091
0.066827
0.031800
0.001588
0.023246
0.012410
0.009570
0.145844
0.006403
-0.060457
0.032804
-0.008387
0.057187
0.004631
0.035894
-0.007597
0.010080
0.120136
0.130610
0.145648
0.084801
-0.024214
-0.008598
0.050654
0.002773
-0.060043
-0.029136
-0.019922
0.025916
0.105335
0.025234
0.113532
0.064721
0.034881
-0.001505
0.050408
0.019026
0.015758
0.003288
-0.048089
-0.014700
0.024403
-0.030845
-0.004669
0.070754
0.057972
-0.110264
-0.012856
-0.002090
-0.099371
-0.061972
-0.008982
0.116898
0.025530
-0.004925
-0.017277
-0.035925
-0.022428
-0.002089
0.039147
0.041213
-0.173247
-0.048404
-0.001978
0.056055
0.052493
-0.025836
-0.015502
-0.011440
-0.076114
-0.100468
-0.093735
-0.091416
-0.037844
-0.008330
-0.036126
0.011387
0.081675
0.060725
-0.023391
-0.002349
-0.033296
0.089332
-0.023755
-0.030057
0.002704
-0.012551
-0.004023
0.006430
-0.000649
0.005840
-0.050130
0.040656
0.022835
-0.010784
0.024978
0.087150
0.048708
0.056977
0.086867
-0.010200
0.097058
0.049869
0.012945
0.089971
0.066640
0.014169
-0.097566
-0.076144
0.099785
0.048100
0.010428
0.015256
0.046314
0.068517
0.095422
0.109828
0.141786
0.000863
0.159117
-0.003047
-0.072954
-0.077476
0.028039
0.038869
0.094216
-0.063346
-0.015815
-0.049449
-0.094862
-0.015180
-0.093407
0.044187
0.070201
-0.023644
-0.005962
-0.006143
0.098116
0.046411
0.050212
0.073472
-0.013917
-0.009713
-0.033384
-0.007509
0.107168
0.190992
-0.009560
-0.026935
-0.005463
0.047140
0.086762
0.070791
0.149168
0.079953
0.010468
0.005044
-0.012532
-0.069582
-0.061674
0.007162
0.067607
-0.053782
-0.103653
0.043578
0.039835
0.062907
0.071852
0.017683
-0.006093
0.004158
0.073499
0.158584
-0.003190
0.025173
-0.062751
0.092414
-0.065780
-0.055338
-0.077715
-0.010450
0.011466
0.029392
-0.040734
0.017248
0.088024
0.099742
0.016112
0.146325
0.088360
0.176440
0.004013
0.090569
-0.008120
0.027064
0.003114
-0.042084
0.130062
0.015995
0.113466
0.012541
0.113200
-0.019813
0.007146
-0.008170
0.004979
-0.115896
-0.080313
0.017042
0.070597
-0.010977
0.100112
0.074866
0.045686
0.102397
-0.028205
-0.065477
-0.000387
-0.023315
0.052698
-0.011914
0.086001
-0.010286
0.038986
-0.078575
-0.048599
0.001044
-0.092635
0.013539
0.010092
-0.030254
-0.034776
-0.007673
0.126164
0.004004
-0.041529
0.052939
0.074390
0.125315
0.084596
-0.008652
-0.077081
0.065585
0.052042
0.071056
0.059882
0.076106
0.004120
-0.023547
0.166190
0.039160
0.009616
0.055143
-0.058020
0.007340
0.024375
-0.016198
0.076961
0.097561
0.069092
-0.035265
0.057669
0.147234
0.086233
-0.003891
0.037459
0.062967
0.061121
-0.025341
0.081371
0.028937
0.003750
0.028730
0.002405
-0.038503
0.037129
0.157203
-0.015908
-0.055189
0.054908
0.016613
0.013134
0.065834
0.100172
0.028491
0.003220
-0.058500
-0.041861
0.033304
-0.006376
0.017939
0.039049
0.038239
0.036335
0.008213
0.051961
0.013257
0.009446
-0.005745
0.031466
-0.007924
-0.055274
-0.070929
0.077167
0.151761
0.121621
0.015935
0.069881
0.083667
0.116219
0.069348
0.150783
0.068412
0.101995
0.132067
0.084936
-0.030732
0.028357
0.029064
0.111534
0.084729
-0.057237
0.059918
0.104853
0.078236
0.127380
0.120291
-0.000235
-0.024846
0.023014
0.004271
0.213862
0.118486
0.039320
0.007559
0.127231
0.043099
0.047195
0.053267
0.010636
0.094356
0.049991
-0.058362
-0.013821
-0.034356
-0.028613
-0.118017
-0.056512
-0.037560
0.026790
-0.009908
-0.011956
-0.033749
0.048845
-0.006862
-0.101219
0.005059
0.052118
0.062265
0.017853
0.102658
0.069156
0.008626
-0.033298
-0.011574
0.048411
0.057691
0.017799
0.064056
0.020534
0.078208
0.115435
0.001288
0.012672
0.012039
-0.067317
-0.078901
0.002618
-0.044674
-0.052646
-0.026691
0.031656
-0.030663
0.042576
0.021187
0.068342
0.123434
0.076513
0.195691
0.167308
-0.007489
0.021132
-0.006905
0.001918
0.002367
0.009769
-0.054514
-0.001923
0.051157
0.061942
0.117311
0.180312
0.080629
0.134819
0.023777
0.040567
-0.035788
0.108238
0.067561
0.040589
0.044930
0.007813
-0.026381
-0.088127
0.112911
0.110787
0.017384
0.095721
0.015052
-0.062367
-0.103154
0.019375
0.055658
0.012867
0.064698
0.031464
0.080183
0.026793
-0.069139
-0.040810
0.061424
0.027046
-0.031609
0.074485
0.033789
0.098170
0.118028
0.134133
0.184402
0.064290
0.040509
0.055772
0.042289
-0.058492
0.056375
0.121241
-0.011626
-0.021804
-0.001448
0.011522
0.024300
0.013570
0.042818
0.041153
0.059001
-0.128927
0.025330
0.080512
0.038316
0.009102
0.046995
-0.006037
-0.024463
0.108001
-0.071660
-0.042512
0.156230
0.153255
0.082228
0.078214
0.146828
-0.026533
-0.031839
0.071141
0.013420
0.032021
0.038251
0.081248
0.004933
0.064628
-0.018210
0.056187
0.040510
0.089583
0.064071
-0.075949
0.046846
0.037492
0.026518
0.047766
0.011879
0.058449
0.063610
-0.014100
0.091155
0.067141
0.111510
0.046718
0.001143
-0.025603
-0.010943
0.038089
0.031694
0.016788
0.058375
-0.102795
0.022521
-0.049340
-0.056508
0.045037
0.117262
0.128022
0.086047
0.032107
0.117445
-0.034680
0.019400
0.052751
0.009960
0.054549
0.095932
0.060384
-0.119912
0.032484
0.013818
0.016258
0.052233
0.115206
0.026601
0.022295
0.061205
0.014450
-0.084199
-0.006835
0.120145
0.051927
0.114806
0.098410
0.093517
0.015219
-0.103594
-0.100362
0.007476
0.054128
0.042724
0.073448
0.182435
0.009582
0.114290
0.110331
0.114470
0.151827
0.123588
0.096997
-0.049270
-0.098048
-0.120774
0.080601
-0.038101
0.057172
-0.026822
-0.054579
0.037795
-0.036934
-0.024883
0.065908
0.072426
0.032915
0.047270
0.099869
0.084342
0.038208
-0.064572
0.073522
-0.042183
-0.010815
0.116818
0.014533
0.016465
0.116494
0.094024
0.051836
-0.025382
0.034097
-0.136043
0.060610
0.039699
0.064080
-0.058304
0.033651
-0.004744
0.100570
0.087109
-0.036953
0.032544
-0.056669
-0.134371
-0.097898
-0.003577
0.049881
-0.011067
0.141914
0.083882
0.005259
-0.072463
0.017391
-0.001548
0.057531
0.065581
0.011483
0.014048
0.028611
0.044909
0.055230
0.104178
-0.032203
0.003642
0.044190
-0.023494
-0.038086
-0.086962
-0.021168
-0.085785
-0.001502
0.115447
0.041210
0.039616
0.013247
-0.109449
-0.052138
-0.048478
0.006700
-0.000838
0.101484
0.048408
0.000047
0.017006
-0.028667
-0.028032
0.092644
0.078998
-0.014118
0.012801
-0.064503
0.021525
-0.003249
0.028916
-0.001129
-0.059188
-0.024283
0.045669
-0.012031
0.066948
-0.010753
-0.015071
0.078040
0.004258
-0.069754
0.042395
0.051600
-0.008033
0.061334
0.021774
0.086267
-0.060347
0.003024
0.022323
0.061759
0.004870
0.035852
0.058178
0.123221
0.105105
0.002160
0.008663
0.021981
0.005312
-0.038168
0.066072
0.082784
-0.021744
-0.023458
-0.000640
-0.000462
-0.014122
0.027612
-0.182546
-0.064389
-0.025869
-0.062515
-0.035396
-0.026771
-0.005422
0.034632
0.110964
0.129273
0.049998
0.101213
0.066086
0.131220
0.133342
0.098765
0.076555
0.071127
-0.046481
-0.046484
-0.089141
-0.102658
-0.091761
0.013442
0.080843
0.133131
-0.004490
-0.122305
-0.057883
-0.080921
-0.066261
0.020645
-0.076663
0.049847
-0.032505
-0.057787
0.040060
0.056631
0.007304
-0.021956
0.083108
0.030457
0.013203
0.033646
0.108079
0.037226
0.000211
0.042242
0.036556
-0.008184
0.002512
0.053790
-0.030511
0.093925
0.044576
-0.031818
0.048578
-0.012244
0.034158
-0.028915
-0.102646
-0.039689
0.045413
-0.004354
0.018091
0.040673
0.024880
0.016261
-0.037815
-0.071021
-0.036586
-0.000641
0.046815
-0.003828
0.073894
-0.046008
0.055309
0.121801
0.086081
0.144236
0.046790
0.069581
0.017023
0.095247
0.095877
-0.029145
-0.030831
-0.068433
0.068531
0.008734
0.097135
0.010736
-0.005946
0.072449
-0.005408
0.011050
0.035363
-0.029240
-0.103383
0.023392
0.014731
-0.000832
0.072031
-0.094610
0.108031
0.089116
-0.074766
-0.027725
0.015674
0.106528
0.083416
0.016934
-0.031396
0.039124
0.099928
-0.035138
-0.099178
-0.005175
-0.011921
-0.064696
-0.085996
-0.026602
-0.085647
-0.113157
0.088677
-0.065776
-0.017371
0.053308
-0.025183
-0.087143
-0.020592
-0.037142
-0.010208
0.062967
-0.017472
-0.071810
-0.102766
-0.152473
-0.093116
0.175126
0.005710
0.048161
0.038498
0.040282
0.070512
-0.018098
-0.008520
0.028924
-0.019343
-0.079308
-0.038945
-0.029957
0.108592
0.065518
0.135658
-0.014247
-0.007357
-0.100814
-0.033978
0.103650
0.139249
0.017894
0.118982
0.037099
0.004162
0.009775
0.063074
0.105211
0.106422
0.075288
-0.004855
0.155641
0.096934
0.012712
0.019071
0.024351
0.035502
0.036364
-0.011102
0.012999
0.049686
-0.037508
-0.040455
-0.004665
-0.103997
-0.051679
0.000045
0.039618
0.052932
0.031186
0.097678
0.122523
0.022431
0.105894
0.005407
0.028120
0.013041
0.087987
-0.005965
0.055419
-0.016687
-0.049181
0.080043
0.068931
-0.106453
-0.006822
-0.049249
-0.069054
0.051915
0.151771
0.096960
0.085747
0.106195
0.042173
0.062739
0.107599
0.067540
0.015660
-0.028408
0.025239
-0.047935
-0.012043
-0.019058
0.001264
-0.031173
-0.016953
0.116404
0.017266
-0.027591
-0.017773
-0.025605
-0.037646
-0.107424
-0.058732
0.061765
0.060443
-0.011878
0.016825
0.022833
-0.058397
-0.043446
-0.050067
-0.024968
0.029430
0.090590
0.035885
0.065923
-0.070233
-0.048674
0.053721
0.017221
0.041922
0.016874
0.016326
0.009672
0.068663
-0.027111
-0.035794
0.013764
0.025264
0.178284
0.045046
-0.054237
-0.057586
0.050848
0.048278
-0.009856
-0.032355
0.048545
0.005510
-0.050846
-0.080972
0.080021
-0.009532
-0.015078
0.018168
0.015892
0.111858
0.171311
0.063902
0.057839
0.051610
0.017075
0.148484
0.038986
0.016955
-0.030447
0.043585
0.006080
0.080958
0.140462
-0.069155
-0.013049
-0.050836
-0.063591
0.058649
0.067603
0.047570
0.137415
0.018235
0.034621
-0.000938
0.021489
0.008477
-0.041395
0.103356
-0.053446
-0.042282
0.005462
0.028895
0.091037
0.119942
-0.106744
-0.029063
0.046620
0.039172
0.141553
-0.009310
-0.120448
-0.046010
-0.043429
0.029398
0.062146
0.003156
-0.006912
-0.048834
-0.039055
0.065319
0.010251
-0.010958
0.051426
0.009590
-0.015369
0.038422
0.045394
0.004347
-0.021081
-0.013458
-0.017181
0.081332
0.112189
0.096534
0.047495
-0.002789
-0.061718
-0.001559
-0.026394
0.088104
0.055038
0.097381
0.116511
0.028538
-0.058941
0.033282
-0.000499
0.027543
0.021138
-0.070519
0.017286
0.019231
0.011948
0.016015
0.083969
0.067108
0.038116
0.048135
0.020299
0.047843
0.102159
0.038219
0.030094
-0.057024
0.035462
0.033697
-0.024953
0.008141
0.022751
-0.029220
-0.095699
-0.058935
-0.143261
0.004668
-0.036994
-0.018919
0.104227
0.016741
-0.099601
-0.040892
-0.022673
-0.026095
-0.015986
0.052067
0.046645
0.036546
0.043245
0.086826
0.153744
0.070084
0.020210
-0.082598
0.009090
0.072932
0.029955
0.010600
-0.050143
-0.085037
-0.004486
-0.023992
0.033749
0.018197
0.006460
0.049856
0.074216
0.082648
0.159901
0.083961
0.036735
0.056022
-0.070953
0.044082
0.032240
-0.011883
-0.056632
-0.083413
-0.050877
-0.031114
0.046262
0.066443
0.047115
-0.025051
-0.022093
0.036631
-0.030456
-0.057534
-0.024818
-0.104936
-0.066824
0.038043
0.050038
-0.006435
0.036482
0.042090
-0.034098
0.006049
-0.032579
0.009041
-0.005519
-0.018857
0.061537
0.066647
-0.089592
0.039384
0.074837
0.045787
0.021911
0.006244
0.121800
0.005672
0.039428
0.040767
-0.008290
0.080554
0.038867
0.060402
0.082393
-0.014954
-0.050900
0.010019
-0.003557
0.056245
-0.048918
-0.031892
0.035019
-0.030884
0.019322
-0.114569
-0.013371
0.062853
-0.005132
-0.032753
-0.145225
0.198310
-0.006416
-0.051239
-0.006574
-0.042090
0.059599
0.108224
-0.069497
-0.001078
-0.015750
-0.077982
0.006992
-0.000486
0.060290
0.163949
0.025097
-0.063217
-0.047989
0.064734
0.023825
0.040657
-0.039311
0.033814
0.002761
0.050198
-0.031440
0.017665
-0.010056
0.017047
0.137779
0.090061
-0.059222
-0.001106
-0.063370
0.031270
-0.018943
-0.022458
0.054138
0.042959
0.014475
0.008322
-0.071962
0.044303
0.027079
-0.010812
-0.027758
0.086164
0.047755
0.005572
0.027118
0.042683
0.124590
0.192715
0.110409
-0.044580
0.027992
-0.002151
0.024878
-0.018903
0.097831
0.036508
0.086610
0.088269
0.064934
0.047010
-0.008307
-0.050817
-0.014311
-0.043924
0.009585
0.036922
-0.031903
0.057257
0.054018
-0.045808
-0.007325
0.055701
0.027142
-0.023771
-0.031064
0.046135
0.040432
-0.007857
-0.019620
-0.054213
0.027294
0.054349
-0.061212
-0.039486
0.005886
-0.040545
0.009727
-0.069839
0.028397
0.115404
-0.110673
-0.008962
-0.069632
0.006902
0.015540
0.105319
0.000426
0.006456
0.020742
0.163567
0.106242
0.064253
0.055066
0.019747
-0.021876
0.050724
0.058901
0.072160
0.048810
0.125054
0.079045
0.057236
-0.028720
-0.088157
0.090997
0.095351
0.051123
0.041813
-0.070285
0.018563
0.090119
0.038392
-0.002433
-0.081734
-0.061112
0.027910
-0.049110
0.012531
0.032111
0.058143
0.051960
0.046523
0.087535
0.099575
-0.018975
-0.151108
-0.004278
0.008754
0.008177
0.033650
-0.006654
0.063424
0.134618
0.051014
-0.077237
-0.035701
-0.043774
-0.062070
0.068936
0.077716
0.005592
-0.102170
0.024674
-0.044521
0.179616
0.098749
0.031393
0.090477
0.106703
0.010445
0.017925
-0.060720
0.081345
0.020375
0.102630
-0.002772
0.019025
0.077423
-0.042425
0.062370
0.058376
0.100690
-0.007745
0.028107
-0.027170
0.012226
0.009085
0.046948
0.049551
0.046702
0.035043
0.073674
0.021517
0.002439
0.056165
0.091616
0.072071
0.018642
0.026090
0.085859
0.081361
0.047321
0.084841
0.115442
0.158640
-0.016842
-0.042780
0.076877
0.015685
0.100072
0.059677
0.141865
0.107705
0.044755
0.051926
0.168570
0.079237
-0.083854
-0.009150
0.056452
0.016060
-0.037694
0.004435
0.020166
-0.019499
0.046971
0.119199
0.007780
-0.036034
0.077120
0.153054
0.118693
0.072701
0.011679
-0.055614
0.020377
-0.034243
-0.035105
-0.077056
-0.118951
-0.013348
-0.035197
0.061198
0.087336
0.035974
-0.042820
0.012166
0.001395
0.013779
-0.000209
-0.027200
0.108355
0.044500
-0.035237
0.025401
0.103813
0.058151
-0.012216
-0.019855
-0.010290
-0.056712
0.013366
0.088289
-0.095595
-0.010518
-0.107847
-0.040340
-0.062449
-0.014274
0.031024
-0.000778
-0.058895
0.022397
0.049820
0.065704
-0.045431
-0.043214
-0.046532
-0.044513
-0.057087
-0.054465
0.046184
0.038562
0.031987
-0.013767
-0.072191
0.010809
0.037891
0.027115
-0.021316
-0.115261
-0.034884
-0.041462
-0.043262
-0.063924
-0.038681
-0.023262
-0.057058
-0.034112
-0.059579
0.061125
0.019062
0.010018
-0.074878
-0.040035
-0.080185
-0.016431
-0.095081
0.006861
0.006745
0.015201
0.015426
-0.051556
-0.140813
-0.020123
-0.077209
-0.051652
-0.012195
-0.061955
-0.039707
0.052852
0.041291
0.049468
-0.001681
-0.013951
0.024947
0.114055
0.063190
-0.048102
-0.010604
0.037207
0.084373
0.019369
0.069769
-0.000531
-0.069172
0.035292
0.065539
0.179715
0.194025
0.070618
-0.036630
0.057958
-0.006711
0.075670
0.123340
0.065465
0.178736
0.085421
0.018480
-0.053568
-0.030447
-0.050758
0.046292
0.039829
-0.010450
0.050753
0.054459
0.191106
0.181840
0.070669
0.045262
0.134140
0.076944
0.147431
0.053358
0.112707
0.099723
0.111888
0.023340
0.102641
0.103595
0.220287
0.065384
0.002051
-0.062415
-0.034388
0.055603
0.034226
0.034807
0.020609
0.078625
0.064614
0.048760
0.078390
-0.020496
-0.027636
0.078699
0.003837
-0.019310
0.016446
0.000011
-0.005305
-0.009584
-0.029277
0.032032
0.150633
0.117103
0.007437
0.118632
0.092641
0.028060
-0.022815
0.062632
0.055521
-0.020144
-0.071021
-0.057431
0.033727
0.047536
0.014651
-0.001109
0.037563
0.036598
0.081263
0.024386
0.185236
0.092343
-0.086627
-0.127581
0.007534
0.037946
0.027767
0.005425
-0.019819
0.034883
0.013005
-0.021531
-0.123678
0.029704
-0.022081
0.037495
0.069315
0.044572
0.078133
0.024505
-0.024807
-0.013928
0.046705
0.020451
-0.028507
0.020489
0.010882
0.050496
-0.009214
-0.002322
-0.030672
0.034180
0.037600
0.055784
-0.050294
0.118731
0.121259
0.058578
0.002786
0.064010
0.018518
0.048003
0.040137
0.087606
0.052182
0.053075
-0.041796
-0.011591
-0.055744
0.042798
0.138753
0.147502
0.095386
-0.121017
0.016791
0.048657
0.079755
0.077041
0.109850
-0.022865
-0.012363
-0.006252
0.114510
0.113655
0.063935
0.046857
-0.092917
-0.038279
0.023741
0.126763
0.087044
-0.009808
0.033564
0.022754
0.051813
0.004458
0.023106
0.112449
0.024557
0.194015
0.102850
-0.024868
0.029341
-0.007895
-0.014164
-0.006848
0.126618
0.120044
-0.054842
-0.042267
-0.025876
-0.007760
0.097451
-0.037299
-0.050028
-0.099400
-0.027911
0.041071
0.052390
0.048688
-0.004645
-0.052791
0.034307
0.084411
0.004438
-0.078443
-0.031305
0.035156
0.048044
0.030461
-0.023150
0.032335
0.097599
0.055239
-0.003274
0.021034
0.083860
0.025520
-0.011207
-0.012383
0.186278
0.128915
0.160983
-0.017253
-0.027603
0.033979
0.050312
-0.024339
0.009569
-0.076255
0.077741
0.045005
0.036887
-0.009308
0.009064
0.102151
0.074484
-0.049379
0.068626
0.053524
-0.015776
0.035008
-0.015868
-0.011654
-0.038291
0.000857
0.052449
0.004158
0.059486
0.018395
0.004039
0.041861
0.043699
-0.021968
-0.094623
0.054660
-0.014464
-0.025255
0.026996
-0.075395
0.009700
0.101842
0.069908
0.095668
-0.008967
-0.017766
-0.027510
-0.122108
-0.069794
0.067619
-0.010908
-0.044191
-0.111726
0.030394
-0.021233
0.083451
0.078170
-0.039764
-0.054097
-0.126778
-0.025980
0.077335
-0.006901
0.051693
0.033777
-0.018339
0.074929
0.109786
0.062823
0.050458
-0.029544
-0.075681
0.067887
0.083742
0.046455
0.128821
0.096410
0.058961
0.045671
-0.025125
0.044063
0.149637
0.006195
0.071558
0.080258
0.027388
0.134058
0.041690
0.030570
0.030430
0.146447
0.135372
0.124845
-0.021402
0.058240
0.065633
-0.073507
0.113749
0.016941
0.077242
0.044542
0.043914
0.069531
0.041431
0.015479
0.139461
-0.071215
-0.000822
0.024259
0.096167
0.004834
-0.060477
-0.081041
-0.071665
0.082760
0.009683
0.004170
0.021565
-0.045455
0.003882
0.021345
0.091262
-0.010096
-0.044486
0.018121
-0.015767
-0.039955
0.015601
-0.065307
-0.047911
-0.044377
-0.006899
0.014050
0.011105
-0.001885
0.106639
0.114580
-0.069618
-0.012642
-0.015577
-0.006723
-0.004310
0.054617
-0.076514
-0.004643
-0.022244
0.055483
0.117882
0.049673
0.036651
-0.059886
0.011117
0.069739
-0.030788
-0.044628
-0.086072
0.040590
0.086878
0.007971
-0.017610
0.007714
-0.024128
0.023936
-0.054681
-0.027932
0.052256
0.005954
-0.035203
-0.047129
0.017507
0.014165
0.031959
0.056663
-0.037850
-0.104892
-0.068589
0.052532
0.052859
0.080857
0.021530
-0.037721
-0.047975
-0.023307
0.039840
-0.024684
-0.075758
-0.093736
-0.026044
-0.053551
0.034939
0.045725
-0.044483
-0.039956
0.002890
-0.039047
-0.119764
-0.073440
0.015385
-0.021363
0.040507
0.044336
-0.002253
0.077703
0.018422
0.050113
0.020715
-0.066063
-0.035926
-0.084558
0.073414
0.042081
0.059604
0.070586
0.122865
0.000594
0.006957
-0.022342
0.066482
0.027088
0.017873
0.081871
-0.051101
-0.006449
0.042970
0.054173
0.077705
0.011462
-0.015958
-0.073841
-0.002142
-0.000088
0.063686
-0.044123
-0.053579
0.014430
-0.050083
-0.029411
-0.109177
-0.005093
-0.063801
-0.085194
0.023248
0.067802
-0.013887
0.001391
0.006375
-0.050662
0.111853
0.089023
-0.002326
-0.126940
0.002676
-0.066289
-0.041151
-0.004234
-0.021780
0.004743
0.017730
-0.099241
0.009326
0.025476
-0.012404
-0.010191
-0.066657
-0.017140
0.031807
0.016329
0.045003
-0.003718
-0.082666
0.094829
-0.044130
0.062595
0.013820
-0.019196
0.101676
-0.004701
0.096222
0.137719
-0.025319
-0.052860
0.030965
-0.029128
-0.007118
-0.090745
-0.065837
-0.039320
0.021670
0.066338
0.116861
-0.003879
-0.040057
-0.031503
-0.022039
0.017698
-0.115086
-0.048771
-0.001939
-0.063718
-0.063950
0.019747
-0.016767
0.069448
0.008726
-0.032490
-0.047740
-0.100334
-0.003708
-0.128110
-0.033609
-0.086996
-0.053313
0.002838
-0.064292
-0.025812
-0.102362
-0.047986
-0.004218
0.053372
0.052385
-0.030827
0.136555
0.116834
0.015795
0.020507
0.052707
-0.037845
0.068558
0.003464
-0.017215
-0.013256
0.109588
0.074655
-0.135602
-0.034777
-0.081716
0.061451
0.056001
0.018179
0.146013
-0.032529
0.067374
0.089900
0.017208
0.171168
0.029824
0.084566
-0.015776
0.031340
-0.003036
0.016129
0.008824
0.034202
-0.000105
0.066629
-0.028204
-0.020103
-0.033860
-0.018803
-0.028947
-0.012219
-0.075646
-0.139676
-0.067825
-0.050239
-0.007818
-0.036113
-0.052237
0.004790
0.012286
-0.015252
0.100490
-0.044099
-0.025070
-0.053060
-0.011885
0.001993
0.028847
0.034737
-0.002988
0.041242
0.024196
0.051121
-0.008416
0.035078
-0.054213
0.032438
0.000611
-0.060226
0.053979
-0.056432
0.032210
0.119125
0.036864
0.037712
0.118828
-0.049780
-0.080278
-0.037654
-0.133621
0.080460
0.039273
-0.019068
0.048761
-0.080334
-0.002120
0.069870
0.054613
0.007306
-0.056423
0.115244
0.064990
0.036951
0.027836
0.059710
0.111900
0.118698
0.149732
-0.005579
-0.041440
0.031002
0.007169
-0.026453
0.121504
0.109264
0.106060
-0.038417
0.025952
0.043601
0.040239
0.057964
-0.046013
0.086514
0.128374
0.052251
-0.036504
-0.028523
-0.065533
0.037200
-0.028748
-0.082863
0.016058
0.040501
-0.105792
-0.005450
-0.133707
-0.118356
-0.036924
0.022287
-0.058676
0.083091
0.032600
0.074217
0.028177
-0.092844
-0.011869
0.044542
-0.053282
0.020162
-0.078069
-0.122387
-0.095340
0.035422
-0.043639
-0.005056
0.002580
0.034870
0.044747
-0.060296
0.044718
0.050588
0.080200
0.062856
0.057699
0.012320
-0.005737
-0.019603
0.041339
0.052824
0.040258
-0.003904
0.029822
-0.032182
0.027767
-0.015193
0.012562
-0.000330
-0.021593
0.105741
0.036479
0.157947
0.046520
-0.008462
0.117215
0.014805
-0.011128
0.035708
-0.030946
-0.074271
0.029968
0.023367
0.029221
0.024972
0.120025
0.058746
0.026315
0.142713
-0.010374
0.029657
-0.064211
-0.102071
-0.005857
0.036589
0.012479
-0.017147
0.025204
0.109105
0.136397
0.224429
0.053896
0.006407
0.046492
0.106309
0.002037
0.089488
-0.038087
0.108469
0.138201
0.071013
0.061552
-0.010702
0.045071
0.041268
0.068130
-0.039185
-0.149176
-0.017124
-0.006405
0.004613
-0.076718
-0.017682
0.052187
0.058913
0.098752
0.029369
0.053324
0.041021
0.160852
-0.000417
-0.055964
-0.038852
0.047270
0.093738
0.150517
0.132932
0.054419
0.079540
0.120957
0.087559
0.094590
0.041319
0.014108
-0.022602
0.016281
0.002730
-0.076074
-0.014978
0.013182
-0.117758
-0.093353
-0.025005
0.023220
0.062444
0.051617
-0.058203
0.110389
0.020629
-0.197556
0.017368
-0.128284
-0.178757
-0.105902
0.023675
0.116810
0.060885
-0.000471
-0.141269
-0.007840
-0.105609
-0.014567
0.033534
0.017023
0.020347
-0.014586
0.024632
0.044390
0.033222
0.016129
-0.025234
-0.146391
0.080108
0.036100
0.046950
0.068387
0.086559
0.040155
-0.067172
-0.108484
-0.078170
-0.021474
-0.047278
-0.007433
0.064767
0.068563
0.005830
0.122861
0.068573
0.022686
-0.012761
-0.014348
-0.196101
-0.082196
-0.050042
-0.004731
-0.036025
-0.024596
0.027468
0.054995
0.046516
0.039445
-0.045297
0.031999
-0.031286
0.102793
0.069463
-0.043453
0.014512
0.082534
0.085407
0.057958
-0.009868
-0.015895
0.005281
0.065397
0.064184
-0.079720
-0.062050
-0.026999
0.099039
0.062655
0.105357
0.009592
-0.032977
-0.036148
0.046851
0.040426
-0.008056
0.067964
0.066872
0.089802
0.041979
-0.009998
-0.011492
0.050875
0.094432
0.010379
0.001213
-0.007797
-0.008297
0.093523
0.151201
0.084981
-0.060184
0.041179
0.010520
0.030547
-0.012576
-0.026268
0.033110
-0.127911
-0.031248
0.102147
0.039323
-0.056094
0.072704
0.023919
0.044961
0.114217
-0.013221
0.106653
0.077605
-0.011406
0.050130
-0.073144
-0.023196
-0.033215
0.019111
0.068330
0.082691
0.037723
0.038614
0.077230
0.049172
-0.027946
-0.051606
0.013772
0.007601
0.097020
0.061842
-0.031733
-0.014964
0.017266
0.118976
0.083402
0.030126
0.132497
-0.009286
-0.051100
-0.032297
0.065190
0.127490
0.110182
0.009333
-0.042427
-0.080003
-0.058998
0.164445
0.023424
0.024514
-0.063706
0.050483
-0.050892
-0.041299
-0.030961
0.036082
0.025187
0.026834
0.078130
0.005835
0.088122
-0.078477
0.005065
0.104127
0.015336
-0.009934
-0.041123
-0.107004
-0.065968
0.144023
0.068090
-0.024080
0.022473
-0.009618
0.001242
0.002738
0.016877
-0.024763
0.125157
0.034608
-0.006464
0.061462
-0.026592
0.069248
0.069794
0.137101
0.095128
-0.016234
0.017289
-0.027598
0.009705
0.025911
-0.042307
-0.063113
-0.056326
-0.009634
-0.006090
0.011377
-0.005003
-0.099635
-0.038914
0.088557
0.007913
-0.055169
0.031970
0.031273
0.117439
0.030393
-0.028406
-0.065907
-0.038109
0.005385
-0.057359
0.064004
0.016407
0.084718
0.060016
0.039442
0.139088
0.108025
0.115594
-0.084910
-0.034406
-0.128078
-0.007180
0.012235
0.054834
0.147188
0.057213
0.144711
0.078491
0.068389
0.048804
0.044985
0.070085
0.010259
0.065412
0.021155
-0.060262
-0.002469
0.016804
-0.019622
0.002205
-0.000686
0.024663
-0.028450
0.024292
0.038555
0.074272
0.058617
-0.040761
0.124263
0.064262
0.045939
0.104025
0.060671
0.007360
0.058464
0.039595
0.000089
0.063234
-0.064659
-0.010448
0.000544
-0.067239
-0.005076
0.075365
0.170791
0.091050
0.104442
0.048655
-0.072269
-0.036835
0.037160
-0.129088
-0.031855
-0.029830
0.051715
0.047501
0.042723
-0.003797
-0.035659
0.023439
-0.034408
0.004793
0.030873
0.004171
-0.050627
-0.059559
0.071524
0.021633
0.044220
-0.079397
-0.097889
-0.066695
-0.063506
-0.094890
0.006443
-0.062877
0.058942
0.099240
0.015752
-0.108252
-0.071112
-0.064230
-0.017034
0.086359
0.153832
0.125224
0.062735
0.055786
0.025498
-0.003944
0.069953
-0.013808
-0.044592
-0.062673
-0.041186
0.051703
-0.028693
-0.015237
0.085631
-0.012185
0.059375
-0.003391
-0.039523
-0.039314
0.022906
0.096484
0.050865
-0.111248
-0.038834
0.034109
-0.009110
0.031851
-0.045776
-0.040334
0.025374
0.164089
0.054648
-0.025680
0.078555
-0.069052
0.035065
0.014225
0.031345
0.153137
0.071638
-0.068510
-0.037734
-0.080173
-0.006201
-0.094063
-0.069651
-0.083174
-0.003614
-0.031628
-0.047490
-0.092380
-0.040752
-0.029335
-0.052325
-0.003578
-0.002984
-0.069163
-0.039267
-0.017975
-0.048436
-0.043541
-0.006583
0.023816
-0.024083
0.117120
0.034693
-0.029354
-0.047310
-0.015961
-0.020421
-0.063121
-0.023421
0.007130
-0.031785
0.053419
0.047602
-0.010626
0.008052
-0.027389
-0.094454
-0.102040
0.000645
-0.045335
0.014948
-0.007564
0.046073
0.099670
0.077447
0.092968
-0.005908
-0.002289
-0.030305
-0.033263
-0.026322
0.057628
0.036096
-0.006717
-0.075003
-0.166652
-0.046251
0.027722
0.036170
0.055847
-0.012501
0.077774
0.036667
0.041451
0.028272
0.123013
-0.058345
0.012791
-0.023079
0.007629
0.012790
0.022736
0.219623
0.090347
0.062047
-0.023737
-0.006554
0.036791
0.067907
0.128077
0.225012
0.065171
0.017715
-0.075423
-0.069459
-0.060527
-0.075958
0.072302
-0.037048
0.029209
0.118777
0.052447
0.023831
0.032455
-0.020096
0.057001
-0.088474
-0.024440
0.118759
0.067335
0.083357
0.038211
0.016562
0.123108
0.104288
-0.002420
-0.018792
0.109869
0.051287
-0.022377
0.087338
0.110059
0.028196
-0.002163
-0.093720
-0.014104
0.003999
0.044741
0.044618
0.069671
-0.012039
-0.012582
0.145149
-0.071251
-0.150442
-0.015641
-0.009153
-0.071917
-0.007978
-0.024369
0.073287
0.020995
0.023235
-0.010784
-0.014063
0.000866
0.103634
0.065879
-0.093499
-0.001121
0.076219
0.058914
0.029269
-0.071408
-0.018869
0.116198
0.092825
-0.033149
-0.014927
-0.073988
-0.095836
-0.104905
-0.096329
0.054956
0.043342
0.052581
0.012493
-0.018548
0.016688
0.015883
0.051184
0.084377
0.114011
-0.035061
-0.053375
-0.139621
0.006265
0.022400
0.082536
0.051971
-0.058931
-0.086364
-0.037256
-0.011939
0.008204
0.035906
-0.080517
0.014419
0.067579
0.077351
-0.027137
-0.047655
0.017588
-0.040581
0.068500
0.051120
-0.136649
-0.110396
-0.086021
-0.048981
-0.018255
-0.060803
-0.049462
0.032353
0.073632
-0.006491
0.019501
-0.005636
-0.024011
0.022407
-0.031351
-0.031502
0.006150
-0.007627
0.096988
0.149695
0.094912
0.002068
0.065037
0.123026
0.088668
0.020347
0.052898
0.068134
0.082877
-0.046963
-0.017664
0.065054
-0.086052
-0.098574
-0.068734
-0.071724
0.071429
-0.075338
-0.013583
0.037507
0.006706
0.110027
0.048713
0.025845
0.074025
0.142866
0.044909
0.018490
0.079680
0.137070
0.143121
0.095491
0.141288
0.023192
0.009878
-0.099828
-0.086869
-0.040540
0.005306
0.064013
-0.091366
0.076069
-0.007541
0.076735
0.074380
-0.059290
0.033421
0.037081
0.019159
-0.054193
-0.104468
-0.028936
0.025376
-0.027693
0.034346
0.083352
0.042677
-0.005103
0.117228
0.086993
0.023451
-0.063414
-0.108272
-0.083727
-0.085393
-0.040916
-0.062469
-0.127935
-0.080250
0.053119
-0.017296
-0.020560
0.183236
0.077907
0.032169
0.086201
-0.025406
0.038702
0.063307
-0.019604
-0.022645
0.043885
0.073027
0.074604
0.078878
0.047489
-0.031306
0.004845
-0.022720
0.030640
0.036753
0.002374
-0.069590
0.027196
-0.006513
-0.074618
-0.018117
0.008722
-0.035598
0.058904
-0.098928
-0.009633
0.015037
-0.010143
0.010590
-0.006938
0.025347
0.009600
0.024440
0.029168
0.072206
0.037411
-0.132074
0.067125
0.104856
0.109825
0.033912
0.013256
-0.074568
-0.000312
0.034334
0.050747
0.161173
0.117215
0.050596
0.013269
0.038310
-0.021695
0.030902
-0.038421
-0.034316
-0.030983
0.101431
0.060836
0.061828
0.009810
0.028088
-0.015287
-0.012799
0.058825
0.023968
0.088881
0.028087
0.005151
0.080735
0.007681
0.090768
0.046236
-0.020877
-0.059079
-0.069531
-0.091744
-0.005839
-0.111080
-0.070668
0.050866
0.058906
-0.001856
0.039526
0.089878
0.034003
0.021696
0.105684
0.142747
0.118760
0.117844
-0.047577
-0.072682
0.033379
0.005549
0.024809
0.066641
-0.012387
0.049901
0.109304
0.045005
0.011901
0.124704
0.162031
0.060316
0.026475
-0.044810
-0.105848
0.023171
0.098529
-0.002465
0.061573
0.122392
0.087555
0.080992
0.107525
0.000256
0.023907
-0.053923
0.021195
0.092821
0.013142
0.049737
-0.026430
-0.057293
-0.054262
-0.086986
-0.010936
0.022653
-0.040156
0.093756
0.144818
0.122523
0.065595
0.027269
0.024276
0.047146
-0.038167
-0.055801
0.036534
0.038182
0.001055
-0.118205
-0.112898
-0.028951
0.002571
0.016914
0.077728
0.034762
0.092781
0.162246
0.036313
0.042432
0.106378
0.083876
0.040575
0.008700
-0.000369
-0.016336
0.004256
0.049972
0.044436
0.044220
0.123300
0.088644
0.050042
0.065751
-0.012506
-0.048115
-0.029551
0.004215
0.005560
-0.051836
-0.102936
-0.044475
0.019367
0.017410
-0.005980
0.011245
-0.020626
0.002573
0.018550
-0.013070
-0.077956
-0.163849
-0.069076
-0.010851
0.042100
0.005557
0.000098
0.005486
0.003290
-0.044455
0.158906
0.132934
0.060334
0.001275
0.088887
-0.054083
0.089842
0.033194
0.033449
-0.015515
-0.016932
0.073527
0.082478
-0.050595
-0.131213
-0.012854
0.066730
-0.020512
0.002699
0.015763
0.040713
0.034549
-0.058849
0.081561
0.117988
-0.081985
-0.045530
0.088627
-0.005893
0.071946
-0.009779
-0.010145
0.072803
-0.018622
0.061712
0.001275
0.018895
0.050419
-0.062333
-0.024593
-0.063912
-0.051587
-0.061905
-0.046987
0.013420
0.010724
0.138297
0.000856
0.030946
0.051808
0.015571
0.053458
-0.011176
-0.007882
0.083105
-0.024021
-0.052104
-0.004649
0.101333
0.018260
0.041805
0.051091
-0.008704
0.009700
-0.002465
0.074657
0.065077
-0.005078
-0.000109
0.005250
0.009080
-0.086277
0.037802
0.083749
-0.009732
-0.022165
-0.044991
-0.020656
-0.062056
-0.012989
0.062406
-0.092085
0.016118
-0.003609
0.050462
0.004953
0.016168
-0.100278
-0.017096
-0.003994
-0.053338
-0.045392
0.008528
-0.015542
-0.092699
-0.092386
0.041961
0.025296
0.085214
0.046714
0.041926
0.043254
0.144238
0.120475
0.069053
0.052114
0.003187
0.010356
-0.012607
-0.015123
-0.099808
-0.147827
-0.029079
-0.070940
-0.096757
-0.026249
0.042895
-0.045030
0.023543
0.064117
0.013845
-0.035482
0.014591
0.188300
0.099887
0.104632
0.002197
-0.027212
0.094999
-0.049695
0.090090
0.014643
0.052816
0.011961
0.060136
0.107311
-0.039096
0.078329
0.032481
-0.005727
0.037479
-0.048463
0.030073
0.082747
-0.030978
-0.077963
0.010553
-0.122740
0.008504
0.113419
-0.001044
0.113677
-0.007381
-0.052057
0.071313
0.041700
0.002355
-0.050046
-0.107753
-0.040272
0.009623
0.052693
-0.012150
-0.059628
0.029435
0.069568
0.104568
0.004568
0.105945
0.104541
-0.000120
0.058156
0.051250
-0.031117
0.085563
0.057824
0.177497
0.078000
0.013480
0.022147
0.074582
-0.017138
0.085103
0.079324
0.073634
0.208433
0.099181
0.129929
0.065217
-0.005484
0.028865
-0.119207
-0.063787
0.079776
0.053197
-0.083885
-0.185485
-0.088338
0.057033
-0.055959
-0.040056
0.097795
0.032773
0.028053
-0.031497
-0.019967
0.006460
0.033844
-0.011611
0.060948
-0.003937
0.034441
0.070658
0.018136
0.115387
0.108060
0.099570
0.149874
0.021463
-0.007068
-0.025550
-0.120656
-0.065620
0.065775
0.007661
0.063096
-0.029142
-0.183662
-0.213942
-0.018909
0.041523
0.027733
0.027272
0.032573
0.005311
0.001411
0.095565
0.067153
0.027866
0.027818
0.008628
0.064000
0.067447
0.039874
0.014855
-0.036687
-0.049393
-0.006610
-0.003248
0.033192
0.089330
0.051917
0.003407
-0.092735
0.013865
0.001961
0.128124
0.168413
0.076148
0.104722
0.045068
0.003968
-0.017896
0.044215
0.047222
0.067218
0.007995
0.027001
-0.008942
0.094812
0.076638
0.022855
0.092014
0.052622
0.019873
0.142436
0.143760
-0.022273
-0.019408
-0.015146
0.023691
0.028801
-0.053906
-0.056325
-0.043148
-0.046479
-0.007714
0.073340
-0.037312
-0.104172
-0.088072
-0.016100
0.008289
0.018001
-0.040536
-0.026373
-0.051476
-0.053282
-0.043811
0.022577
-0.058470
0.068261
0.006225
0.025039
0.036163
-0.063946
0.064492
-0.017560
-0.122826
-0.020589
-0.008118
0.055464
0.039584
-0.011310
-0.002724
0.023839
0.108433
-0.001552
-0.087071
-0.004078
-0.035071
0.104171
-0.012939
0.021435
-0.055269
-0.030560
-0.052327
0.028855
0.007150
-0.036406
-0.005330
0.088607
-0.015086
-0.093493
-0.004781
0.064524
-0.009048
-0.037280
0.049077
-0.057428
0.006292
-0.070347
0.023798
0.044715
0.046920
0.031471
0.042461
-0.080952
-0.070129
-0.024801
0.031170
0.127473
0.159638
0.025483
0.091808
0.039253
-0.024196
0.081194
0.061331
0.105119
0.206701
0.100810
0.094747
-0.013185
-0.149544
-0.002744
0.053409
0.051382
0.118962
0.122572
0.009719
-0.030309
-0.046186
0.100837
-0.002012
-0.077059
-0.066852
-0.021778
-0.002427
0.047185
0.055473
0.050055
0.045885
0.032862
0.081856
0.052672
0.107219
-0.002290
0.122819
0.083728
-0.011387
-0.012144
0.068137
0.012727
0.018007
0.032674
0.010020
0.071686
0.072274
0.013082
0.070557
0.037782
-0.018288
0.010993
0.089094
0.103883
0.037038
0.068566
-0.018340
0.053016
0.106522
-0.036970
0.013744
0.029384
0.044588
0.018373
0.019755
0.003330
0.000723
0.072392
-0.045862
-0.030791
0.035518
-0.071764
-0.000495
-0.044407
-0.053710
-0.082616
-0.059899
0.030294
0.053523
0.012182
-0.024903
0.062295
-0.008009
-0.071811
-0.059048
-0.056460
0.030740
-0.037465
0.034522
-0.016798
-0.063852
-0.012529
0.074213
0.072368
0.053554
0.028197
-0.000254
0.068864
0.052908
-0.063699
0.087191
-0.015156
0.015036
0.113681
0.025495
0.007866
0.033215
0.027052
-0.037175
-0.130509
0.029632
-0.001130
0.060973
0.099318
0.079837
0.098878
-0.009648
0.020515
0.033458
0.059513
-0.010677
-0.004440
-0.056861
-0.028761
0.016030
-0.073830
0.071019
0.053283
0.010691
-0.062186
-0.012822
0.009316
0.056672
0.036499
-0.027089
0.093137
0.078875
-0.001735
0.021350
0.004708
0.113774
0.118063
0.033980
0.043761
0.007733
-0.006169
-0.056996
0.020806
0.121067
-0.000346
0.073153
0.113684
-0.055142
0.077294
0.068190
-0.105407
-0.056955
-0.080517
0.098082
0.063533
0.104120
0.019632
0.068466
0.032687
0.018001
0.026346
-0.003066
0.002912
0.013818
-0.001311
0.016066
-0.027908
-0.003000
0.023834
-0.016783
0.087566
0.127787
0.133704
0.071634
-0.006940
-0.014336
0.097481
0.118075
0.041335
0.027831
0.016797
0.129055
0.151701
0.056821
0.016973
-0.014448
0.074037
0.147989
0.124667
0.075740
0.054675
-0.115123
0.047095
0.090368
-0.010039
-0.056390
-0.146758
0.010154
-0.011201
-0.047403
-0.016356
-0.039769
0.057255
0.110369
0.008281
-0.088277
-0.085595
-0.025880
0.040183
0.071490
-0.028497
0.007830
0.055198
-0.134154
-0.092965
-0.101505
-0.120746
-0.014644
-0.061199
-0.113445
-0.080969
0.081818
-0.001772
0.009213
-0.022857
0.021380
0.024077
0.016253
-0.063466
-0.021663
-0.025275
0.044853
-0.024903
-0.068066
0.087307
-0.040712
0.070187
0.053555
0.155242
0.029634
0.090858
0.029888
0.028735
-0.032169
0.000640
0.007341
-0.011568
-0.027547
0.049386
0.037991
0.052203
-0.000199
-0.064244
-0.034140
-0.018811
-0.004579
0.023696
-0.002284
0.094227
-0.024130
0.098836
0.021729
-0.013075
0.041835
0.113994
0.073552
-0.101553
-0.161310
-0.011050
-0.064359
0.012073
0.017561
0.087882
0.068053
0.046510
-0.017244
-0.064311
-0.034020
-0.057711
-0.028173
0.020835
-0.059924
0.009900
-0.095458
-0.034584
0.126484
0.130445
0.091535
0.075266
0.028491
0.034485
0.026056
-0.040694
0.005527
-0.047525
0.092946
0.030557
-0.072506
-0.115864
0.107070
-0.086731
0.029733
0.039512
0.025773
0.046473
-0.100939
0.016685
-0.014110
0.027566
-0.006160
0.001809
-0.010250
-0.120597
-0.044121
0.042403
0.067352
0.011146
0.005812
-0.020527
0.006428
0.062949
0.064451
0.034631
0.064172
0.028250
0.010976
-0.058321
0.061617
-0.030391
0.002926
0.019566
0.045501
0.064446
-0.024001
0.097035
0.160925
0.017326
0.036563
0.023218
-0.066678
-0.152310
-0.073334
0.020009
0.025009
-0.086899
-0.011864
0.012597
-0.031846
0.032960
0.009270
0.039975
0.081448
-0.013431
-0.088182
-0.048275
-0.066207
-0.040624
0.024929
-0.004737
-0.039795
-0.002587
0.028140
-0.023641
-0.068467
-0.085250
-0.007940
0.012894
0.034835
0.002531
-0.023326
-0.123781
-0.022607
-0.069620
-0.034928
-0.000599
0.002579
0.047424
-0.063858
0.017456
-0.062340
-0.091208
-0.018631
0.012507
0.027541
0.051945
-0.072896
-0.109118
-0.125110
-0.080894
-0.020464
0.010995
0.028262
0.011733
0.046729
0.103652
0.157206
0.097948
0.043689
0.066980
0.115985
0.019699
0.204484
0.085195
0.125022
0.035112
0.112924
0.087934
0.074166
0.029734
0.011163
0.007779
0.068712
-0.011065
0.002815
0.070799
0.132265
0.038623
0.040388
0.140986
0.053559
0.124874
0.120592
0.017782
0.002458
-0.033815
0.040305
0.030559
0.040803
0.037734
0.037051
0.111815
0.100815
0.049544
0.018115
0.042047
0.006785
0.013712
-0.008650
0.120469
0.020676
-0.008838
-0.036628
-0.079180
-0.006843
-0.021826
-0.044879
-0.001083
0.006435
-0.045250
-0.025121
-0.053990
0.020867
0.054353
0.031010
0.029939
0.059964
0.138795
0.047371
0.058835
0.006391
0.088729
0.029435
0.020212
-0.019154
-0.050037
0.116153
-0.015883
-0.044313
0.036451
-0.139791
-0.029799
-0.042948
0.020001
0.045751
-0.048174
0.091575
-0.079308
0.092624
0.066697
-0.061387
-0.080664
-0.062285
-0.034891
-0.019751
-0.023809
-0.021675
0.038051
0.048835
-0.014243
0.029578
0.038684
-0.005779
-0.046755
-0.014577
-0.068983
-0.039098
-0.041103
0.005646
0.045886
0.051889
0.025949
0.008687
0.178087
0.176527
0.055790
0.058514
-0.063172
-0.092042
-0.016050
0.139646
0.156815
-0.076673
-0.031620
0.042088
0.082755
-0.018595
-0.101513
0.040139
0.048472
-0.041089
0.067795
0.112059
0.006339
-0.134204
-0.143974
-0.099607
0.028704
0.033374
-0.051983
-0.047834
0.003385
0.052841
0.128885
-0.101696
-0.061936
0.134045
0.035134
-0.050601
-0.052343
-0.022172
0.078111
0.010812
0.025953
-0.018379
0.036919
0.032502
0.082234
0.114329
0.073656
0.145206
0.031210
0.012900
-0.061183
-0.012862
-0.053366
-0.086770
-0.040323
0.025909
-0.047768
-0.074209
-0.015975
-0.018529
0.008290
-0.055861
-0.033791
-0.077587
0.026201
0.046189
-0.007558
-0.035118
0.033256
0.044980
0.018124
0.034489
-0.030813
-0.101870
0.011186
0.065924
0.060734
0.053095
-0.014252
0.076830
0.178829
-0.001274
0.082246
0.126338
0.087978
0.159404
0.041916
0.024876
0.043835
0.102307
0.049488
0.076848
0.140688
0.189496
-0.064306
-0.057289
0.059766
0.071136
0.009392
0.094922
-0.008923
0.082394
-0.007298
-0.032045
0.066268
-0.140630
-0.025231
0.051979
0.041440
-0.010036
0.044782
0.048323
-0.023332
0.095190
0.093596
0.076497
-0.011784
-0.023917
0.004812
0.032507
0.134667
-0.001065
-0.131636
-0.110473
-0.056504
-0.061763
-0.003120
0.042061
-0.001830
0.014130
0.000352
-0.002889
-0.131836
-0.014387
-0.082421
-0.102041
-0.007272
-0.049239
0.028763
0.053940
0.052948
-0.044052
-0.089305
-0.054474
0.036034
-0.018182
-0.072673
-0.062540
-0.105045
-0.138226
0.103447
-0.041951
-0.085871
0.006347
-0.025162
0.060584
-0.032167
-0.024245
0.004897
0.001480
0.048290
0.055150
0.052764
-0.002709
-0.045996
-0.000971
0.062954
-0.059059
0.041316
-0.031515
0.071446
0.134950
-0.082636
0.060512
-0.003899
0.035869
0.080480
0.014058
0.083015
-0.023852
-0.040365
0.045921
0.134402
-0.034962
-0.122858
-0.050984
0.036942
0.012671
0.074795
-0.013164
0.029978
0.065159
0.187656
0.129203
-0.053008
-0.064123
0.088982
0.012417
-0.032429
-0.119901
-0.041367
0.096564
0.052607
-0.054875
-0.000057
-0.008444
0.021068
-0.009828
0.082756
-0.017474
0.010605
0.013935
0.082488
-0.006854
-0.039474
-0.082100
0.026463
0.047343
0.062970
0.076721
-0.002474
0.065943
0.191249
0.037885
-0.077763
0.025692
-0.009445
0.006732
-0.029989
0.012202
0.074800
-0.102785
-0.027964
-0.033309
0.059637
-0.021020
-0.005856
-0.080733
-0.027442
-0.070859
-0.003582
-0.114530
0.060934
0.087342
-0.021934
-0.045872
0.048604
0.132232
0.102358
0.012958
0.071911
0.185716
-0.003271
-0.041873
0.020871
0.017552
-0.011470
0.041784
0.013330
0.002524
0.093470
0.044356
-0.025470
-0.026916
-0.027760
0.054879
0.151958
0.028805
0.094486
0.040606
0.088888
-0.035307
-0.035458
-0.040583
0.083347
0.016903
0.144179
0.128375
0.018766
-0.045323
-0.005338
0.065247
0.023998
-0.013638
0.023931
-0.006502
0.122984
-0.016479
-0.009894
0.021859
-0.009489
0.081447
0.021101
0.076439
0.012162
-0.007730
0.052316
0.058395
0.019241
-0.065789
-0.072355
-0.017802
-0.048858
-0.118237
-0.058050
0.048534
0.154598
0.132052
0.052897
-0.041084
0.104358
0.146922
-0.049142
0.097502
0.075458
-0.028267
0.078999
0.015772
-0.057899
0.004088
-0.101548
-0.027472
0.052687
0.022280
-0.081890
-0.022649
-0.005727
-0.014096
0.144906
-0.018558
-0.123748
0.038555
0.117595
-0.003266
-0.031207
0.122792
-0.064027
-0.054207
-0.023127
0.142587
0.030522
0.041838
0.074423
0.025568
-0.025588
-0.041366
0.067509
-0.137080
0.046451
-0.002027
-0.086015
-0.110801
0.069685
0.154187
-0.007199
0.052251
0.020512
-0.019896
-0.042612
0.102884
0.092731
0.033536
0.003859
-0.039084
0.027892
-0.040534
-0.028229
-0.096628
-0.064059
-0.005953
-0.036525
0.060020
0.020702
0.086786
0.013169
0.015911
0.120350
-0.009879
0.006171
-0.020066
-0.084393
0.005614
0.117530
0.046525
0.064484
0.072004
0.092036
0.050887
0.135768
0.008825
0.129855
-0.080039
-0.010962
0.093770
0.128045
0.049591
0.049471
0.031833
0.111507
0.084002
0.054319
0.026196
-0.006556
0.095301
0.062857
0.023591
0.045531
-0.026945
0.086907
-0.001260
-0.007755
0.052605
0.009209
-0.133627
-0.006114
0.023697
-0.028958
0.095507
0.039259
0.065410
0.052775
0.011032
0.050572
0.045891
0.100274
0.056747
-0.027064
-0.025034
-0.038714
0.013660
0.005935
-0.055277
0.050981
0.015384
0.075485
0.116666
-0.028899
0.067489
-0.128461
-0.073403
0.027097
-0.061057
0.049404
0.079091
0.137304
0.166423
0.070659
-0.034230
0.040412
0.010076
0.030287
-0.051415
0.075574
0.031167
0.066927
0.091376
0.051169
0.125693
0.102670
0.084266
0.140077
0.131985
0.127844
0.157678
0.096649
0.092436
0.082093
0.108999
0.017716
0.003736
-0.020298
0.004835
0.088810
-0.017466
0.023238
0.082718
0.077564
0.085447
-0.053413
0.020300
-0.001038
0.024432
0.037191
0.111732
0.066593
0.117484
0.093314
0.004753
0.096950
-0.027649
-0.068908
0.066006
0.062838
-0.015419
-0.048206
0.062794
-0.058274
-0.009209
0.044779
0.006421
-0.057726
0.057509
0.013542
-0.011461
-0.066688
-0.032801
0.048272
-0.000130
0.054150
0.026147
0.009981
0.021147
0.047620
-0.026190
0.028646
0.016792
0.080330
0.016047
0.092842
0.026968
0.029992
0.003648
0.128473
-0.115589
0.053499
0.048520
0.000559
0.051230
0.128196
0.018740
0.150311
0.108190
0.091210
0.013744
0.006123
0.042236
0.048304
0.072523
0.014683
-0.012827
0.049852
0.036121
-0.017594
-0.023296
-0.024456
0.003337
0.041762
-0.026526
0.061591
0.065391
0.062083
0.075856
0.008719
0.033443
-0.017987
0.059803
-0.099695
0.026658
0.119263
-0.069665
-0.011114
-0.030017
-0.048137
-0.052603
-0.037032
0.002106
0.085650
-0.022348
0.112874
0.160731
0.004891
0.058940
-0.007528
0.077916
0.052080
0.040996
0.019379
-0.036617
0.082997
0.041460
-0.023942
0.110861
0.085279
0.001959
-0.055702
0.001286
-0.092843
-0.095735
0.033528
0.064460
-0.025094
0.034490
0.030458
0.008040
0.158128
0.080184
-0.022520
0.008383
-0.060716
-0.046449
-0.042119
0.023105
-0.015555
0.074734
0.069339
0.021064
-0.036440
-0.132453
-0.016014
-0.128484
-0.077800
0.031155
0.031814
0.016436
-0.003018
-0.025253
-0.000680
-0.061900
0.088669
-0.014640
0.044809
0.049631
-0.024293
0.078160
0.029805
0.031227
-0.117568
-0.061178
0.026295
0.033265
0.089533
0.025428
0.067206
-0.057649
-0.050518
0.017317
-0.067692
-0.003272
-0.030314
0.105582
0.018929
-0.019387
0.034633
0.020881
-0.030286
0.058661
0.082777
0.074958
0.036423
0.049431
0.034521
0.049115
-0.001594
0.008909
-0.066173
-0.025346
-0.128872
-0.167869
0.036074
0.025981
0.042305
0.030747
-0.079940
-0.053553
0.052016
0.015914
-0.035008
-0.061868
-0.049791
0.027594
0.017289
0.035149
0.107480
0.107252
0.103126
0.092262
0.037434
-0.017300
0.019756
0.068990
0.039051
-0.069774
0.003050
0.052658
0.043511
0.016287
-0.029117
-0.015488
-0.035168
-0.025461
-0.076163
-0.070715
-0.046327
-0.108435
0.023844
0.114029
0.017887
0.009581
0.035689
-0.021397
-0.004608
-0.026596
-0.016733
0.122636
0.102755
-0.010000
-0.018367
0.030832
0.068708
0.041522
-0.079527
0.031240
0.023580
0.103889
0.045361
0.118338
-0.003457
-0.004899
0.100522
0.109194
0.065380
0.059239
0.114352
0.067042
-0.020812
0.054507
0.046874
0.020813
-0.032810
0.059981
-0.000685
-0.020031
0.082189
0.045403
0.078478
0.043402
-0.004811
-0.091920
-0.050357
-0.063765
0.038376
-0.044961
-0.041836
-0.047781
0.013598
-0.018338
0.013984
-0.172927
-0.060046
0.102945
0.009820
0.017344
-0.024289
-0.060436
0.028589
-0.029015
-0.124959
-0.063124
-0.057961
-0.003836
0.026833
-0.056800
-0.083449
-0.065297
-0.035320
0.003088
-0.073402
0.031703
0.185348
0.021197
0.004121
0.005147
0.092447
0.050343
-0.008185
0.006085
0.069851
0.024483
0.084405
-0.054734
0.050626
0.048758
0.012363
-0.031957
0.106195
0.030843
0.059622
0.168763
0.027285
0.158335
0.048358
0.078277
0.024729
-0.053525
0.112091
0.057842
0.105950
0.137009
0.058778
0.061699
0.040082
-0.009298
-0.021898
0.008937
0.121092
-0.060374
0.017004
0.044521
0.027151
0.039829
-0.037886
-0.012350
-0.019664
0.119657
-0.014384
0.070243
0.053569
0.055624
0.085804
0.045820
0.051493
0.029314
0.088712
0.036589
0.034949
0.146328
0.037740
-0.002919
0.043983
0.131320
-0.026248
0.023426
-0.005200
0.017523
0.006114
0.067954
-0.008616
-0.049420
-0.084083
0.017419
0.016636
-0.078116
0.010963
0.041253
0.078457
-0.007756
-0.074366
0.003293
-0.057391
-0.117619
-0.082378
-0.058385
-0.013441
-0.033429
-0.077226
-0.007334
0.013750
0.013249
0.078245
0.033620
0.008005
0.024010
0.066733
0.095048
-0.016792
0.097452
0.017995
0.036796
0.050863
0.044966
0.052600
0.058245
0.035323
0.036186
-0.129462
-0.019265
0.062815
-0.014589
0.016869
0.062524
0.069595
0.132066
0.004185
-0.059156
-0.029793
0.011686
0.050504
-0.021962
-0.139881
-0.075294
-0.043443
-0.072001
-0.027294
-0.036896
0.005021
0.062351
-0.045520
-0.030888
-0.240351
-0.123667
0.016422
-0.044808
-0.014408
0.035452
-0.028024
0.095841
-0.065101
0.067182
0.021526
0.013871
0.007068
0.017434
0.069231
0.012344
0.057385
-0.060129
0.063244
0.037884
0.049170
0.114441
0.028646
0.042118
0.055838
-0.019474
0.045031
0.089167
0.018770
0.039860
0.110694
-0.035127
0.028151
0.040925
0.026870
-0.020738
-0.006996
0.021151
0.035435
0.048792
-0.039454
0.047469
0.058026
-0.001648
-0.101018
0.114299
0.173583
0.129001
0.102717
-0.020732
0.004414
0.100355
-0.069806
0.036420
0.024266
0.000648
0.082500
0.015415
0.043768
0.048073
0.033917
0.090817
0.022723
0.024706
0.138261
-0.060142
-0.091452
-0.037301
-0.003556
-0.049972
0.021118
-0.056955
-0.108165
-0.030357
-0.040140
-0.053076
0.042463
-0.037870
-0.025804
-0.022506
-0.070346
-0.045788
-0.058224
0.040649
0.076517
0.066425
0.049878
0.085013
-0.025551
0.024307
-0.004625
0.093581
-0.035376
-0.009671
-0.022092
0.008957
-0.077102
0.019560
0.132317
0.134471
0.152917
0.099927
0.087945
0.002409
0.024645
0.046583
0.036497
-0.039455
-0.109781
0.125460
0.072762
0.119126
0.102794
0.055380
0.038851
-0.005954
-0.029508
-0.031882
-0.010406
-0.000479
0.006453
0.024917
0.056807
0.093763
0.036613
0.076202
-0.005183
0.077726
0.022511
0.018412
0.014565
0.022259
-0.003602
-0.017464
-0.041747
0.011154
-0.044002
0.039731
0.041898
0.003354
0.134292
0.110115
0.102162
-0.042339
0.103315
0.065482
0.131969
0.078018
0.171963
0.022327
0.089144
-0.022789
0.019643
0.173270
0.108852
0.079068
0.068708
-0.109522
-0.027113
0.083910
0.051256
0.039261
0.099594
0.015888
0.082649
0.135566
0.009117
0.005965
0.060756
0.000551
0.043692
0.083205
0.004697
0.078490
0.048561
0.013977
-0.054389
-0.086186
-0.022184
-0.077613
-0.072621
-0.026377
-0.081831
-0.054160
0.052640
0.017314
0.094558
0.072158
0.006704
0.100095
0.056714
0.044131
-0.042350
-0.026874
-0.002953
0.000679
0.005585
0.042178
0.025430
0.050917
0.086760
0.068251
0.116906
-0.038619
-0.001493
-0.012341
0.006032
0.061170
-0.100259
-0.037928
0.035747
-0.017098
0.028322
0.028407
-0.020518
0.056287
0.020263
0.017152
-0.004578
-0.100944
-0.056412
0.041639
0.049523
-0.035696
0.025948
-0.087678
0.002151
0.004014
-0.021655
-0.015497
-0.050968
-0.028508
-0.009129
0.024031
0.007418
0.076036
0.059399
-0.041348
0.068841
0.101100
0.132292
0.093962
0.065235
0.082130
0.092870
0.074050
0.084624
0.063458
0.121589
0.051950
0.113626
0.070648
0.010544
-0.040958
0.085607
0.016305
-0.063795
0.021017
0.046078
0.003098
-0.034122
0.009838
0.001565
-0.014504
-0.063155
0.058064
-0.058520
-0.087633
-0.050797
0.120603
0.059446
-0.039769
-0.055814
0.008060
0.029294
0.118919
0.126106
0.002119
0.052929
-0.063799
0.004902
0.073312
0.035647
0.042716
0.021986
0.057403
-0.047255
0.020722
0.072250
0.040086
0.078712
0.037212
-0.044103
-0.063593
0.039766
0.041551
0.038703
0.046610
0.068653
-0.065529
0.015281
-0.021407
0.041214
-0.026400
0.027722
0.034943
0.157172
0.037333
0.080220
-0.019830
0.008244
0.012402
0.012388
-0.012851
0.142906
0.069725
0.197321
0.128787
0.060924
0.079756
0.011824
-0.005634
-0.116256
-0.118968
-0.084268
0.001155
0.032491
0.113619
0.108721
0.149161
0.011787
-0.030425
0.083370
-0.018262
0.038242
0.088224
0.081948
0.071165
0.001765
-0.084208
-0.072520
0.114742
0.024440
0.047120
0.124236
0.057534
-0.105927
0.092449
0.023618
0.012665
0.016659
-0.034983
0.006841
0.155457
0.045066
0.033356
0.069549
0.074868
0.066029
0.067504
0.135661
0.114359
0.161087
0.004622
0.041065
-0.030689
0.091664
0.079121
0.007681
-0.057747
-0.068037
0.083694
0.055369
-0.036051
-0.006694
0.046004
0.027470
0.075967
0.096146
0.051529
0.015969
-0.004111
0.018737
0.040747
-0.000859
0.042117
0.101566
0.098050
0.042430
0.055066
-0.013979
-0.079194
-0.052565
0.175173
0.116564
-0.049503
0.112292
-0.008606
-0.017067
-0.051978
-0.001235
0.006734
0.096123
0.066236
0.000591
0.017515
0.027974
-0.033393
0.034705
-0.070412
-0.017116
-0.023542
-0.096320
-0.013735
-0.052124
-0.019226
-0.129623
0.005053
0.124884
0.075541
0.014252
0.003350
0.063282
0.005250
0.103346
0.101008
0.036594
-0.079489
-0.026722
-0.054424
0.039915
0.043330
0.129535
0.068118
0.057580
0.020989
0.011543
0.074916
-0.031702
0.003822
0.010717
0.036310
-0.030165
-0.018846
0.028281
0.025052
0.029379
0.120560
-0.008256
0.020116
-0.069056
0.032208
-0.003212
0.045638
0.030592
0.112298
-0.014602
-0.051784
-0.034706
-0.014049
0.041514
-0.015748
0.057505
0.076461
0.052560
0.102410
0.105877
0.061023
-0.061530
-0.060216
0.077897
0.126383
0.019487
0.120861
0.111119
-0.083819
0.003659
-0.043000
0.056834
-0.017533
0.068751
0.139042
0.080923
0.039489
-0.015239
0.109833
0.127665
0.036435
-0.087166
-0.011207
-0.042234
-0.056677
0.064088
-0.011548
0.033296
0.052578
-0.008690
-0.037832
-0.035082
0.036984
0.080014
0.050119
-0.000192
0.103684
-0.002874
0.102113
0.034214
0.019333
0.003605
-0.076615
0.016777
0.108549
-0.003929
-0.039471
0.072860
-0.012396
-0.009161
0.019908
0.039968
0.045120
-0.010798
0.039441
0.035793
0.008895
-0.006776
0.073857
0.065131
-0.035418
-0.004501
-0.047268
0.042532
-0.006527
0.080397
-0.026292
-0.036011
-0.017335
0.055811
0.125956
0.100023
0.142248
0.093616
0.117856
-0.008752
0.051146
0.080181
-0.036723
-0.088032
0.011306
0.044208
0.106172
-0.030531
-0.092455
0.044896
0.109529
-0.014036
0.015551
-0.071511
-0.057492
-0.127608
0.004750
0.089867
0.062801
0.157603
-0.007666
0.062968
0.065876
0.066170
-0.005413
-0.121055
-0.060854
0.025183
-0.011649
-0.120280
-0.037381
-0.073161
0.030654
0.097289
-0.017631
-0.008368
0.006041
-0.047483
-0.035760
-0.043680
-0.062384
-0.088624
-0.037318
-0.014391
0.045532
0.075412
0.087475
0.067344
0.167794
0.035556
0.069870
0.117714
0.148594
0.046256
-0.020683
-0.035009
-0.021678
-0.024131
0.055952
0.094596
0.085678
0.074177
-0.020940
-0.078192
-0.010929
0.044240
0.012960
0.042953
-0.010414
-0.002577
0.092430
0.063723
0.049964
0.000046
-0.027178
0.061843
0.011289
0.050208
0.063695
0.065686
0.029063
0.066193
0.083835
0.041750
-0.016617
0.153009
0.089939
-0.016686
-0.190488
-0.088370
-0.040477
-0.029988
-0.040770
0.018563
-0.033498
0.042712
-0.047036
-0.058747
0.030923
0.022371
0.087057
-0.009874
-0.092225
0.034427
-0.038725
0.057654
0.006543
0.026503
0.080643
-0.063267
-0.019974
0.014738
0.009876
0.055105
0.030734
0.016780
-0.041566
-0.107266
0.020586
-0.128116
-0.088128
0.000872
0.064668
-0.028384
-0.138230
-0.052477
0.057898
-0.004984
0.024146
-0.005088
0.090384
-0.054339
-0.020983
0.080292
0.053808
0.023367
0.053932
-0.000465
0.007633
0.129935
0.006225
-0.008814
-0.010700
-0.134537
-0.034801
0.037790
0.039386
0.031434
0.059016
0.077399
-0.062389
-0.106750
-0.059480
-0.007315
0.065222
0.090702
-0.017414
0.056682
0.146117
0.099801
0.120546
0.059001
0.060960
0.120419
0.042611
0.111835
-0.030008
-0.030267
0.060749
0.004465
0.119583
0.083552
-0.014241
-0.139000
-0.044044
0.098144
-0.027528
-0.057322
-0.053972
-0.030866
0.070624
0.015773
0.091167
0.049453
0.024654
0.078991
0.192276
0.109119
-0.030721
-0.055399
-0.080085
0.056501
-0.030379
0.061050
-0.050612
-0.063928
0.000113
-0.045121
0.031177
0.042475
-0.049778
0.008048
0.020131
0.014108
-0.053575
0.037951
-0.074433
-0.040264
0.092304
-0.023928
0.012340
0.014278
-0.038898
0.045132
-0.031458
-0.087010
-0.008992
-0.010719
-0.026763
-0.040105
0.031086
-0.026865
0.048524
0.071662
-0.076314
-0.024923
0.045747
0.034865
-0.117757
-0.064200
-0.040398
0.033387
0.065212
0.046433
-0.000182
0.022039
-0.063397
-0.088348
-0.018027
-0.124890
-0.012757
0.007252
0.049813
0.057891
-0.002961
0.049925
-0.051397
0.042443
-0.063867
-0.084231
-0.064482
-0.092931
0.002397
0.074319
-0.036254
-0.042068
0.166304
0.004356
0.000644
-0.017318
-0.044324
-0.068473
0.066795
0.039223
0.086237
0.081367
-0.006770
0.051837
-0.039084
-0.028804
0.038951
-0.031260
0.077135
-0.001800
-0.025131
0.009285
-0.023021
0.024438
0.063997
-0.043844
0.046238
0.043930
0.034545
0.131051
0.117169
0.076781
0.041137
-0.006655
0.005139
0.113776
0.000051
-0.048480
-0.081178
-0.053519
-0.048409
-0.040017
-0.032271
0.045524
-0.035114
-0.026132
0.013820
0.025696
0.028280
0.102387
0.049870
0.069720
-0.010647
0.080841
0.038468
0.184022
0.075861
0.104754
0.074694
-0.060365
0.067439
0.064174
0.002696
0.052235
0.000064
0.071944
0.091090
0.086394
0.110736
0.090253
0.114627
0.008193
-0.010795
0.011483
-0.048127
-0.009222
0.055321
0.075662
0.053015
-0.050716
0.010853
-0.061293
0.019561
-0.024926
-0.011441
-0.040158
0.032906
0.005417
0.116210
0.108367
0.034725
-0.068508
0.035883
-0.088138
0.032681
0.039826
-0.018478
-0.109472
0.017981
0.071833
-0.003909
0.119200
0.100173
0.075976
0.099640
0.062683
0.088176
-0.017502
-0.078452
-0.069485
-0.001083
0.047708
0.062534
-0.069643
-0.031091
-0.021508
-0.009352
-0.050755
-0.002119
0.038457
-0.089062
0.019929
0.046213
0.104857
0.029449
-0.059949
0.051365
-0.027526
-0.025133
0.036140
-0.081543
-0.019548
-0.022517
-0.040004
0.035469
-0.009246
-0.087859
0.047587
0.092791
-0.020741
-0.072807
0.064388
-0.003823
-0.023851
-0.079852
0.003732
0.141504
0.005731
-0.000074
0.055421
0.041601
-0.011276
-0.002006
-0.047852
-0.012318
0.063182
0.038622
0.011107
-0.024398
-0.001391
0.089747
-0.054444
-0.032175
-0.029107
-0.058125
-0.073052
-0.036097
-0.160631
-0.027203
-0.047027
0.062092
0.046835
0.067051
0.039305
-0.052980
0.007863
0.002589
0.044326
-0.076020
-0.100830
0.021106
0.048255
-0.034403
0.019285
0.018185
-0.021862
-0.049803
0.032892
0.001142
-0.066563
0.088939
0.030118
0.129184
0.060600
0.009250
0.027030
0.029507
-0.034651
-0.080066
0.009348
0.056836
-0.060323
-0.048161
-0.032332
0.064226
-0.040291
0.122690
0.018035
0.066537
0.001239
0.021169
0.014886
0.027283
-0.088497
-0.065163
0.058109
-0.008674
-0.045423
0.070173
0.011569
-0.018298
0.083109
-0.016603
0.043033
0.007754
0.023954
0.044634
-0.106719
-0.014666
0.092654
0.014161
-0.010572
-0.045677
0.083616
-0.017600
-0.075337
0.044283
-0.009742
-0.010968
0.089880
0.045287
0.081998
0.046058
0.051533
-0.059558
-0.088080
-0.080106
-0.028667
-0.018978
0.043259
0.036588
-0.054460
-0.055866
0.047158
0.085450
0.088328
0.036431
0.088074
0.036676
0.058438
0.085444
0.043955
-0.026328
0.070521
-0.016555
0.069179
0.073070
-0.035365
-0.036884
-0.023323
0.089401
0.014132
-0.005237
0.101403
0.074200
0.089547
-0.028667
0.120857
0.035614
0.153423
0.094332
-0.071048
0.051534
-0.012779
-0.039869
-0.104049
0.011969
0.100830
0.051225
0.064285
0.041709
0.080476
0.067335
-0.011649
-0.022447
0.045064
0.032716
-0.000669
0.039915
0.036286
-0.028238
-0.061985
0.081272
0.036324
-0.105214
0.072750
0.018465
0.055813
0.002980
-0.048534
-0.042787
-0.028253
-0.083170
-0.097386
-0.068620
-0.084008
0.006145
-0.058871
-0.061533
-0.027341
0.064979
-0.017403
0.062483
0.007323
0.033296
-0.000920
-0.037875
0.095612
-0.031147
-0.070194
0.001324
-0.040281
-0.116220
-0.133376
-0.016755
-0.009886
0.015228
0.049396
0.021833
0.066066
-0.026675
0.041364
-0.009139
-0.026244
0.041593
-0.039545
-0.018164
-0.075195
0.011615
0.091726
-0.021794
0.005083
0.051946
0.039070
0.048459
0.021580
0.017656
-0.015048
0.046244
0.135831
-0.007880
-0.012408
-0.055128
0.038206
0.015820
0.061646
0.114560
0.062904
0.069162
0.059095
0.012493
-0.035908
0.054485
0.096497
-0.091334
-0.053975
-0.041127
-0.057508
-0.003474
0.038655
-0.015356
0.029750
-0.007855
-0.012250
0.037716
0.061151
0.119639
0.097924
0.065602
0.105450
-0.064967
0.020953
0.034349
0.000975
0.053191
-0.001003
-0.111814
-0.029880
-0.103045
-0.106164
-0.024829
0.070044
0.072475
-0.034291
0.005987
0.031869
0.034139
0.020683
0.018482
-0.015121
0.057953
-0.047224
0.003286
-0.016116
-0.071263
0.036180
0.068635
-0.002413
-0.053647
0.045738
-0.059899
0.061326
-0.020923
-0.089041
-0.084881
-0.056565
0.016053
0.000315
0.014568
-0.001432
-0.037233
-0.100406
-0.000998
-0.029955
0.020051
0.069842
0.011809
0.029769
0.048827
0.038618
0.007325
-0.045859
-0.009472
-0.026161
-0.016788
-0.002572
-0.085501
-0.036197
-0.136067
0.089258
0.100263
0.063392
0.017118
0.115037
0.055990
0.106828
0.144687
0.025676
0.039156
0.024675
0.086733
-0.068240
-0.015522
-0.011173
0.029917
0.037824
0.041309
0.040101
0.005572
-0.107415
-0.021231
0.038565
-0.035384
0.054635
0.053804
0.031276
0.128475
0.050665
0.080177
0.026285
0.086266
-0.101014
-0.064839
-0.032951
0.066055
0.029525
-0.017821
-0.038721
0.010208
0.007235
-0.027604
0.038526
0.056151
0.038155
-0.039303
0.040019
0.002134
-0.044351
-0.114533
-0.036997
-0.023480
0.069981
0.079664
0.032825
-0.019142
0.063324
0.052846
0.024117
0.058837
0.035363
-0.001019
0.152699
0.131641
0.098838
-0.051251
-0.038067
0.058151
0.032227
-0.004491
-0.078681
0.139027
0.083117
0.054880
-0.021702
-0.006511
0.001693
0.013194
0.005422
0.061584
0.023270
0.010962
0.029694
0.075007
0.024386
-0.029230
0.039729
0.062709
0.098970
0.059747
-0.002068
0.052147
-0.000090
0.044974
0.021973
-0.003575
0.069256
-0.046357
0.020853
0.022603
-0.025026
-0.069363
-0.084366
-0.090015
-0.026556
0.037048
0.048674
0.058955
0.129621
0.034305
0.074638
0.009976
-0.062766
0.063920
0.120324
0.096305
-0.015716
-0.000038
-0.092275
0.042992
-0.000054
-0.082348
-0.080742
-0.086623
-0.033523
0.024088
0.042944
0.095124
0.102213
0.045062
0.087822
0.037999
0.049028
0.017264
-0.020645
-0.063901
-0.059168
-0.080236
-0.073827
-0.039212
0.058103
0.054271
0.124716
0.098471
0.084524
0.106918
0.100965
0.002106
0.043367
0.054443
0.050660
0.047482
0.005316
-0.068766
0.082463
-0.044462
0.054949
-0.023742
-0.010044
0.034686
0.070262
-0.051376
0.031549
-0.000572
0.022056
0.131865
0.086952
-0.002159
0.071530
0.032761
-0.066544
0.000457
0.106753
0.049681
0.074256
0.090813
0.015699
-0.033070
0.034968
0.003432
0.005914
-0.014848
-0.061633
-0.024651
-0.058421
-0.143290
-0.093310
0.040005
0.055838
0.012631
0.020457
-0.083716
0.005437
0.061608
0.070944
0.128107
0.039081
-0.003508
0.053799
0.087309
0.075536
-0.020472
0.068338
0.031767
0.020720
-0.018483
-0.028213
0.107314
0.056192
0.073373
0.147855
0.030828
-0.108747
0.019976
-0.006414
0.004195
-0.021119
-0.049839
0.065243
-0.033747
-0.016854
0.115686
0.099195
0.103414
0.107390
0.031332
-0.017224
0.045989
0.000348
0.128285
0.100354
0.116410
-0.040543
-0.060173
0.068539
0.059109
0.062828
-0.013691
0.103983
0.131422
-0.057720
-0.086526
-0.177969
-0.053724
-0.031904
-0.047325
-0.008671
0.089821
0.108359
0.046988
0.085438
0.011493
0.095014
0.064522
-0.014608
0.012574
-0.019899
0.012783
0.100246
0.000146
0.045444
-0.042431
-0.002368
0.033593
0.048166
0.035294
0.031329
0.045730
0.048643
0.031373
0.024019
0.116733
0.010213
-0.001490
0.046638
0.012324
0.020186
0.160436
-0.046572
-0.046362
0.039282
0.050288
0.055668
-0.017759
0.063242
-0.019951
0.004990
0.055005
-0.001435
0.013507
-0.116206
0.023516
-0.005456
0.076200
0.061602
0.126047
0.056378
0.076222
0.029802
0.044754
0.135554
0.175046
0.013120
-0.035114
-0.101798
0.013332
0.042399
0.025826
0.144598
0.013774
0.006836
0.047880
0.043457
0.084188
0.003861
0.019786
0.050834
-0.012433
0.006401
-0.004025
0.017853
0.075251
0.079448
-0.083470
0.063783
-0.012999
0.033044
-0.026318
0.023308
0.011579
-0.118645
0.030238
-0.027489
-0.083730
0.045412
-0.027509
0.111442
0.089217
0.032355
0.017482
0.094157
0.067156
-0.022969
-0.028765
0.011360
-0.006364
0.039941
0.121846
0.091133
0.030612
0.057787
0.008663
0.040398
0.098339
0.051147
-0.051125
0.038300
0.074856
0.044417
0.088729
0.059287
-0.009557
0.010196
0.001892
-0.035707
-0.007820
0.055552
-0.007050
-0.069024
0.015676
0.125236
-0.021623
-0.023544
-0.038451
-0.011854
-0.001774
-0.006628
-0.027277
0.052932
0.024020
-0.087105
0.022749
0.065021
-0.026170
-0.007870
-0.027578
-0.035740
-0.056766
0.008404
-0.012968
0.051340
0.011716
0.036816
0.050766
-0.021192
0.043371
0.040882
-0.009061
0.126801
0.120954
0.071785
0.117993
0.026535
0.044228
0.085066
0.003351
-0.098403
-0.053466
0.031448
0.013680
0.040096
0.038008
0.020942
-0.120141
-0.005280
0.017485
0.056105
0.082796
0.050329
0.026690
0.044841
0.022045
-0.101835
-0.049863
-0.073367
0.026634
0.051932
0.025506
0.018318
-0.019229
-0.079047
-0.025454
-0.039156
0.053492
-0.006935
-0.019990
0.115806
0.124355
0.137114
0.097703
0.069985
0.202214
0.102902
0.093880
-0.000269
0.006522
0.164312
0.119607
0.006402
-0.044037
-0.171065
-0.062450
-0.004615
0.010729
0.022292
0.043412
0.040796
-0.006580
-0.037085
-0.150438
-0.031710
0.104008
0.112979
0.033792
0.085722
0.085189
-0.063101
-0.010145
0.013512
0.009575
-0.006981
-0.113525
-0.053176
0.040368
-0.027657
0.150395
0.096503
-0.009151
0.003647
0.013939
0.093393
0.073371
-0.069679
-0.039643
0.040295
-0.027812
0.045547
0.005167
0.034402
0.082182
-0.003144
-0.116155
0.014525
0.032180
0.034807
0.018459
0.027885
0.038168
0.049195
-0.022068
0.065475
0.052512
0.046756
-0.020229
-0.014099
0.037095
0.059594
-0.001768
-0.001052
0.032994
0.038305
0.043678
0.043845
-0.036692
0.092349
0.041871
-0.038578
0.001360
-0.154940
-0.028071
0.003332
0.014682
0.042926
0.094505
0.023393
0.016523
0.010571
-0.072441
0.029614
0.065964
0.145500
0.078278
0.075768
0.120718
0.070357
-0.038260
0.039349
0.104219
0.129672
0.087416
-0.043678
-0.005510
0.090899
0.103837
0.129594
0.112758
0.008844
-0.006625
-0.040159
-0.011509
-0.051002
0.069459
0.046966
-0.093914
-0.093753
-0.020433
-0.003287
-0.003889
0.096398
0.012058
0.007388
0.133360
-0.009158
0.096256
0.056286
0.012876
-0.071753
0.044393
-0.027852
0.000362
0.160392
-0.051815
-0.029568
0.105356
0.104804
0.063916
-0.034843
0.008529
-0.053761
-0.049115
-0.025290
0.056521
0.102122
0.034629
-0.070149
0.049765
0.020811
0.042609
-0.055475
0.021512
0.045921
0.059088
0.057546
-0.097851
-0.036052
-0.164246
-0.036743
0.017957
-0.111965
0.081034
-0.042169
-0.026026
-0.067089
0.017644
0.077290
0.041690
0.014351
-0.050971
-0.045233
-0.019108
-0.013321
-0.085633
-0.055063
-0.062917
0.014904
-0.115441
-0.014696
-0.040236
-0.021598
0.022507
0.003228
0.008997
0.020938
-0.060480
-0.008403
0.056593
-0.011992
-0.079907
-0.017871
0.151879
0.114793
0.079815
-0.013571
0.066675
0.086489
0.055289
0.050961
0.038827
0.061561
0.070154
-0.100661
-0.041254
0.108749
-0.017758
-0.021839
0.022116
0.025354
0.046541
-0.019811
0.089653
0.077238
0.086370
0.148880
0.034704
0.105861
0.088870
0.029297
-0.013640
-0.028391
0.004733
0.061231
0.107955
0.023907
-0.074697
-0.121802
-0.036522
-0.056717
-0.042612
-0.027296
-0.045611
0.023711
-0.138010
-0.067964
-0.037317
0.024754
0.002481
0.025310
0.006844
-0.135935
-0.073107
-0.034568
0.063264
-0.065282
0.016708
-0.012870
0.147425
0.015660
0.021581
0.035403
-0.084390
0.035498
0.038829
-0.079762
0.015888
0.045169
-0.176253
-0.119570
-0.033961
0.041122
0.079452
0.099240
0.049286
0.067490
0.109150
0.151296
-0.025559
0.061358
-0.001437
-0.076363
0.063501
0.045406
-0.045564
-0.100765
-0.060105
-0.010790
0.047787
0.002598
0.035765
0.016416
0.012750
-0.010683
0.015493
0.074064
0.027646
-0.068671
-0.037803
0.067073
-0.008857
0.041145
0.051043
-0.037184
-0.055747
-0.060703
0.022410
-0.086750
-0.028595
0.024725
0.002115
0.075628
0.074233
-0.000109
0.061795
0.024489
-0.044301
-0.066514
-0.007888
0.101721
0.052536
0.007684
0.015114
0.002880
0.042866
0.079963
-0.125902
-0.067485
-0.042675
-0.008634
0.024397
0.105563
-0.012113
0.002311
0.047146
-0.002260
-0.047948
0.094165
0.119149
0.109486
0.065943
-0.003537
0.044002
0.078014
0.057516
0.053508
0.079572
0.062413
0.165646
0.163530
-0.014966
0.101078
-0.022009
-0.010094
0.030682
0.007686
0.068205
0.025127
-0.024199
-0.009058
0.033636
0.084072
0.070969
0.000821
-0.010545
-0.028452
0.014958
0.034456
0.038816
0.042137
0.047632
0.018814
0.110349
0.119719
0.052376
0.061936
-0.030348
0.026030
0.161594
0.134301
0.077995
0.096773
0.063902
0.033224
0.101131
0.014605
-0.027088
0.004337
-0.022397
0.028685
0.058875
-0.012077
0.004500
0.065903
0.075243
0.055465
0.143207
0.140844
-0.016914
-0.008703
-0.015738
0.107903
0.178813
0.089141
-0.088253
0.067674
0.075315
0.077474
0.061833
0.009976
0.060332
0.010402
-0.020776
0.051880
0.083390
-0.000987
-0.013667
0.037951
0.022523
-0.015275
0.074151
0.053437
0.087472
0.035798
-0.024300
-0.011820
-0.046148
0.065786
-0.042788
0.012471
0.030449
0.198044
-0.029701
-0.060892
0.001655
-0.021509
-0.033398
-0.015492
0.061853
-0.012527
0.030079
-0.025086
-0.020310
-0.012878
0.010343
0.094612
0.148288
0.139357
0.082296
-0.093790
0.049439
0.057369
0.090158
0.094095
-0.035973
0.024371
0.054745
0.079391
0.059564
0.048136
0.048806
0.145252
0.018584
0.074319
0.038826
0.011815
0.050160
0.030324
-0.012654
0.008790
0.024436
-0.042161
0.025723
0.103555
0.064990
0.000833
0.024920
0.049798
0.028183
0.116588
0.001078
0.088643
-0.002284
-0.046964
-0.048755
0.107732
0.043260
0.015261
0.053588
-0.031026
-0.019641
-0.125379
-0.073228
-0.033614
0.033344
0.042702
-0.021549
0.033471
-0.033607
-0.070016
-0.038294
0.004773
0.030377
-0.077901
-0.122124
-0.015907
-0.055666
-0.028169
0.025971
-0.077068
-0.057157
-0.116721
-0.022851
0.001956
0.038091
0.069020
0.009167
0.042245
0.047088
-0.030919
0.079651
-0.000495
0.071506
-0.082338
-0.033531
0.042174
0.045435
0.049991
0.097007
0.073372
0.062893
0.065557
0.040273
0.012126
0.020214
-0.070846
-0.071083
0.031843
0.014853
-0.001484
0.081935
-0.061798
0.020321
-0.001971
0.093363
0.032723
-0.007694
-0.114960
-0.143934
-0.022006
0.018704
-0.062940
-0.033738
0.017834
-0.064482
-0.032554
-0.043829
-0.018645
-0.002331
-0.115076
0.040315
-0.079463
-0.074976
-0.002380
-0.002659
-0.061672
0.001319
0.041048
0.008962
0.017254
0.006150
0.064042
0.000517
-0.124633
0.001287
-0.048999
-0.022726
-0.083683
-0.079252
-0.054299
-0.178338
-0.031415
-0.028063
-0.019513
0.021336
-0.029170
0.016144
0.016524
0.053508
0.052571
0.044740
0.053961
-0.011722
0.018473
0.021373
-0.067003
-0.000957
-0.087919
-0.005066
0.034804
0.024598
0.109750
0.088944
-0.028378
0.028493
0.044911
0.059177
-0.003697
-0.004837
-0.176598
-0.030194
-0.008354
0.077142
-0.066592
-0.105636
-0.079701
0.047278
-0.006989
-0.050007
0.210757
0.013602
-0.049798
0.068079
0.043185
-0.062610
-0.179970
-0.033819
0.003183
-0.021479
0.128740
0.086667
-0.025800
0.010186
-0.026289
-0.027465
-0.009835
-0.029087
0.053846
