# Chunk-averaged data for fix allDensity and group ave
# Timestep Number-of-chunks Total-count
# Chunk Coord1 Ncount density/number
8000000 33 27000
  1 1.23412 838.658 0.792446
  2 2.23412 840.47 0.794158
  3 3.23412 827.114 0.781538
  4 4.23412 822.702 0.777369
  5 5.23412 827.136 0.781559
  6 6.23412 830.422 0.784664
  7 7.23412 826.964 0.781397
  8 8.23412 834.652 0.788661
  9 9.23412 839.03 0.792798
  10 10.2341 838.814 0.792594
  11 11.2341 831.864 0.786027
  12 12.2341 834.998 0.788988
  13 13.2341 836.194 0.790118
  14 14.2341 823.79 0.778398
  15 15.2341 820.37 0.775166
  16 16.2341 819.146 0.774009
  17 17.2341 814.204 0.76934
  18 18.2341 812.796 0.768009
  19 19.2341 812.37 0.767607
  20 20.2341 822.316 0.777005
  21 21.2341 834.066 0.788107
  22 22.2341 831.534 0.785715
  23 23.2341 826.096 0.780576
  24 24.2341 834.03 0.788073
  25 25.2341 841.962 0.795568
  26 26.2341 832.736 0.786851
  27 27.2341 831.786 0.785953
  28 28.2341 834.906 0.788901
  29 29.2341 832.68 0.786798
  30 30.2341 832.992 0.787092
  31 31.2341 831.344 0.785535
  32 32.2341 834.738 0.788742
  33 33.2341 447.12 0.422483
9000000 33 54000
  1 1.23412 834.552 0.788567
  2 2.23412 834.426 0.788447
  3 3.23412 825.697 0.780199
  4 4.23412 823.836 0.778441
  5 5.23412 831.554 0.785734
  6 6.23412 839.827 0.793551
  7 7.23412 837.127 0.791
  8 8.23412 841.533 0.795163
  9 9.23412 841.929 0.795537
  10 10.2341 840.61 0.794291
  11 11.2341 836.655 0.790554
  12 12.2341 833.14 0.787232
  13 13.2341 830.622 0.784853
  14 14.2341 829.843 0.784117
  15 15.2341 828.085 0.782456
  16 16.2341 820.376 0.775172
  17 17.2341 822.265 0.776957
  18 18.2341 823.954 0.778552
  19 19.2341 819.754 0.774584
  20 20.2341 825.45 0.779966
  21 21.2341 830.466 0.784706
  22 22.2341 828.94 0.783264
  23 23.2341 823.035 0.777684
  24 24.2341 825.818 0.780314
  25 25.2341 829.166 0.783477
  26 26.2341 824.219 0.778803
  27 27.2341 821.751 0.776471
  28 28.2341 825.738 0.780238
  29 29.2341 829.443 0.783739
  30 30.2341 830.611 0.784843
  31 31.2341 833.485 0.787558
  32 32.2341 831.614 0.78579
  33 33.2341 444.479 0.419987
10000000 33 81000
  1 1.23412 828.652 0.782992
  2 2.23412 828.106 0.782476
  3 3.23412 823.849 0.778454
  4 4.23412 825.927 0.780416
  5 5.23412 834.808 0.788808
  6 6.23412 839.491 0.793234
  7 7.23412 834.771 0.788773
  8 8.23412 837.555 0.791404
  9 9.23412 837.043 0.79092
  10 10.2341 835.439 0.789404
  11 11.2341 835.568 0.789527
  12 12.2341 835.827 0.789772
  13 13.2341 837.982 0.791808
  14 14.2341 838.337 0.792143
  15 15.2341 837.601 0.791448
  16 16.2341 830.746 0.78497
  17 17.2341 830.369 0.784614
  18 18.2341 829.939 0.784208
  19 19.2341 824.818 0.779369
  20 20.2341 825.095 0.779631
  21 21.2341 828.621 0.782963
  22 22.2341 825.739 0.780239
  23 23.2341 821.777 0.776495
  24 24.2341 828.642 0.782982
  25 25.2341 827.86 0.782243
  26 26.2341 821.425 0.776163
  27 27.2341 819.664 0.774499
  28 28.2341 824.005 0.7786
  29 29.2341 827.774 0.782162
  30 30.2341 827.741 0.782131
  31 31.2341 825.675 0.780179
  32 32.2341 826.775 0.781218
  33 33.2341 442.378 0.418002
11000000 33 108000
  1 1.23412 835.508 0.789469
  2 2.23412 831.136 0.785339
  3 3.23412 830.87 0.785088
  4 4.23412 831.591 0.785769
  5 5.23412 835.24 0.789217
  6 6.23412 838.231 0.792043
  7 7.23412 833.958 0.788006
  8 8.23412 834.049 0.788092
  9 9.23412 834.005 0.78805
  10 10.2341 832.642 0.786762
  11 11.2341 834.175 0.788211
  12 12.2341 832.388 0.786521
  13 13.2341 832.199 0.786344
  14 14.2341 832.404 0.786537
  15 15.2341 833.408 0.787485
  16 16.2341 827.611 0.782008
  17 17.2341 824.218 0.778802
  18 18.2341 822.319 0.777008
  19 19.2341 819.289 0.774144
  20 20.2341 819.913 0.774734
  21 21.2341 823.778 0.778386
  22 22.2341 825.088 0.779624
  23 23.2341 825.197 0.779727
  24 24.2341 833.128 0.787221
  25 25.2341 830.742 0.784966
  26 26.2341 826.507 0.780965
  27 27.2341 828.345 0.782702
  28 28.2341 829.213 0.783521
  29 29.2341 827.909 0.78229
  30 30.2341 828.286 0.782646
  31 31.2341 829.504 0.783797
  32 32.2341 831.993 0.786148
  33 33.2341 445.154 0.420625
12000000 33 135000
  1 1.23412 830.346 0.784593
  2 2.23412 826.605 0.781057
  3 3.23412 826.587 0.781041
  4 4.23412 827.602 0.782
  5 5.23412 829.671 0.783954
  6 6.23412 833.657 0.787721
  7 7.23412 833.274 0.787359
  8 8.23412 833.481 0.787554
  9 9.23412 832.806 0.786917
  10 10.2341 835.304 0.789277
  11 11.2341 836.034 0.789967
  12 12.2341 831.937 0.786095
  13 13.2341 833.462 0.787537
  14 14.2341 833.948 0.787996
  15 15.2341 833.055 0.787152
  16 16.2341 828.008 0.782383
  17 17.2341 825.49 0.780003
  18 18.2341 825.419 0.779937
  19 19.2341 821.077 0.775834
  20 20.2341 825.157 0.779689
  21 21.2341 828.588 0.782932
  22 22.2341 828.828 0.783158
  23 23.2341 828.252 0.782613
  24 24.2341 833.157 0.787249
  25 25.2341 831.229 0.785427
  26 26.2341 827.508 0.781911
  27 27.2341 829.733 0.784013
  28 28.2341 829.002 0.783322
  29 29.2341 828.298 0.782657
  30 30.2341 830.836 0.785056
  31 31.2341 829.735 0.784015
  32 32.2341 829.511 0.783803
  33 33.2341 442.4 0.418023
