2.477799
1.089667
0.620074
0.357487
0.306903
0.404207
0.324219
0.198822
0.126563
0.119107
0.084925
0.149859
0.205610
0.178894
0.166544
0.186071
0.234424
0.178884
0.114288
0.222433
0.186751
0.193212
0.093312
0.000678
0.064377
0.072496
0.133091
0.149277
0.081802
0.019480
0.057180
0.100145
0.071846
0.034882
0.031016
0.040250
0.103906
0.091449
0.012279
0.094508
0.164522
0.020219
0.141839
0.056967
0.059456
0.052203
0.057994
0.152045
0.088712
0.161697
-0.037819
0.100237
0.021904
0.126514
0.116615
-0.005520
0.114305
0.060584
0.014280
0.054573
0.045404
0.135303
-0.034245
0.030620
0.041198
0.077399
0.066850
0.091815
0.079756
0.081406
0.052640
-0.095416
-0.046208
0.030725
0.038852
0.056864
-0.089368
-0.035840
0.075559
0.078268
0.088659
0.037356
-0.006539
0.060919
0.100444
0.178582
0.069282
0.081349
0.088542
0.134920
0.095074
0.131606
0.005107
-0.068766
-0.008945
-0.091492
-0.021421
0.019236
0.016010
0.022938
-0.016963
0.031955
0.057753
0.013100
-0.009786
0.028044
0.102694
0.012845
0.080747
0.066863
0.071793
0.069757
0.097269
0.172115
0.070054
0.145021
0.090721
0.090725
0.124778
0.097707
0.089306
0.085678
0.021940
0.024838
0.030253
-0.014855
0.097170
0.091779
0.073261
0.066862
0.179847
0.058709
0.102594
0.101268
0.065672
0.014612
0.023009
-0.072003
-0.089740
0.011457
0.024441
0.105659
0.005696
-0.027073
-0.064138
0.027110
0.056155
0.023843
0.062399
-0.015698
-0.033675
-0.088289
-0.015939
0.159819
0.033400
0.021237
-0.045377
0.022851
0.078225
0.062010
0.082605
0.082539
0.055634
0.201763
0.181662
-0.017971
0.040823
-0.068487
-0.110646
-0.015486
0.078349
0.048099
0.040544
0.126003
0.111505
-0.000587
0.006217
0.001548
0.020397
-0.014125
0.020666
0.004182
0.096921
-0.028303
0.020706
0.061657
0.053829
0.045420
0.000963
-0.018054
0.062877
0.017805
0.057608
-0.023962
0.031196
0.081728
0.081338
-0.017144
0.013116
0.043515
0.088938
0.131265
-0.030694
0.068392
0.084297
0.100638
0.089972
0.011454
0.121124
0.045499
0.023821
0.010259
-0.009073
0.000310
0.043900
0.156867
0.055110
0.020594
0.157254
-0.019747
0.108716
0.035346
0.018175
0.012113
0.101426
0.108768
0.126847
0.080136
0.030712
0.066843
0.041960
0.061521
0.017214
0.010365
0.084937
0.003155
0.006241
-0.038540
-0.049996
0.070489
0.164669
0.113604
0.059680
0.095751
0.055961
0.070805
0.040356
-0.004974
-0.023956
0.089068
0.058318
0.026450
0.077247
0.010744
0.108027
0.131853
0.063111
0.087113
0.099030
-0.026307
-0.012325
0.006969
-0.078609
0.013220
-0.002038
0.029778
0.083101
0.036042
-0.021780
0.058410
0.134047
0.107125
0.039599
0.011293
0.020564
0.000216
0.047096
0.008495
0.047042
-0.070570
-0.086744
-0.171234
-0.002244
0.031488
-0.025534
-0.049513
0.028844
-0.001693
0.025371
-0.020756
0.100779
0.037438
0.059566
0.056524
-0.012248
0.036106
-0.004437
-0.089436
-0.041603
0.091263
0.114726
0.141611
0.019965
0.078975
0.003809
-0.056650
0.051463
0.091078
0.048758
-0.023330
0.003378
0.067968
0.004855
-0.018590
0.081825
0.135940
0.136744
-0.002704
0.023190
-0.017635
-0.033401
-0.005335
0.004179
0.090531
0.015638
-0.013086
0.033266
0.025793
0.016875
0.061324
0.036640
0.080375
0.090765
-0.057509
0.050576
0.151716
0.013397
0.054325
-0.007048
0.060668
0.055909
-0.078458
0.007658
0.001294
0.008441
0.035128
0.031909
0.078412
0.069062
0.074113
0.062014
0.036901
0.172030
0.026200
-0.059300
-0.033816
0.068953
0.046103
-0.011250
0.049290
0.073390
0.057715
0.009234
0.140497
0.089792
-0.056747
-0.047798
0.050175
0.109644
0.086562
0.029805
-0.095469
0.023577
0.019462
-0.030739
0.093877
0.045160
0.056462
0.105810
0.141734
0.029339
0.031564
-0.064416
-0.103789
-0.063302
-0.062293
-0.029929
0.110738
0.054952
0.077564
0.069455
-0.105766
-0.090031
0.032934
0.079087
0.064363
0.086557
-0.041989
0.007244
-0.008663
0.032019
-0.048360
-0.009632
-0.030303
-0.148423
-0.041299
0.020220
-0.038254
0.061244
0.147225
0.100230
0.093296
0.083085
-0.011129
0.031420
-0.049784
0.005480
-0.028168
0.006419
0.001790
0.132848
0.029871
0.078668
0.119593
0.082670
-0.001261
-0.002154
0.002793
0.040087
0.106422
0.009888
-0.033439
-0.046473
-0.001216
0.035671
-0.027047
-0.061809
0.073843
0.072355
0.065354
0.179336
-0.001925
-0.028000
0.050592
0.068252
-0.007937
0.040329
-0.047618
0.033741
0.047138
0.097658
0.088241
0.019908
0.029065
0.024254
0.036307
0.040278
0.135372
0.066052
0.021725
0.113620
-0.008869
-0.067788
-0.068732
-0.074989
0.030874
0.018963
0.032628
0.002876
-0.075020
0.006426
-0.006415
0.009459
0.031359
0.001927
-0.027586
0.030064
0.039757
0.068179
0.070378
0.068902
0.085111
0.088918
0.048036
0.066358
0.090070
0.116933
-0.007627
0.097501
0.024227
0.003251
0.135835
0.044417
-0.039225
-0.009194
0.002650
0.027234
0.020091
-0.026376
0.016866
0.045680
-0.023494
0.026311
0.033979
0.088046
0.021700
0.070610
0.020549
-0.058922
-0.096826
-0.051605
-0.027716
0.147682
-0.024603
0.069211
-0.020282
0.056273
0.004206
0.039697
0.098876
-0.057998
0.026999
0.034774
0.041295
0.076094
-0.022160
-0.006270
0.056393
0.004160
0.023972
-0.024570
-0.012174
0.069930
0.040571
0.057362
0.044865
-0.012163
-0.056309
-0.020380
0.080643
0.076210
0.045739
0.051216
0.015978
-0.052129
-0.006306
-0.035900
-0.130587
-0.005589
-0.001216
-0.041112
0.107631
0.006988
0.071484
0.030968
0.033553
0.024864
0.026118
0.002084
0.045873
0.077771
0.090612
0.159060
0.129550
0.065409
0.132764
0.062356
0.026235
0.061925
0.055356
0.118633
0.155406
0.009343
0.122856
0.035684
0.001436
0.082365
0.148782
0.050197
0.004008
0.032274
-0.034234
0.004457
-0.028784
0.083111
0.062801
0.006321
0.025023
-0.014175
-0.010168
0.025090
0.052480
0.117956
0.026131
0.078051
-0.064191
-0.024980
0.121227
0.089602
0.089858
0.155677
0.147003
0.133928
0.121875
0.079642
0.000989
0.013070
0.063641
-0.020662
0.028552
0.102788
0.076870
0.012099
-0.015846
0.022321
-0.040154
-0.031486
0.064512
0.046066
0.128532
0.031471
0.028576
0.031506
0.061312
0.093015
0.042310
0.132090
0.124307
0.033454
0.076157
0.017797
0.090213
0.059822
-0.000510
0.063814
0.058489
-0.020863
0.068317
0.013879
0.002094
-0.010540
0.098218
0.140537
0.035273
0.092645
0.172471
0.028102
0.052938
-0.004569
-0.012476
0.013394
0.150622
0.137679
0.118639
0.050551
0.107318
0.033839
-0.002113
-0.027610
-0.086341
-0.062475
-0.012772
-0.068475
-0.013314
0.061618
-0.151952
-0.104802
0.117428
0.114943
0.093803
0.058365
0.016164
-0.031873
0.004694
0.036501
-0.036577
-0.028937
-0.005668
-0.000593
0.008874
0.043209
0.010749
0.023285
-0.050035
-0.038256
0.075641
0.059699
-0.030543
-0.018646
0.039439
0.038980
-0.004767
-0.058549
-0.021236
0.114563
0.006916
0.008535
-0.016771
-0.039680
0.054732
0.001226
0.014432
-0.013443
-0.079536
-0.117641
-0.050271
0.004197
0.037724
-0.000765
-0.063493
-0.054521
-0.090500
-0.104269
-0.128646
-0.083210
-0.045187
-0.021933
0.075895
-0.015497
-0.023751
0.037108
-0.007289
-0.055837
-0.009165
-0.104897
-0.026247
0.013729
-0.076313
-0.005600
0.059671
0.010241
0.015317
0.003956
0.050244
0.148095
0.040515
0.044827
0.051614
0.057826
-0.006154
0.013154
0.050043
-0.012616
0.088481
0.083455
0.007317
0.131174
0.060858
0.008306
-0.006387
0.020780
0.108942
0.063020
0.022947
0.022325
-0.008991
-0.043680
-0.002229
0.060588
0.054558
-0.011769
0.006224
0.010079
-0.100976
-0.100966
-0.046289
-0.069905
0.042749
0.005850
0.022917
0.017928
0.004559
0.092271
-0.093896
-0.038886
-0.039788
0.002122
-0.041430
0.007645
0.005727
0.028311
-0.014916
0.066477
-0.042022
0.021678
0.000327
-0.005470
-0.020733
0.041727
0.033733
0.015636
0.001142
-0.075517
-0.019959
-0.027814
-0.020540
0.045992
0.037780
0.037015
0.054942
0.054805
-0.040306
0.011471
0.010348
-0.007562
-0.030363
0.035590
0.064760
0.034179
-0.106639
-0.012013
-0.018543
-0.097349
0.063308
-0.043370
-0.085742
-0.065638
-0.065172
0.055490
-0.009671
0.052971
0.066079
0.056283
-0.003227
-0.084762
0.037710
0.021964
-0.028330
0.040617
-0.031660
-0.128948
-0.037822
0.049317
0.165817
0.030262
-0.023736
0.014189
0.070761
0.056438
0.030751
0.093521
0.040968
-0.011365
0.047309
0.096798
0.023116
-0.072012
0.005548
0.036990
-0.038490
-0.044200
0.004352
0.065220
0.097074
0.039361
0.072685
0.074066
0.042590
-0.049093
0.031968
0.009593
-0.009569
0.039655
0.025866
-0.019611
0.054627
0.122405
0.121635
0.052745
0.059205
0.062362
0.065835
0.058293
0.048535
0.010742
-0.020273
0.024527
0.043785
0.029257
-0.010781
0.120844
0.042600
0.010045
0.119204
0.120425
0.043926
0.091958
-0.026634
0.028697
0.103471
0.039815
0.049450
0.007415
-0.035022
-0.027441
0.093744
-0.019936
0.079909
-0.027936
-0.017335
0.040424
-0.006104
0.054471
-0.010754
-0.004225
0.050196
0.066438
0.073457
-0.041835
0.011756
0.079637
0.019350
0.054058
0.020608
0.049131
-0.011585
-0.026184
0.014562
0.019880
-0.015443
-0.054852
0.023271
0.021448
-0.116434
-0.003964
-0.009752
-0.005150
0.091658
-0.037887
-0.026464
-0.060850
-0.088588
-0.031742
0.043752
-0.062952
0.002101
0.032472
0.049061
0.081829
0.006708
-0.009375
-0.086566
-0.103519
-0.004906
0.082807
0.137245
0.023182
0.065875
0.011186
0.039968
0.065732
-0.032562
-0.087967
0.044308
0.028861
-0.010411
-0.056695
-0.054279
-0.047778
-0.011110
0.027824
0.003398
-0.054659
0.067167
-0.051091
-0.048914
0.091417
0.128114
0.015731
0.023369
0.100850
-0.059910
0.031185
0.104673
0.040023
0.052942
0.057189
-0.015815
-0.035471
0.008720
0.074035
0.042537
0.081617
-0.073697
-0.015308
0.038135
-0.035273
-0.012877
0.037759
0.019394
-0.048112
-0.059138
-0.071023
0.010515
0.085483
0.029449
-0.031614
0.031022
-0.001122
0.056087
0.125578
0.009275
0.045862
0.005991
-0.096898
0.112141
0.168630
0.104959
0.118733
0.082924
-0.010924
0.033285
-0.004735
0.051616
0.016575
-0.057685
0.011581
-0.050656
-0.061618
0.021386
-0.054192
-0.007917
0.009513
0.001779
0.063112
-0.041564
-0.040740
-0.005776
-0.074304
-0.051294
0.007717
0.014645
-0.008766
0.081311
0.024138
0.059947
0.029872
0.071385
0.028573
0.045384
-0.008137
-0.044261
0.093585
0.013712
0.021347
0.011970
0.080413
0.067723
-0.065147
-0.037390
-0.074514
-0.066422
0.006368
0.031025
-0.037524
0.112174
0.054539
0.110365
0.081906
-0.050566
0.004680
0.030132
0.062497
-0.015405
0.081815
0.060355
-0.006020
-0.055759
-0.041087
-0.018650
0.094035
0.196439
0.092737
0.047863
0.054810
0.078373
0.064609
0.021762
-0.036434
-0.013230
-0.065779
-0.010941
0.128949
0.005463
0.119320
0.058719
0.034885
-0.019466
-0.021420
-0.024291
0.017615
0.052198
0.072608
0.020833
0.036969
-0.040699
-0.004042
-0.027277
0.002505
0.035126
0.030129
-0.078862
-0.074396
-0.075649
-0.156531
0.015147
0.003986
0.017544
0.041830
0.007351
-0.000298
0.045644
0.093195
0.035608
0.069609
0.047380
-0.043462
0.059825
0.000738
0.004765
0.001992
-0.011798
-0.081150
0.042345
0.088806
0.036098
0.042769
-0.067371
-0.002653
-0.031094
-0.022995
-0.033721
0.107730
0.094753
0.071373
0.033089
0.049344
0.084655
0.018525
0.034960
0.047670
0.059326
0.018120
0.046402
0.035535
0.069415
0.034226
-0.051475
0.003471
0.019667
0.042923
0.045327
0.156544
0.086203
0.033468
0.075892
0.069720
-0.008102
0.037594
-0.018489
-0.040886
0.007133
0.082474
-0.035468
-0.024093
0.085588
0.020954
0.082185
0.038192
0.085074
0.079945
0.121220
0.142067
0.086240
0.056266
0.052409
0.058416
0.043771
-0.027840
-0.074931
0.013558
-0.003079
-0.000674
0.112383
0.046039
-0.010668
0.022238
0.042095
0.050377
0.024353
0.075432
0.031301
-0.056297
0.058312
0.037023
0.072798
0.108521
0.087873
0.049655
0.062026
0.065543
-0.015515
0.101509
0.052338
0.058655
0.067879
0.001516
-0.005559
0.084899
0.054008
0.002698
0.012488
0.015447
0.103759
0.131552
0.124149
0.093915
-0.016107
-0.081454
-0.019658
0.024420
0.045696
-0.058240
0.016696
0.066233
0.105679
0.021595
0.013497
0.036395
-0.069191
-0.061545
0.104427
0.097615
0.066510
0.101039
0.012563
0.055541
-0.044644
-0.100768
-0.058468
0.039560
0.019598
-0.016912
0.091841
0.037822
0.008924
0.015587
0.055500
-0.031329
0.046293
0.058336
0.021369
0.029134
0.048585
0.107519
0.155403
0.171889
0.020424
0.096828
0.045160
0.049781
0.053504
-0.036178
0.000450
-0.029455
-0.076701
0.079355
0.016089
-0.003343
0.027758
-0.044148
0.013939
-0.011492
0.110315
0.112481
0.021937
0.043494
-0.072546
-0.016073
-0.085702
-0.034675
-0.087325
-0.019275
0.005559
-0.001500
0.050633
-0.028598
-0.041377
0.020356
-0.014194
0.084258
0.113489
0.084168
0.047210
-0.011478
-0.048408
0.061244
-0.048024
0.003503
-0.030198
0.017141
0.023149
-0.081554
-0.032123
-0.017710
0.011473
0.050579
-0.030500
-0.031283
0.033505
-0.079221
0.051771
-0.011905
0.028915
0.008892
-0.071755
-0.084865
-0.030695
0.045231
0.072003
-0.006112
0.006418
0.026179
0.078369
0.036157
0.032851
0.024156
0.004054
0.092554
0.042086
0.062270
0.074953
0.090676
0.029268
-0.051739
-0.023308
0.024735
0.023626
0.036482
0.082010
0.054523
0.031308
0.144418
0.112123
0.177097
0.081290
-0.014367
0.055997
-0.004360
0.010864
0.060668
-0.014989
-0.059780
0.030233
0.064277
-0.048585
-0.004441
-0.043914
0.060968
0.042269
0.064039
-0.080056
-0.028108
-0.058679
-0.011215
-0.027690
-0.050317
-0.087976
-0.076682
0.029021
-0.010316
-0.045232
-0.031598
0.010061
0.034788
0.073662
0.030530
0.041913
0.089951
0.037732
0.004715
-0.047155
-0.000050
0.010310
0.024712
0.057225
0.053542
0.010296
-0.071831
-0.048270
0.057130
-0.014139
0.093443
0.127650
0.043848
0.071885
-0.042205
-0.049825
0.036521
0.070905
0.057920
0.038296
-0.037064
-0.020200
-0.019950
0.121377
0.073648
0.105147
-0.020159
0.022911
0.020995
0.074494
-0.001412
0.043753
0.039114
-0.040841
-0.000225
-0.030987
0.019940
0.015961
0.077160
0.097723
-0.044609
-0.016125
0.053462
-0.017822
-0.046074
-0.090847
-0.030825
0.045218
0.099346
0.043994
0.018598
0.068347
0.066534
0.056977
-0.044918
0.003807
0.011839
-0.074368
0.008798
-0.053802
0.005287
0.021503
-0.007488
0.030071
0.012753
-0.052902
-0.020390
-0.051411
-0.055227
-0.011613
0.058814
-0.031540
-0.048420
-0.011588
-0.007034
0.124633
0.084037
0.024304
0.044592
0.001773
-0.004003
-0.003333
-0.078245
0.051930
0.047110
-0.043370
0.033394
-0.016234
-0.100060
-0.150473
0.037170
-0.035415
-0.015964
-0.106524
-0.057112
0.041739
0.100857
0.058356
0.015359
-0.035668
0.047459
0.027249
0.019056
0.073269
0.064592
0.009406
0.090119
0.085570
0.051094
0.017273
0.012103
0.096468
0.019412
-0.002112
-0.044607
-0.079783
-0.063741
-0.070109
-0.047884
-0.015427
0.047427
0.035343
0.045775
0.073528
0.031687
0.063549
0.030158
-0.035594
0.057020
0.118178
0.114364
0.028020
0.018402
0.024857
-0.116730
-0.040176
0.033801
0.057970
-0.019054
0.077399
0.082510
0.070144
0.034147
0.016614
0.034907
0.036385
-0.033152
0.028951
0.075218
0.032912
0.044303
0.019410
0.073308
0.078242
-0.024149
0.000738
-0.003888
-0.056179
0.038364
0.036086
0.027791
0.079524
0.118421
0.025315
0.073576
-0.025429
-0.046084
0.025319
0.023008
-0.016320
-0.032189
-0.035922
-0.021873
-0.040134
0.081743
0.123806
-0.071597
0.108878
0.047608
-0.096498
-0.013111
0.073473
0.044637
-0.077611
0.016054
0.026969
-0.039476
-0.097661
-0.031427
0.036525
-0.062133
0.046807
0.077467
0.029820
0.080946
0.134217
0.076064
0.103485
0.037955
-0.010492
0.057439
-0.084303
-0.049312
0.048088
0.005034
0.083888
0.011201
0.002702
0.097559
0.003307
0.001146
0.003912
0.069249
-0.010634
0.083937
0.093295
0.042488
0.046235
-0.039407
0.052877
-0.042088
0.122923
0.015243
-0.003642
0.067962
-0.080846
-0.118395
-0.052696
0.040224
0.090330
-0.023050
-0.014256
0.023260
0.029333
0.095832
0.112056
0.101572
0.110171
-0.062429
0.011209
0.175202
0.022366
0.075592
0.011164
-0.021910
0.065150
0.094003
0.067950
-0.014628
0.114148
0.018578
0.008526
0.059440
0.093389
0.154095
0.120563
0.012052
0.089725
0.010592
-0.055228
0.016189
-0.030125
0.039553
0.034594
0.016951
-0.055805
-0.038900
0.101502
0.094147
-0.024459
0.094106
0.047734
0.038518
0.102424
0.073426
-0.011300
-0.073178
0.068219
0.090001
0.009796
0.041093
-0.046774
-0.073928
-0.037941
0.057089
0.048528
0.104365
0.004105
-0.093319
0.030294
-0.064140
-0.020697
0.035652
0.009884
-0.025370
-0.019268
0.011534
0.120440
0.111112
-0.053806
-0.003730
0.037840
0.072658
0.006899
-0.094059
-0.042176
-0.066263
-0.041025
0.073586
0.053847
0.090574
0.076660
0.014726
-0.010555
-0.118318
0.031258
0.024424
-0.008634
0.034539
0.076780
0.042883
-0.067755
-0.029329
-0.023925
0.068821
0.056425
-0.059397
-0.050345
0.009417
-0.079059
-0.083908
0.021340
0.022404
-0.031632
0.024292
0.010314
0.016145
0.055234
0.048542
0.119384
0.084085
-0.063013
0.061071
-0.079846
0.020682
-0.060128
-0.070359
0.043903
-0.029114
-0.021281
0.054897
0.037996
-0.006141
-0.009898
-0.117605
-0.088450
0.001901
0.048674
0.096400
0.109479
0.069904
0.025140
-0.020478
0.063756
0.100489
0.055671
0.032772
-0.055196
0.064892
0.015166
0.030321
0.002310
-0.034228
0.104104
0.055204
-0.005512
-0.024438
0.022338
-0.022084
-0.116786
0.004328
0.017275
0.031694
-0.009773
-0.027308
-0.099912
-0.054620
0.035243
0.134274
0.076135
0.059394
0.057081
0.103863
0.124153
0.083272
0.103591
0.042803
0.010186
-0.033471
0.007240
-0.029678
-0.001911
-0.023912
-0.039878
0.061111
0.098664
0.081966
-0.005412
0.037298
0.059466
0.103033
0.011966
0.069077
0.060887
0.010750
0.035624
0.019705
0.013701
0.028472
-0.032385
0.024262
0.122900
-0.052357
-0.077399
-0.051174
0.040511
0.059957
0.007758
-0.028764
-0.060834
-0.002146
-0.056410
0.024718
0.067808
-0.069504
-0.003019
-0.029802
0.010515
-0.049781
0.026151
0.063014
0.024398
0.027364
-0.039687
0.008597
0.076225
0.049110
-0.050572
-0.047312
0.108582
0.076049
0.028899
0.040444
0.115683
0.080561
-0.047469
0.148291
0.109936
0.061332
0.037880
0.031942
0.028447
0.026548
0.046764
0.089484
0.020698
0.007929
0.090457
0.011573
0.026281
0.056858
0.043167
0.116244
0.047202
0.017800
0.116257
0.102299
0.069514
0.024280
0.026529
0.014770
-0.026247
-0.030164
0.019578
-0.032288
0.101566
-0.047116
-0.033693
0.014293
-0.109378
-0.033852
-0.072309
-0.084635
0.014794
-0.017635
0.028213
-0.022197
-0.079040
0.023662
-0.030541
-0.013974
0.075715
-0.000966
-0.026077
0.042947
-0.048523
0.002536
-0.075859
-0.023040
-0.038017
0.032900
-0.004126
-0.034806
-0.007219
-0.125937
-0.038212
-0.049186
-0.070027
0.033426
0.059873
0.097705
0.001835
-0.039298
-0.042389
0.047564
0.073465
0.000382
0.042064
-0.059795
-0.090001
-0.025172
-0.094647
-0.063622
-0.095652
-0.080406
0.045844
-0.048250
-0.082449
-0.012301
-0.011082
0.026277
0.045929
-0.158863
-0.059650
-0.093894
-0.012700
0.032092
0.073860
0.010440
-0.054430
-0.099720
-0.147226
-0.138396
-0.002211
-0.004301
-0.004995
-0.036131
0.022923
-0.034835
-0.010224
-0.011731
0.014881
0.021287
0.047818
0.136505
0.072711
0.028401
0.035023
-0.013948
0.007317
0.025278
-0.006553
-0.031485
-0.000608
0.087358
0.105947
0.118114
0.037492
0.068629
0.055003
0.024981
0.129650
0.142375
0.131628
0.033153
0.070101
0.011462
0.002381
-0.048015
-0.014147
-0.035592
0.048565
0.031642
-0.010054
0.035842
0.038889
-0.023953
0.047898
0.082925
0.030451
0.023348
0.032074
-0.031306
-0.053812
0.040675
0.086135
-0.018306
-0.047349
-0.032486
0.057364
-0.054208
0.012010
-0.031118
-0.022567
0.032670
0.005319
-0.073325
0.024721
0.003239
0.019066
-0.002012
-0.021108
0.048409
-0.036464
-0.000703
0.091554
-0.037017
0.003353
0.064130
0.020249
-0.022659
-0.055602
0.021319
-0.075232
-0.020379
0.017751
-0.024086
0.016938
0.021846
0.068736
0.030142
-0.080472
-0.052372
-0.027949
0.035444
0.064024
-0.006524
0.033998
0.049841
-0.038054
0.017486
0.086373
-0.046773
-0.000284
0.102101
0.003808
-0.009257
0.087611
0.043354
0.041907
0.058330
0.045447
0.009740
0.021232
-0.050118
-0.118340
-0.077300
-0.039143
-0.061225
-0.056411
-0.012537
0.026632
-0.031577
0.049610
0.015153
0.061453
0.011298
-0.033100
0.091962
-0.043160
0.013876
-0.000035
-0.001493
-0.039895
-0.005402
0.028844
0.023627
0.064547
0.027756
0.010361
-0.023119
0.057352
0.026957
0.150362
0.058658
-0.023806
-0.034197
-0.080306
-0.005075
-0.122899
-0.114443
-0.025169
0.003576
0.000410
0.020407
0.029645
-0.052224
-0.029373
0.027922
-0.011428
-0.094719
-0.072397
-0.044932
-0.116259
0.004558
-0.112052
-0.104794
-0.070420
-0.054168
0.033044
0.010253
0.037657
0.039607
0.077794
0.094955
0.062313
0.036154
0.034153
-0.044963
-0.045991
0.046886
0.070396
0.106789
0.000800
0.024805
0.004992
0.006521
0.033943
0.012328
-0.040732
-0.011987
0.033384
0.020816
-0.006390
0.019134
-0.008575
0.037400
-0.060353
-0.008373
-0.079515
-0.029795
0.028155
0.024680
0.031415
0.047403
0.067630
0.037978
-0.006821
-0.031939
0.053899
0.064519
0.138225
0.149339
0.075075
0.031207
-0.032756
-0.113148
0.062660
0.069436
0.004592
-0.016339
-0.005121
0.013936
-0.053696
-0.095656
0.017137
0.029486
-0.007365
0.021500
0.042033
0.022444
0.010024
-0.003682
0.024920
-0.052270
-0.033471
0.110839
-0.001941
0.034899
0.041556
-0.019199
0.011503
-0.086497
0.000982
0.032089
0.086806
0.100275
0.037618
0.006010
-0.022107
0.025555
0.013506
0.038998
0.003837
0.011848
-0.044745
-0.100833
0.022923
0.048500
-0.064122
-0.049321
-0.033548
-0.051466
-0.013523
0.040218
0.021263
0.050700
-0.068349
0.019876
-0.131785
-0.034512
-0.005661
-0.020074
0.034642
0.018662
-0.077306
-0.101394
-0.028482
-0.018929
0.075469
0.091671
0.016192
-0.004361
0.038368
-0.057360
-0.004176
-0.089548
-0.009645
0.021660
-0.001615
0.095575
0.104415
0.014898
0.094075
-0.003836
-0.114631
-0.073881
-0.097088
-0.004051
-0.068646
-0.034605
-0.023526
0.005474
0.025298
0.042161
0.066775
0.053022
0.134472
0.034161
0.014836
-0.030611
0.004202
0.018291
-0.018322
-0.002091
0.063531
0.025968
0.106338
0.104214
0.063593
0.048539
0.035238
-0.038181
0.009469
0.033680
-0.052802
-0.041996
0.058909
0.083702
0.034148
-0.048343
-0.028348
-0.040520
0.005828
-0.068715
-0.025513
-0.052700
-0.102995
-0.010245
-0.072981
-0.091371
0.040032
0.111762
0.072902
0.087652
0.026195
0.073498
0.072845
-0.054739
-0.017754
-0.003125
0.005457
-0.073436
-0.049608
-0.019070
-0.003676
-0.016434
-0.091105
-0.105114
-0.075776
-0.020040
0.026167
0.009711
-0.050067
-0.008218
-0.089580
0.007228
0.022076
-0.082144
0.075622
0.077110
0.046368
-0.056557
-0.014949
0.081534
0.111411
0.108303
0.113138
-0.006903
0.027226
0.017800
0.051090
0.019740
0.006991
-0.014724
-0.071789
0.032737
0.100736
0.074731
0.046438
0.011641
0.032479
0.080313
0.056437
0.013327
-0.046281
-0.073385
-0.101841
-0.111954
0.007772
0.021240
0.017438
-0.083921
-0.109202
-0.084190
-0.042765
-0.133770
0.030396
-0.034978
0.012015
0.057058
-0.011268
-0.007474
0.011978
0.071906
0.032676
-0.013469
-0.021192
-0.017853
0.056627
0.002791
-0.039404
0.042675
-0.016528
-0.052992
-0.003006
-0.008514
0.102325
0.125691
-0.020508
0.142881
0.037281
0.035232
0.107337
0.028486
0.135972
0.143613
0.034429
0.108452
0.034321
-0.057962
0.032524
0.094337
0.018852
0.015527
-0.003309
-0.017736
-0.037000
-0.008029
0.029220
0.058672
0.137909
0.093631
0.079198
0.009606
0.014374
0.041785
-0.056609
-0.100331
0.038993
0.024178
0.083370
0.022102
0.043478
0.116245
0.132873
0.046479
0.029033
0.014798
-0.041285
-0.024500
0.006724
0.076436
-0.005019
0.029668
0.071193
-0.030689
-0.104439
-0.008376
-0.016958
-0.130693
-0.116115
-0.057458
0.014029
0.041279
0.014898
-0.004753
0.078423
0.041756
0.028409
-0.050989
0.097903
0.070151
-0.045466
0.074387
0.049877
0.019781
0.089173
-0.090830
-0.097545
-0.027015
0.064795
0.043993
0.154278
0.000313
0.015784
-0.087788
-0.037411
0.071422
0.023178
0.011033
0.073713
0.006850
-0.037298
0.026470
0.029386
0.031391
0.065783
0.015787
-0.009640
-0.004851
-0.029385
-0.014096
-0.012235
-0.033418
0.031159
0.069493
-0.058980
0.049305
-0.003587
-0.060016
0.013382
-0.032098
0.011740
-0.004086
-0.042720
0.012908
-0.017972
-0.030207
0.015271
0.035537
0.083307
0.030855
0.074755
0.092261
0.079220
0.026192
0.039500
-0.117048
-0.074663
-0.021117
-0.031410
0.010953
0.016473
-0.000017
-0.032894
0.060162
-0.010780
0.073871
0.074172
0.035616
-0.023716
-0.015982
0.015687
0.039299
-0.027926
-0.023011
0.119967
0.071185
0.113221
0.008415
0.006288
-0.014368
-0.033205
-0.075043
-0.055114
0.057954
-0.068501
-0.101215
-0.048683
-0.087053
-0.000302
0.071999
-0.036065
0.029460
0.045732
0.044568
0.004174
-0.003646
-0.002751
-0.016837
-0.002881
-0.039715
-0.029981
-0.012937
-0.061438
-0.047799
0.035108
0.130024
0.109674
0.101560
0.017140
0.156043
0.054792
0.089390
0.118675
0.124093
0.075738
0.001358
0.013174
0.067865
0.118487
-0.059741
-0.038012
0.062644
0.034401
0.041424
-0.043205
-0.030195
0.101195
-0.123862
-0.102730
-0.061492
0.012960
0.080015
-0.046700
-0.056276
-0.024588
-0.003942
-0.087434
0.038700
0.001943
0.115508
0.181344
0.017412
-0.012094
0.140445
0.017886
0.014223
-0.075663
-0.012497
0.012259
-0.021035
0.022853
0.050803
0.010376
-0.029903
-0.026163
-0.050659
0.000153
-0.018162
-0.019412
-0.033016
0.055452
-0.009805
0.027451
-0.027331
-0.044713
0.027386
-0.040792
0.068293
-0.001199
0.032494
0.029588
0.077890
0.039318
0.048829
0.050786
0.008767
0.071190
0.067258
0.005096
0.056311
0.041152
0.077425
0.070375
-0.051535
-0.012472
0.018919
0.015487
0.015301
0.020655
-0.009544
-0.009684
0.007926
0.084810
-0.008095
0.046450
-0.065778
-0.080079
-0.077070
0.056186
0.107097
-0.005640
0.044289
-0.008692
0.083687
0.064926
0.093088
0.009233
-0.042573
0.020280
-0.046754
-0.050478
0.007488
-0.025016
-0.018599
0.015231
0.003706
-0.043165
-0.022373
-0.059539
-0.056201
-0.013700
0.009736
0.016831
0.066948
-0.025955
0.074538
0.075425
0.045801
0.006674
0.089048
0.084546
0.098337
0.058747
0.121138
-0.028597
-0.060485
0.107671
0.015319
-0.032729
-0.043329
-0.002910
0.018282
-0.005492
0.067405
0.044105
0.003030
-0.034832
-0.052501
-0.120481
-0.065693
0.005856
-0.008914
0.043437
0.019257
0.038651
-0.034126
-0.009023
-0.016142
0.080087
-0.091767
0.096974
0.077316
0.027696
0.103132
-0.011708
0.051793
-0.029983
0.018503
0.082246
0.043739
0.070925
0.023022
0.119059
0.078201
-0.049100
0.039800
0.031960
-0.049356
0.004139
-0.011249
0.029060
0.077262
-0.019339
0.002523
0.061488
0.103577
-0.067566
0.000592
-0.022764
-0.120989
0.027141
-0.002441
0.016644
0.015679
-0.000060
0.002769
0.041813
-0.045135
-0.028762
0.011520
0.057840
0.046239
-0.088694
0.037506
-0.053344
-0.055678
0.030668
0.063946
0.082977
0.044654
-0.050882
-0.071667
-0.007688
0.025849
0.022486
0.034180
0.028334
-0.040620
-0.106309
-0.100811
-0.059837
-0.036323
-0.070860
0.038335
-0.010105
0.021656
-0.008909
-0.013857
-0.008911
-0.075724
-0.043227
-0.063395
-0.094494
-0.068654
0.063102
0.007625
-0.033321
0.024273
-0.014084
0.014848
-0.055109
-0.053392
-0.058112
-0.026524
0.026875
0.036719
0.060083
0.005672
0.058059
0.074516
-0.012475
0.016987
-0.007094
-0.045653
-0.065840
-0.003307
0.037529
-0.001480
0.057461
0.011280
0.043811
-0.058918
0.068843
0.094944
0.062629
0.073394
0.029379
0.017000
0.023728
-0.024198
0.022049
0.020939
-0.016312
0.046973
-0.043753
-0.020807
0.004546
0.083119
0.104798
0.136680
0.007768
0.020020
0.131071
0.063980
0.140516
0.040951
-0.008308
-0.061120
0.011086
-0.038559
0.068567
0.062344
0.049391
0.009957
-0.019174
-0.007531
-0.024937
0.044928
0.038954
-0.032403
-0.034401
-0.031681
-0.019674
0.066298
0.025043
0.070400
0.029332
0.139494
0.165272
0.097993
-0.040465
0.058301
0.012571
0.024562
-0.009915
-0.015664
-0.135205
-0.078871
-0.032811
0.002980
0.034071
-0.056430
-0.029319
-0.058663
0.015135
0.037839
-0.018028
0.000028
0.038969
0.056178
-0.061781
0.018927
-0.026905
0.053867
0.062760
0.046794
0.013262
-0.081819
0.060876
0.086877
0.034315
0.095718
-0.071901
-0.029524
0.049465
0.018806
-0.035497
0.011298
-0.037589
0.079459
0.034027
-0.012970
0.093336
-0.089491
0.026730
0.014210
-0.012699
0.016815
-0.093797
-0.071766
-0.023281
0.028757
0.077047
-0.036737
-0.013255
-0.016314
-0.018888
0.003856
0.053049
-0.014123
-0.006314
0.041049
0.014024
0.117644
0.061163
0.028004
0.088534
0.102767
0.084654
0.023128
-0.028398
-0.022470
0.119821
0.022288
0.025705
0.003364
-0.100661
0.009835
0.133534
0.023158
-0.012603
0.015015
0.030615
0.070132
0.027887
0.083176
0.162131
0.087814
0.048677
0.083616
0.049904
-0.003763
-0.032609
0.069535
0.034954
0.033474
-0.021136
-0.071514
-0.087399
-0.096987
-0.067000
0.037503
0.012120
0.029598
0.044229
0.020634
0.078157
0.051241
0.099469
-0.022828
-0.073063
0.051739
0.018935
0.002271
0.039269
-0.080312
-0.059487
-0.067404
-0.006761
0.054395
0.049401
0.095999
0.099984
-0.082537
0.034463
0.068922
0.021308
0.039868
0.064201
0.051200
0.073517
0.070496
0.001592
0.000155
0.035296
0.028637
-0.038640
-0.056294
0.048424
-0.007241
-0.008502
0.038823
-0.026951
0.094806
-0.009804
0.078556
0.001599
0.086319
0.081991
0.048863
0.153877
-0.021031
0.116038
0.018092
-0.001668
0.055710
0.113332
0.076164
-0.066072
0.103361
-0.007813
-0.024089
0.046860
0.001319
-0.021923
0.006979
0.075293
-0.060123
0.001747
0.022038
-0.003855
0.077505
0.064967
0.100252
0.047228
0.021849
-0.034668
0.025970
0.004430
0.030881
0.015021
-0.070812
-0.005340
0.056397
-0.000504
-0.022968
0.071683
0.002218
-0.176641
-0.033580
0.049855
-0.019558
-0.020537
0.044007
0.072245
0.064448
-0.006657
0.056723
-0.023252
0.087017
0.041414
0.032887
0.096024
-0.082383
0.049631
0.074254
-0.088002
0.015912
-0.012733
-0.024141
-0.061829
0.015660
0.092652
-0.042144
-0.036611
0.056151
-0.054272
-0.070291
-0.018837
-0.031571
-0.022939
0.031335
0.025191
0.068795
0.034054
-0.039069
0.016483
0.037459
0.005149
-0.018376
0.063496
0.125584
-0.062122
-0.023469
0.130842
0.146868
0.083665
0.079251
0.068406
-0.030106
0.008130
0.137419
0.070853
0.068690
0.047222
0.017510
0.001481
0.034647
0.004584
-0.084812
0.070826
0.016630
-0.017347
-0.011955
0.060256
-0.042434
-0.047942
-0.050901
0.007158
0.007199
0.035828
0.066707
0.015373
-0.016561
0.049493
-0.034818
0.136414
0.088327
0.025537
0.063714
0.023734
-0.035521
-0.044199
0.086042
-0.015182
0.072108
0.067392
0.009677
0.062912
0.043480
0.051868
-0.047768
-0.032411
0.083121
-0.002555
0.057053
0.037276
0.094512
0.065662
-0.048152
0.027842
-0.000494
-0.060023
-0.011669
0.027698
-0.049285
0.008554
-0.029751
-0.029893
0.027991
0.040490
0.004045
0.066794
0.033312
-0.082249
0.022791
-0.021741
-0.029413
-0.009799
-0.033648
0.064159
-0.017258
0.098259
0.000137
-0.026541
-0.010982
-0.045015
0.016818
0.081869
0.052962
-0.020180
-0.113056
-0.051982
-0.007036
0.044784
-0.023127
-0.001735
-0.007402
0.090692
0.005787
-0.034214
0.003538
0.006166
0.087662
0.070343
0.037575
0.101712
0.036418
0.001026
0.062558
0.063565
0.006929
-0.000950
0.003187
-0.067089
-0.013005
0.073950
0.021852
0.030737
0.005599
0.019315
0.016598
0.022313
0.074445
0.051914
0.104290
0.021213
0.071110
0.024532
0.101105
0.093799
0.005025
0.085605
0.065805
-0.014807
0.014121
0.093353
0.032681
-0.096511
-0.034954
-0.014284
-0.058418
-0.027831
0.044275
0.042683
-0.072417
-0.013990
-0.002064
-0.040369
0.039811
0.002987
-0.066369
0.024768
-0.048518
-0.013821
0.090279
-0.002288
-0.056833
-0.104139
-0.095995
-0.047382
0.025046
0.038671
-0.025244
-0.068652
-0.098128
-0.005515
-0.019217
0.063701
0.030671
0.063345
0.008820
0.028506
0.018617
-0.012186
-0.099543
-0.049135
-0.031783
-0.061648
0.002615
0.018011
0.034879
0.006232
0.041348
-0.049891
0.021934
-0.004459
-0.007471
0.059233
0.008635
-0.036636
0.049778
0.039128
-0.025824
-0.017123
0.045997
-0.008643
-0.085360
-0.019457
0.078193
0.016112
0.119298
0.006525
-0.072479
0.024020
0.111554
0.019470
0.009854
-0.000977
-0.003372
0.147445
0.153636
0.034619
0.058944
0.036703
-0.004559
-0.020381
-0.023099
0.026046
-0.015822
-0.017407
-0.066364
-0.001155
-0.016528
-0.125341
-0.047280
0.039954
-0.088194
-0.048980
0.122601
0.040109
0.030036
0.040124
0.059267
0.116678
0.117741
0.035896
0.062524
0.011852
0.064392
0.052560
-0.042423
-0.017364
-0.033528
-0.025852
-0.007625
-0.000574
-0.001609
-0.031114
-0.066051
0.003482
0.058982
0.015406
0.092366
0.013793
0.126748
0.008090
0.112586
0.162573
-0.006495
0.043585
-0.091853
-0.013809
0.045323
-0.042194
-0.004927
-0.099752
-0.007753
-0.067613
-0.006541
-0.022833
-0.007756
0.035446
-0.027950
-0.054821
0.059796
-0.005655
0.122769
0.059333
-0.044906
0.008939
-0.006293
0.038533
0.050551
0.014053
0.104818
0.032006
0.040274
0.006842
0.020246
-0.064249
-0.123222
0.044063
0.006935
-0.055011
0.098388
0.107081
0.029898
-0.052162
0.021334
0.010347
-0.036333
0.000213
-0.046623
-0.033511
0.039523
-0.015459
0.027514
0.034755
-0.017521
0.004178
-0.066236
0.047407
-0.025287
-0.051989
0.043523
-0.010421
0.043861
0.080567
0.075320
-0.008534
-0.010638
-0.054067
-0.025935
-0.084772
-0.005410
0.107301
0.013291
0.046888
0.098640
0.039782
-0.007944
-0.044432
0.025092
0.011743
0.063803
-0.043951
-0.038034
-0.066793
-0.073893
-0.018908
0.017418
-0.028077
-0.064756
0.057574
0.033698
0.042954
0.045486
0.033895
-0.052965
-0.063546
-0.035407
0.006211
0.000207
0.012038
-0.042548
-0.102220
-0.027528
0.031255
0.017323
-0.050462
0.011484
0.006503
0.018514
0.024959
-0.072346
0.063292
0.046199
0.005290
0.090100
0.023428
-0.020919
0.038319
-0.043725
-0.068380
0.093029
0.118218
0.110825
0.148371
0.046244
0.081848
0.048432
0.029353
-0.017461
-0.001938
0.042007
0.033339
0.049025
0.056984
0.063174
-0.012891
-0.003845
0.053366
-0.017155
0.016454
0.116680
0.010744
0.022583
0.074308
0.064167
0.026000
0.029928
-0.114990
-0.099630
0.002371
0.034838
0.114860
-0.025127
-0.096287
-0.035714
0.120198
0.031750
0.004727
0.065597
-0.014932
-0.033387
-0.005937
0.051217
0.089834
0.043142
-0.033794
0.010416
0.056534
-0.029985
0.019103
-0.037876
-0.095388
-0.069053
-0.014081
0.022969
-0.033566
0.032047
0.037312
0.020639
-0.060247
-0.059855
-0.093497
0.054993
0.042796
-0.032374
0.000730
0.026646
0.012027
0.009412
-0.032462
-0.023729
0.069055
0.071954
0.041375
0.021824
-0.009924
-0.044695
-0.018740
-0.043732
-0.018938
-0.001027
-0.058214
-0.004765
-0.057238
-0.088607
-0.055526
-0.010333
0.010677
-0.043627
-0.029972
-0.087166
0.015637
-0.066762
0.015565
0.135477
0.133999
0.010852
-0.043700
-0.087721
0.098808
-0.001297
-0.056205
0.042631
0.050860
-0.019925
0.069243
-0.073450
-0.014889
-0.005367
0.055527
0.114218
-0.049949
0.025379
0.039458
0.053468
0.061010
0.035512
0.001597
0.082696
0.018164
0.030191
-0.000968
0.056109
0.030387
0.057338
-0.011219
0.026843
0.027790
0.076428
-0.003741
0.004191
-0.002895
0.004266
-0.030734
-0.081143
-0.029395
0.033957
0.003458
-0.081110
-0.077105
-0.091874
-0.019533
0.010024
-0.135288
-0.128910
-0.059089
0.027391
0.005058
-0.006242
0.056629
0.033479
0.063593
0.027163
0.012586
0.023789
0.003747
0.026875
0.080641
-0.031531
0.037000
-0.048351
-0.038744
0.015734
-0.048497
0.069194
0.047585
0.066709
-0.048457
-0.011073
-0.086311
-0.072556
0.041590
0.044584
0.030792
0.032473
-0.000563
0.060740
0.017133
0.048390
0.031725
-0.099160
-0.079136
-0.040331
0.001855
-0.023534
0.032422
-0.117180
-0.028170
-0.080795
-0.059156
-0.025658
-0.086185
-0.015380
-0.077142
0.025428
0.082487
0.118731
0.039970
0.093724
0.084958
0.071686
0.011791
-0.011120
-0.024848
0.059407
0.055541
0.046626
0.004634
-0.035050
-0.033714
0.034376
-0.064117
-0.089971
0.004310
0.052638
0.076746
0.039117
0.030531
-0.025203
0.054459
0.017473
0.071691
0.101201
0.054325
0.055321
-0.051807
0.040980
0.049584
0.039428
0.041498
-0.011139
-0.094289
-0.020278
0.029976
0.067601
0.013696
0.084011
0.028415
0.022180
0.002862
0.059090
0.113893
0.057607
0.037938
0.026955
0.005737
-0.015441
0.051953
0.010140
-0.158589
-0.049297
0.005400
0.076585
0.108170
0.033461
-0.017964
0.025735
0.022905
-0.020159
0.075869
-0.006805
-0.005260
0.019063
0.044193
0.069135
0.045944
-0.000207
-0.072334
0.020251
0.099398
0.016509
0.068276
0.093206
0.034363
0.087058
0.010798
0.067676
0.005430
0.047241
0.029812
0.032044
-0.014765
-0.000295
-0.024645
0.000958
0.047851
0.042188
0.069518
0.043825
0.083881
0.089677
0.033408
0.121025
-0.045046
0.006388
0.066310
-0.003839
0.091815
0.022873
-0.014456
0.094722
0.052431
-0.035153
0.059144
0.125421
0.131439
0.111739
0.012575
0.058029
-0.035715
0.005027
0.056231
0.135011
0.061467
0.078382
0.056146
0.006616
-0.026599
0.052997
0.023808
0.022273
-0.010267
-0.040651
0.010174
0.083061
0.117055
-0.016160
-0.060465
-0.031375
-0.043895
0.015417
-0.033608
0.021260
-0.035909
-0.057595
0.035684
0.035353
0.069056
0.036778
-0.024731
0.021913
0.046655
-0.046933
-0.040950
-0.028696
0.015555
0.051294
0.028944
0.001667
-0.026838
-0.075756
-0.022868
-0.019447
-0.031973
0.019562
0.024191
0.069028
0.098862
0.040954
-0.018454
0.100471
0.089371
0.057563
-0.001970
-0.024358
0.090018
-0.025168
0.004048
0.060550
-0.073092
0.011985
-0.092433
-0.095117
-0.056097
-0.071878
-0.153773
0.007445
0.079444
0.046978
-0.025217
0.102891
-0.004659
-0.021259
-0.093486
0.045379
0.096950
0.067214
0.049932
0.085805
0.176283
0.126038
0.074951
-0.027998
0.006282
-0.010427
0.087845
0.092777
0.118506
0.077688
-0.000636
-0.002859
0.108407
0.057372
0.020241
0.022072
0.055145
0.104364
0.142165
0.047515
0.100649
0.157982
0.152555
0.003350
0.067431
-0.022236
-0.082844
-0.009717
0.021024
-0.051739
-0.052628
-0.010556
0.111636
0.077662
0.025435
0.044695
0.019530
0.030607
-0.029652
-0.114883
-0.004554
0.073621
0.127031
0.060313
0.019251
0.001084
-0.037493
0.083102
0.001247
-0.001274
0.071763
-0.038469
0.018724
-0.039631
0.056003
-0.086946
-0.017981
0.024674
-0.052858
0.085761
0.113365
0.129025
0.043987
-0.021979
-0.013647
-0.033907
-0.060470
0.090677
-0.020669
0.004495
-0.045097
-0.006090
0.008897
0.053275
0.027930
-0.046380
-0.006112
-0.049286
0.060104
0.025542
-0.083239
-0.055269
-0.047427
-0.035281
0.061015
-0.028651
0.047287
0.166421
0.102479
0.117216
0.001093
0.006223
0.011526
0.010339
0.092415
0.011893
-0.057593
-0.004834
-0.012727
-0.000635
0.083856
0.052006
0.077815
0.049158
-0.021891
0.021330
0.040801
0.091734
-0.046993
-0.069977
0.007699
0.082188
0.089779
-0.007581
-0.019059
-0.031511
0.019400
-0.053082
0.079085
0.084541
-0.026835
-0.000233
0.076737
0.100657
0.056848
0.036290
0.004197
0.061720
0.045525
-0.063355
0.015103
-0.028251
0.032595
0.013029
-0.038921
-0.028499
-0.035654
-0.058395
-0.127609
0.022571
0.080605
0.040358
0.066559
0.051825
0.050467
0.083870
0.009039
-0.029216
0.017970
-0.035232
0.029944
0.078641
0.032401
0.071009
0.153786
0.000749
0.062516
0.025062
-0.022139
0.022634
0.039010
0.070012
0.028676
0.058498
0.086000
-0.020455
-0.043212
-0.007834
-0.018438
-0.040736
-0.052844
0.009635
0.025117
0.029008
0.060298
0.089671
0.087390
-0.041844
0.030847
-0.005160
0.024894
0.029463
0.045314
-0.018861
-0.007184
-0.016606
-0.007616
-0.031174
0.074171
-0.001056
0.013082
-0.072485
-0.039184
-0.086623
-0.050540
-0.008713
-0.001191
-0.044248
-0.032562
0.042049
0.060212
0.030582
-0.057494
-0.103576
-0.067111
-0.078613
-0.015927
0.057193
-0.033189
-0.045148
0.021799
0.065823
-0.043860
0.012092
-0.007063
-0.022218
0.057345
0.049725
0.016225
0.020523
0.094279
0.007029
-0.007057
-0.067675
-0.034398
-0.013413
-0.002125
-0.025762
-0.042575
0.042426
-0.032955
0.040863
-0.044588
-0.083855
-0.112822
0.025240
-0.026000
-0.027388
-0.023041
-0.066372
-0.091750
-0.085995
-0.119193
0.013902
-0.045464
-0.031260
-0.060012
-0.018601
-0.050590
0.018771
-0.005562
0.085097
0.001127
0.107739
0.032139
0.076769
0.005065
0.007047
0.027549
-0.038211
0.018691
-0.039158
0.029347
0.081411
-0.008803
-0.002791
-0.166918
-0.015801
0.158160
0.013642
0.071275
0.126785
-0.006716
-0.020299
0.038313
-0.027735
-0.042673
-0.028931
0.008540
0.049924
0.090405
0.061179
0.029198
0.000991
0.045409
0.035851
0.092055
0.059932
-0.066647
-0.034125
-0.051687
-0.100457
-0.035066
-0.057229
0.067555
0.118874
0.070380
0.000425
-0.104453
-0.033533
-0.041831
0.035602
0.034576
0.040006
0.045236
0.092178
-0.017584
-0.003825
0.124546
0.087723
-0.001277
-0.004558
0.058100
0.021322
-0.004624
-0.008492
-0.061045
-0.003919
-0.060375
-0.011333
0.025397
0.089505
0.044774
0.087107
0.030432
0.019208
-0.049213
0.054810
-0.039760
-0.025735
0.091246
-0.017580
0.131273
0.086075
0.087090
0.007594
-0.005667
-0.041834
0.020889
0.117486
0.086021
0.069012
0.045338
-0.010455
-0.029406
-0.048581
-0.008003
0.046880
0.053548
-0.035738
0.103550
0.073955
0.097838
0.010183
0.019656
0.057006
-0.101315
-0.074508
0.012436
0.032403
0.014208
-0.030865
0.021808
-0.063010
-0.044967
0.023589
0.040123
-0.004023
-0.017025
-0.025084
0.022396
-0.005780
-0.049478
0.087204
0.026479
-0.004260
0.063584
0.030181
-0.000980
-0.038068
0.009398
-0.044526
0.007132
-0.000127
-0.035614
0.020198
-0.013044
-0.024341
0.032514
-0.054126
-0.056205
-0.015354
-0.010939
-0.076134
-0.046816
0.075880
-0.068977
-0.017907
0.013668
0.085953
-0.016587
0.039013
-0.047910
-0.078366
0.039240
-0.011909
0.025500
0.036618
-0.008867
0.050834
0.013315
0.059215
0.041218
0.015853
0.086795
-0.068478
-0.061675
-0.005414
-0.090830
0.008343
-0.007974
0.107392
0.066138
0.072475
-0.012309
-0.044445
0.026884
0.139281
0.077370
-0.008707
0.032194
-0.058273
0.093578
-0.022581
0.103866
0.058911
0.011321
0.049065
0.066519
-0.045330
-0.065443
0.051642
-0.012600
0.028617
0.034037
0.089429
-0.017989
-0.094026
-0.025023
-0.019446
0.085313
-0.020490
0.027111
0.070983
-0.033471
-0.002214
0.063817
0.064170
0.109912
0.106982
0.067581
0.029102
-0.002297
-0.061222
-0.055401
-0.007173
0.048482
0.016289
-0.019401
0.000771
0.027342
0.030150
-0.063045
0.062183
0.016002
0.030916
-0.010220
0.060464
0.029165
-0.042552
-0.031149
0.015828
-0.024593
0.031350
0.006010
-0.016776
-0.021182
0.001856
-0.086480
-0.065959
0.108582
-0.007229
-0.026956
0.068009
0.067720
0.043715
-0.047754
-0.059153
0.006921
0.104581
0.094802
0.082286
0.197390
0.117013
0.015218
0.002985
0.112519
0.065844
0.025244
0.006636
-0.014133
0.111285
-0.006062
0.000534
-0.099367
-0.075605
-0.033465
0.038005
0.077373
0.062527
-0.048575
0.018649
0.046066
-0.007068
-0.070520
-0.072300
0.056747
-0.090380
-0.057058
-0.081057
-0.008557
0.016306
-0.069987
0.010812
-0.032715
-0.087489
-0.069029
0.001519
-0.011237
0.096187
0.026590
0.115421
0.175577
0.050809
0.108434
-0.015146
-0.083834
-0.007988
-0.018516
-0.121533
0.046067
0.024398
-0.104540
-0.077882
-0.163592
-0.028763
-0.040942
-0.089278
0.017465
0.018671
0.032912
-0.002649
0.004497
-0.036851
0.015079
0.058154
-0.025782
0.033466
-0.038490
-0.062447
-0.019631
0.057682
-0.019004
0.009440
0.079331
-0.005936
0.031667
0.070872
0.107906
0.078224
0.094847
0.113603
0.035760
-0.083164
0.041572
0.046285
0.026688
0.073966
0.024569
0.047376
0.107999
0.101152
0.122461
0.054355
0.057245
0.009154
0.105860
0.036828
0.015703
-0.070062
-0.039404
0.077059
-0.052947
0.038486
0.034968
-0.015967
0.080381
-0.065715
0.009960
0.044448
-0.043512
0.066108
0.008250
0.042808
0.033711
0.012894
0.028000
0.019046
-0.031588
-0.037137
0.026295
0.068387
-0.011113
0.018033
0.039760
-0.071506
-0.030497
0.057355
0.051312
0.022989
0.055103
0.035917
0.177277
-0.052011
-0.025098
0.040140
0.016016
0.013075
0.009607
-0.013750
-0.032038
-0.008327
-0.049645
-0.042403
0.003343
0.060871
0.012298
0.156763
0.062064
-0.044533
-0.035959
-0.037109
-0.010654
-0.076879
0.007949
0.071999
-0.071481
0.071823
-0.053578
-0.006184
-0.016748
-0.011487
0.018789
-0.060831
0.050355
0.098820
0.045624
-0.021827
-0.005983
0.009171
-0.060534
-0.034617
-0.026346
-0.071672
0.041506
0.013888
0.057124
-0.056882
-0.052046
0.060856
0.117719
0.121282
0.048907
-0.064326
-0.069655
-0.135293
-0.025591
-0.055400
0.014192
-0.009803
-0.025108
0.004980
0.021823
0.057287
0.041254
0.076793
-0.004220
-0.018298
0.018350
0.130187
0.076367
0.107694
0.131638
0.008120
0.070583
0.054877
-0.045226
-0.031543
0.030786
-0.061454
0.095711
0.014767
-0.002366
0.047153
-0.060482
0.007312
-0.063558
0.021843
0.040903
-0.016130
0.023248
0.021162
-0.045271
-0.025714
0.020091
0.045634
-0.012347
-0.056586
0.134060
0.040374
-0.032205
0.018079
0.064186
0.070198
0.053915
0.039282
0.003416
0.000353
-0.053642
0.042514
-0.062380
-0.043663
-0.069506
-0.075233
-0.087734
-0.108416
0.014095
0.012082
-0.024190
-0.070912
-0.011869
-0.034432
-0.005426
0.039099
-0.017250
0.002706
-0.050749
-0.027887
-0.021050
0.076258
-0.006215
-0.055799
0.096541
-0.013756
0.047624
0.068428
-0.041051
0.030019
-0.059122
-0.038446
-0.001285
-0.099557
-0.006780
0.043512
-0.033941
-0.072394
0.001832
0.016491
-0.061077
0.047281
0.013522
0.069838
0.094227
0.122543
0.016397
0.011100
0.009386
0.027764
0.018913
0.063847
0.050431
0.077570
0.034648
0.028207
0.014160
0.117957
0.048687
-0.006117
-0.005277
-0.007543
-0.001898
-0.024771
0.032354
-0.009700
-0.015178
-0.054250
-0.012864
-0.010861
0.063196
0.117357
0.043969
0.054806
0.009380
-0.015546
0.010057
0.010543
-0.001083
0.021947
0.051161
0.003759
0.067709
0.049358
0.023869
-0.052542
0.020025
-0.016716
-0.012341
0.031406
0.069753
0.000562
0.036552
-0.011022
-0.035177
0.104106
-0.023667
-0.040638
0.108339
0.152975
0.048008
0.097525
0.041427
-0.028588
0.010434
-0.059130
0.044960
-0.031141
-0.098870
-0.048826
-0.063045
-0.046235
0.004809
0.042281
0.018161
0.082694
0.059142
0.067135
0.102490
-0.031667
-0.002396
-0.034691
-0.024159
0.068092
0.016327
0.180669
0.102402
-0.054480
0.027618
0.069958
0.019848
0.100039
-0.011147
-0.029381
0.069752
-0.001000
0.105056
0.023736
-0.049121
-0.098390
-0.019608
-0.021252
0.104420
0.131087
0.007104
0.004445
0.045318
0.020212
0.005118
-0.013245
0.037084
0.089824
-0.022299
0.029170
0.078572
-0.018011
-0.030762
-0.032135
0.059169
-0.035733
0.054528
0.027240
-0.057732
0.088972
0.068469
0.058644
0.068659
0.068625
0.008432
-0.019888
0.076470
0.044039
-0.023816
0.063835
0.035179
0.063169
0.122026
0.015348
0.071248
0.029569
0.018155
-0.027544
0.165288
0.116246
0.058486
0.077525
0.037660
0.059723
-0.045835
-0.090466
-0.062503
-0.030268
0.097183
0.109905
0.049112
0.091345
-0.006703
-0.027820
0.097508
-0.056031
-0.042415
0.010885
-0.009476
-0.103203
-0.008658
0.015175
0.066579
-0.043409
-0.101893
-0.023820
0.053895
0.089951
0.062094
0.009286
0.043961
0.050967
0.038415
0.063824
0.003581
-0.039413
0.031566
-0.012335
0.029915
-0.005123
0.010865
0.153467
0.025730
-0.044666
-0.055498
-0.031007
-0.067732
0.107956
0.088810
-0.030338
-0.092850
0.019957
-0.028704
-0.017181
0.060700
0.063275
0.059446
0.010597
0.017330
-0.003137
0.044126
-0.079673
-0.001693
0.099444
-0.012291
0.018083
-0.020795
-0.057516
0.056086
0.047888
-0.070713
-0.076522
-0.023295
-0.012731
0.001718
0.060847
-0.039237
0.016368
0.108711
0.029415
0.048991
0.006544
0.075921
0.013726
0.004463
0.060087
0.008068
0.001199
0.009650
0.032136
-0.010198
-0.000745
0.001764
0.079320
-0.022221
-0.024147
0.010506
0.093662
0.014600
0.078346
0.017827
-0.038935
-0.067984
-0.055064
-0.061884
0.051788
-0.021806
-0.126493
-0.090407
-0.022548
0.072173
0.045622
-0.107023
-0.052376
0.104488
-0.003571
-0.014966
-0.046932
-0.043685
-0.013847
-0.022251
0.017609
0.048361
0.002575
-0.003298
-0.069277
0.068664
-0.021548
0.017394
0.070528
0.088870
0.079569
0.065658
0.024790
0.043852
-0.044946
0.015343
0.000287
0.024375
-0.013491
0.029883
-0.061505
-0.060258
-0.051247
0.016341
-0.022768
-0.002975
0.004343
-0.039574
-0.053135
-0.004281
0.007981
-0.117090
0.071821
0.050817
-0.056813
0.005237
-0.086454
-0.080091
-0.018049
-0.045980
-0.050437
-0.041252
0.035719
0.040720
-0.008119
0.016362
0.093581
-0.002134
-0.101894
-0.039433
-0.061581
0.020974
0.017908
-0.049671
0.026224
-0.006342
0.064515
-0.035364
-0.001661
-0.053804
0.030884
0.036181
0.091983
-0.021880
-0.007668
0.084007
0.044291
0.033948
0.092666
0.116870
-0.017161
0.010658
-0.083267
-0.064342
0.035194
-0.023871
-0.018805
0.050762
0.027047
-0.050265
-0.149185
-0.150567
-0.082453
-0.076248
-0.022222
-0.025587
-0.021322
0.067075
0.081514
-0.014493
0.066919
-0.023313
-0.009397
0.016011
0.021681
-0.014573
-0.012044
-0.006148
0.111787
0.067045
0.044067
0.021972
0.023450
-0.067591
-0.065332
-0.002607
0.067565
0.053000
0.095459
0.070906
0.008896
0.125404
0.048316
-0.032251
0.029313
0.070877
-0.019828
0.043376
0.042190
-0.033384
-0.103399
-0.053582
0.020118
0.084804
0.073861
-0.025666
0.038876
-0.006202
0.021759
-0.006498
0.061454
0.054674
0.011433
0.099196
0.106783
0.059128
0.116278
0.045685
0.024953
0.095471
0.039182
0.122453
0.124655
0.081467
0.015351
0.048307
0.014456
0.139106
0.031706
-0.007093
0.044877
-0.013237
-0.058067
-0.070873
0.076363
-0.023852
-0.085192
-0.018080
0.065257
0.073678
0.118864
0.112385
0.086642
0.108816
-0.011659
0.042422
0.065054
-0.075210
-0.006549
-0.012871
0.062826
0.082070
0.121139
0.112183
0.008773
0.063133
0.086382
0.044242
0.091105
-0.001428
-0.031046
0.032137
-0.068933
-0.112397
0.044370
0.019219
0.036325
0.102728
-0.022342
-0.022459
0.062959
0.159850
0.039109
-0.003547
0.057689
0.018777
0.102361
0.002316
0.005490
0.148585
-0.045079
-0.063927
-0.024016
-0.050587
0.047151
0.074044
0.058034
0.011243
-0.120591
-0.024195
0.047214
-0.027105
0.062867
0.051223
0.027908
0.032671
0.032672
-0.026933
0.073061
0.066864
-0.010808
0.058830
-0.023207
-0.100546
-0.056633
-0.004850
-0.004530
-0.003893
-0.007478
0.065923
0.051600
0.033753
0.005643
0.056046
0.116273
0.069711
0.004683
-0.039693
-0.064873
-0.008621
-0.042073
-0.033165
-0.074090
0.054376
0.006691
-0.056602
-0.004107
0.014426
-0.009183
0.006116
0.014202
-0.010073
0.108683
0.049076
0.007620
0.072635
-0.009963
0.037381
0.076045
0.076916
0.084755
0.022046
0.089424
0.047659
0.049442
-0.019182
-0.012976
0.051064
-0.055281
-0.015013
0.017113
-0.000809
0.058549
0.076874
-0.028408
0.018175
-0.011707
0.040933
0.056575
-0.111207
0.004198
0.019095
0.030713
0.100659
0.043094
0.057788
-0.001831
0.082797
0.144136
0.193160
0.115643
0.023504
0.033076
0.000081
0.101131
0.004713
0.046929
0.071151
0.013833
0.076334
0.043959
0.008978
0.003915
0.054926
-0.016020
-0.085660
-0.003117
0.020826
0.077292
0.072988
0.032843
0.058705
0.051319
0.004748
0.011017
0.050648
-0.016737
0.009805
0.027434
-0.007796
-0.008967
0.057340
0.038908
0.023626
0.086048
0.066834
-0.008173
-0.015330
0.033903
-0.049176
-0.041442
-0.090162
-0.066446
0.077745
0.004971
-0.069181
0.052220
-0.020463
0.015415
-0.000250
-0.005527
-0.076997
-0.056094
0.064258
0.044946
0.034963
-0.021329
-0.004649
0.061014
-0.035788
0.086010
-0.035879
0.053265
0.033251
-0.037415
-0.021643
-0.025865
-0.064498
0.103137
-0.043565
-0.098671
0.018735
-0.055691
-0.010200
0.006138
0.066026
0.120979
0.088274
0.067321
-0.003484
0.043245
0.018445
0.017071
-0.007590
-0.004920
-0.003319
0.040065
0.064399
0.077057
0.127161
0.045446
-0.062526
0.065721
-0.134149
-0.104622
-0.000784
0.007030
0.074228
0.077156
0.033280
0.028402
-0.001631
-0.017780
0.007844
0.021972
0.099074
0.086269
0.061420
0.082240
-0.035181
-0.047993
0.020650
0.007623
-0.050862
-0.091039
0.007176
0.050702
0.126118
0.048513
-0.020586
0.002439
0.010369
-0.032031
-0.009816
0.043282
0.077299
-0.000615
-0.028991
0.030450
0.031061
-0.036445
-0.013138
-0.018624
-0.031156
-0.006553
-0.030787
-0.079625
0.036191
-0.074409
-0.078099
-0.072925
-0.079806
-0.036042
0.084227
-0.000415
0.020515
0.085434
0.051647
-0.034203
-0.057129
-0.019593
-0.079819
0.011373
-0.004604
-0.070026
-0.086276
-0.031278
-0.092104
-0.002319
0.046942
0.034495
0.062230
0.037077
-0.001975
-0.035187
-0.119623
-0.036846
-0.036735
-0.001805
-0.064943
-0.081648
-0.041063
-0.025099
-0.049164
0.098327
-0.014569
-0.007651
-0.020838
-0.005299
0.050736
0.020680
0.001424
0.028725
-0.004789
0.110527
0.047862
-0.048573
0.045564
0.014524
-0.074075
-0.083909
-0.025752
0.029237
-0.012384
-0.010640
-0.023516
0.083608
0.093764
-0.018081
0.016390
-0.017058
0.040729
0.131359
0.030509
-0.033026
0.016778
0.035900
0.043944
0.070823
-0.084444
-0.141292
-0.090233
-0.052419
-0.072098
-0.029375
-0.182295
-0.153443
-0.027811
0.003595
-0.069332
-0.076265
-0.039988
-0.034139
-0.026513
-0.132553
0.019409
0.035295
0.032452
0.017370
-0.015942
0.078232
-0.029274
0.024299
0.034549
-0.048256
-0.054417
-0.024200
0.031218
-0.010514
-0.074272
0.010025
-0.048404
-0.017622
-0.013312
-0.040937
0.067246
0.000225
-0.044932
0.029796
-0.129349
-0.070596
-0.039713
-0.038367
0.050687
0.000169
0.063078
0.055341
0.101958
0.052963
0.056113
-0.082963
0.028814
-0.038239
-0.026168
0.007304
-0.067031
0.041015
0.016197
-0.060964
0.031668
0.008201
0.057544
0.004753
-0.011625
0.049063
0.157876
0.048641
0.007605
-0.083936
-0.065022
-0.023601
-0.083801
-0.007899
0.006989
-0.001718
-0.033001
0.048662
0.037951
-0.007822
0.000549
0.047890
0.010356
0.047967
-0.039267
-0.013411
-0.055635
-0.087638
0.008018
-0.036819
0.045061
0.042521
-0.039826
-0.039358
-0.105758
-0.022179
-0.027032
-0.014615
0.004699
-0.025064
-0.007910
-0.000221
0.045470
0.042673
0.061096
0.031959
-0.033873
-0.085892
-0.120968
0.022683
-0.066368
0.058348
0.192978
-0.020007
0.028694
0.016877
0.031648
0.084489
0.042400
0.075843
0.066003
0.014785
0.036943
0.005659
-0.030142
0.053550
0.075759
0.020997
0.010320
-0.084094
-0.120261
0.013879
0.004337
0.067253
0.094930
0.038175
0.010193
0.052319
0.060690
0.031787
0.033507
-0.064883
0.062205
0.081751
-0.023323
-0.058792
-0.059622
0.021028
-0.008340
0.003443
0.041641
0.083819
0.071924
0.015521
-0.047081
-0.017240
0.034322
-0.003792
-0.003397
-0.012547
0.102202
0.081032
0.023980
0.041304
-0.023760
-0.087215
-0.050487
-0.088391
-0.007553
0.041756
-0.027422
-0.027186
0.069934
-0.035799
-0.026230
0.023256
-0.070789
-0.033673
0.082022
0.064271
0.069677
0.146172
-0.014916
-0.094652
-0.039717
-0.010750
0.058934
-0.010993
0.008794
0.069542
0.065128
0.092368
0.133834
0.037671
0.001868
0.027040
0.017315
-0.021455
0.033720
-0.009529
-0.090390
-0.040764
-0.025410
-0.010086
0.060775
0.033140
-0.018206
0.050159
0.061234
0.048431
-0.049055
-0.043245
-0.035304
-0.133360
-0.025528
0.009357
-0.057291
-0.014239
0.017863
0.018517
0.031498
0.035114
0.148519
0.058454
0.078973
-0.010940
-0.042361
-0.065548
0.031220
0.096924
0.018232
0.077492
0.059060
0.048649
0.081676
0.119984
0.036467
-0.006345
-0.025170
-0.068483
0.045557
0.011172
0.023254
0.040838
-0.122863
-0.051839
-0.017764
0.009530
-0.040516
-0.002757
0.051985
0.034103
0.106493
0.012068
-0.018665
0.005202
0.097360
0.054381
0.005888
-0.045289
-0.026900
0.065276
0.047512
0.115894
0.111559
0.124715
0.062581
0.039135
0.024288
0.069336
0.062001
-0.047633
-0.053198
-0.083697
-0.159565
0.000725
0.046186
0.050727
0.075996
0.101177
0.071881
0.043436
0.057469
-0.074229
-0.054349
-0.025987
0.040363
-0.013056
0.059638
0.008761
-0.012555
-0.020671
-0.051047
0.033060
0.057945
0.016480
-0.021839
0.078698
-0.003886
-0.065240
0.047883
0.062945
0.034212
-0.041849
-0.014754
-0.039333
0.012074
0.065592
0.048955
-0.007538
0.065527
-0.024914
-0.079660
0.024249
0.049689
0.114092
0.113479
-0.042535
-0.024296
-0.049257
-0.009822
0.016178
0.063928
0.073981
0.074311
0.035874
0.078887
0.080418
0.065637
0.115995
0.008928
-0.063817
-0.071437
-0.015772
0.085648
0.063199
0.029672
0.012150
0.010629
0.030606
0.040912
0.129486
0.095124
0.069306
0.003158
0.019945
-0.006236
-0.018198
-0.078773
-0.092305
0.050834
0.030251
0.004902
-0.139778
-0.020495
-0.005198
-0.032986
-0.031660
-0.076084
-0.116022
-0.007039
0.014507
0.004933
-0.064400
-0.008840
0.104076
-0.008317
0.029139
0.057778
0.029022
-0.005360
-0.031174
-0.053524
0.031837
-0.105242
-0.096909
-0.080659
-0.016726
0.080687
0.022326
0.061956
0.029857
-0.026517
0.034677
0.068578
0.004943
0.041672
0.100424
0.077416
0.058333
-0.070741
-0.073354
-0.051654
-0.008030
0.052425
-0.001413
-0.034192
0.016351
0.069748
-0.037356
0.109871
0.087893
0.015097
0.011762
-0.058716
0.062230
0.119241
0.117936
0.139489
0.104639
0.006676
0.088315
0.001293
-0.087709
0.006455
-0.025191
0.025318
-0.003275
0.019341
0.029633
-0.106926
0.044703
0.059660
-0.043737
0.083208
0.093018
-0.051559
0.014259
-0.057762
-0.034386
0.033953
-0.069960
0.096948
0.028379
-0.026544
-0.011926
-0.103072
-0.136137
-0.006094
-0.089872
-0.066989
0.031518
-0.039446
-0.003826
-0.021643
0.021955
0.076347
0.053182
0.050686
0.001062
0.008124
-0.081969
-0.067478
-0.013011
0.053730
0.085023
0.046931
0.103514
0.048517
0.011383
-0.055189
0.019683
0.056767
0.072593
0.162619
0.098927
0.022794
0.032655
-0.010236
-0.094989
-0.087375
0.016114
0.112317
0.093179
0.106816
0.025887
0.010200
0.020253
-0.016754
0.065179
0.034307
0.013019
0.018354
-0.063316
-0.071668
0.024326
-0.022342
0.054206
-0.024587
0.060118
-0.013687
-0.053775
-0.042208
-0.061194
-0.105728
-0.021597
-0.074433
-0.085672
-0.070055
-0.037606
0.104156
0.070141
-0.051665
-0.057180
-0.073401
0.039335
-0.011304
-0.061077
-0.080762
-0.135032
-0.171790
-0.170263
-0.056564
-0.022163
0.016061
0.003166
-0.041702
-0.034834
-0.055835
0.031606
-0.064149
0.008656
0.076525
0.078622
0.158340
0.118749
0.073725
0.062919
0.029579
-0.026981
0.095017
0.038757
-0.012996
-0.024918
-0.003621
0.031755
0.015124
0.020812
0.000662
-0.036338
-0.014655
-0.009102
0.018743
-0.034567
-0.040416
0.005125
-0.005068
0.020447
-0.065165
0.046913
0.006382
0.059944
0.059361
0.098008
0.112630
-0.014121
0.017362
0.109986
0.144547
0.135634
0.073090
0.029630
0.056919
0.010095
-0.037643
0.017596
0.036049
0.113712
-0.031306
-0.042040
-0.033005
-0.100559
-0.014137
0.031368
-0.023968
-0.019601
0.010516
0.009292
0.077169
0.049578
0.005574
0.090132
0.049535
-0.013429
0.081637
-0.003538
0.074341
-0.035805
0.052145
-0.047370
-0.057977
0.057384
0.070750
0.067613
0.015425
0.009551
0.006700
-0.036192
-0.080088
0.015365
-0.069920
-0.105812
-0.006181
0.026690
-0.102721
-0.033281
0.095383
0.078322
0.060341
0.078193
-0.011885
0.002091
-0.034311
-0.062513
0.008031
-0.044620
-0.060944
0.069496
0.071384
0.054130
0.056349
0.054779
0.079254
-0.020663
-0.100454
-0.015171
0.039540
-0.038703
0.025820
0.001790
0.020894
0.008799
0.079107
0.013407
-0.099553
0.015143
-0.003903
-0.011688
0.100272
0.012345
0.043905
0.065687
0.033767
0.040896
0.065050
0.036653
-0.005861
-0.069253
-0.051320
-0.048770
-0.076951
-0.066322
-0.036486
-0.060927
-0.089518
0.009043
-0.006151
-0.017263
-0.071906
-0.060925
-0.014970
0.018749
-0.035328
0.051388
-0.010362
-0.034049
-0.078161
-0.040927
0.110721
0.047537
0.019389
0.108707
0.104023
-0.030103
-0.007214
-0.023765
-0.008464
0.054280
-0.038676
-0.069970
-0.091437
-0.092773
-0.054180
0.057988
-0.042002
-0.001833
0.041110
0.036027
0.070908
0.005085
0.012378
-0.025341
0.015426
0.110395
0.072172
-0.004051
-0.032574
-0.005348
-0.000199
-0.081838
0.050256
0.029876
-0.022681
0.001982
0.083298
-0.047858
0.022424
0.027792
0.024793
-0.003804
-0.022491
0.071661
0.008505
0.092026
0.108627
0.089057
0.113806
0.040868
-0.097352
-0.054961
-0.059258
0.072226
-0.050507
-0.063913
0.021696
0.025310
0.015484
0.071591
0.104552
0.144374
0.152149
0.153741
0.068319
0.020556
0.023589
0.025307
-0.060300
-0.031173
-0.027913
0.020053
-0.013378
0.083286
0.050690
-0.042071
0.032918
-0.009130
0.025833
0.063931
-0.132902
-0.020697
0.060427
-0.029321
-0.027574
-0.000678
-0.030505
-0.028125
0.015357
-0.027620
-0.054297
-0.047405
-0.076965
-0.023560
-0.086182
-0.101288
-0.014548
-0.026090
-0.026546
-0.088836
-0.103218
-0.015330
-0.029487
0.055609
0.095218
0.004956
-0.039376
-0.069293
-0.050752
0.051310
-0.084808
-0.014297
0.027272
-0.071766
-0.142125
-0.094360
0.015529
0.054944
0.076556
0.045804
-0.008312
-0.024281
-0.000815
0.087266
0.012688
-0.034735
0.001648
-0.057112
-0.027165
0.020675
-0.026164
0.012404
0.005954
0.012178
0.070018
0.124333
0.090882
-0.000167
0.074881
0.125180
0.068858
0.051337
0.068032
0.029272
0.028806
-0.019557
0.036972
0.046752
0.073642
0.087277
0.155197
0.014212
0.147093
0.038805
0.088534
0.067826
-0.069208
0.077452
0.054880
-0.047441
-0.019521
0.031541
-0.076420
-0.029352
0.126939
0.049764
0.077021
0.066922
0.035709
-0.095972
-0.000606
0.083410
0.042928
0.089220
-0.076935
0.013889
0.001066
-0.052135
-0.029805
-0.007614
-0.037263
-0.037606
0.031181
0.027826
0.037749
0.085621
0.041344
0.041843
-0.000989
0.053318
0.005440
0.034953
0.037930
-0.008286
-0.005882
0.013666
-0.034800
0.081478
0.022286
0.106150
0.065501
0.038677
0.019292
0.020926
0.064689
-0.043520
0.082845
0.092915
0.002906
0.029718
-0.003948
-0.009856
-0.059921
0.080370
-0.013606
-0.035041
0.031880
-0.027261
-0.008654
0.093407
0.075527
0.009821
0.063602
-0.030144
-0.001216
0.019205
-0.005478
0.092709
0.083287
0.022327
-0.006999
-0.037987
0.034043
0.028535
0.080418
-0.047313
0.048945
0.070941
-0.019372
0.093561
0.054873
0.027489
-0.063535
0.027416
0.040504
-0.000359
0.017130
0.014597
-0.014328
-0.006258
0.066872
-0.032677
-0.027909
0.056505
-0.027032
0.018475
0.032412
0.056406
0.036541
0.049994
0.024158
0.061617
-0.035468
0.019373
-0.001397
-0.115676
-0.022375
-0.053757
0.022198
-0.052956
0.013709
0.026513
0.037741
0.025898
0.053750
0.002097
0.059012
0.013694
0.072900
0.079076
-0.001235
0.047201
0.053653
0.061547
-0.036243
0.047381
0.105018
0.021416
0.027065
0.037565
0.046090
0.084552
-0.008146
0.064198
-0.044152
-0.125694
-0.023695
0.048385
0.027385
0.022873
-0.038981
0.020073
-0.021366
0.030616
0.081207
-0.015348
-0.014369
0.132562
0.036245
0.065602
-0.019705
0.035339
-0.002852
0.074483
0.084011
0.007624
0.050233
0.008326
0.126851
0.014987
0.073333
0.054269
-0.003160
0.015728
0.011821
0.048027
-0.045528
-0.032130
0.035678
0.054142
0.003280
0.067113
0.087731
0.065306
0.019538
0.002996
-0.010103
-0.061915
-0.083026
0.031758
-0.025380
0.021521
-0.054253
0.009719
-0.035197
-0.103585
-0.003352
0.036695
0.058270
0.081898
-0.008145
0.054828
0.075220
-0.032235
0.042214
0.097080
0.041614
0.058565
0.034943
0.037962
0.051758
-0.002991
0.082768
-0.004882
-0.038051
-0.022511
0.001696
-0.044209
0.026086
0.133483
0.069088
0.066521
-0.020152
-0.089469
-0.036741
0.062467
0.078600
0.080109
0.098158
0.015794
0.064705
0.056069
0.054265
0.090657
0.004910
0.015330
-0.062420
-0.050692
0.016350
-0.018401
0.107562
0.051413
0.034208
0.076928
0.044237
-0.094002
-0.039218
0.044987
-0.012582
-0.023167
-0.127898
-0.024030
-0.010933
-0.077222
-0.055181
0.008626
-0.007728
0.075959
0.133259
-0.049312
-0.132687
0.022178
0.004835
-0.014443
-0.044112
-0.058129
0.022638
0.001326
0.045988
0.013648
-0.013112
-0.000394
0.053411
-0.001915
0.015740
0.064891
-0.015209
-0.017377
-0.008132
0.080185
-0.000213
-0.023195
0.015057
0.030395
0.013804
0.089011
0.028152
0.112250
0.069217
-0.012946
0.009717
0.097246
0.098389
0.073758
-0.035006
-0.031969
0.007900
-0.047806
0.112896
0.048172
0.054932
-0.018619
0.022494
0.058104
0.011438
0.089396
-0.021113
0.008172
-0.053242
-0.064939
-0.038139
-0.016210
-0.006591
0.012256
-0.012488
0.040106
0.023521
-0.009727
0.000487
0.034709
0.026017
-0.016311
-0.014109
-0.035841
-0.014553
-0.047686
-0.016336
-0.114789
-0.062748
-0.042362
-0.022006
-0.065647
-0.019830
0.015991
0.035831
-0.007379
0.001449
0.024491
-0.008179
-0.014819
0.035486
-0.066680
0.012976
-0.136614
-0.037273
0.115566
0.066280
0.042542
0.123135
0.007840
0.030372
0.045021
0.083619
0.069671
-0.004339
0.066354
-0.002408
-0.058313
-0.027884
0.043938
0.059462
0.009171
-0.092832
-0.048446
-0.040595
0.013154
-0.032893
-0.038182
-0.009749
0.067923
0.080050
0.058799
0.028074
0.009838
0.049902
0.043005
0.020259
0.133959
0.076613
0.060480
-0.026739
-0.017421
0.040420
-0.028503
-0.042799
-0.049429
0.017928
0.048983
0.020218
0.078520
0.096267
0.054557
0.079859
-0.030184
0.079229
0.110472
-0.019887
-0.070465
-0.008398
-0.055163
-0.089115
-0.081457
-0.071862
0.002411
0.087386
0.019129
0.113781
0.066432
0.014956
0.036749
-0.042408
-0.054587
0.040401
0.095468
0.086064
-0.002274
0.079052
0.060065
0.014594
-0.121245
-0.084077
0.013528
0.029283
-0.027510
0.071417
0.011230
0.074040
0.068973
-0.024323
-0.064965
0.013881
0.028119
0.017920
0.020157
0.049959
-0.005662
-0.046034
-0.003264
-0.006476
-0.055398
-0.014597
-0.040673
-0.023863
0.005557
0.075602
0.033122
0.006062
-0.051481
-0.044040
0.015101
-0.007353
0.056302
0.052156
0.044242
0.056184
0.055889
0.058515
0.030957
0.051244
0.107725
0.129090
0.086481
0.042724
0.057872
0.068523
0.114291
0.046964
-0.086106
-0.027406
-0.051277
-0.109588
-0.020777
-0.023853
0.015261
-0.029524
0.025702
-0.039674
-0.035695
0.051225
0.006985
-0.023812
-0.046580
-0.079080
0.010089
-0.025135
-0.045533
-0.092172
0.015399
-0.041103
0.003977
0.068531
-0.037864
-0.012709
-0.110505
-0.125606
-0.000809
-0.029664
0.080303
0.059671
-0.049269
0.111598
0.005763
-0.038340
0.022596
0.039190
0.027539
-0.076452
-0.065113
-0.045913
0.008831
-0.012530
-0.073075
0.073697
0.122497
-0.046919
-0.032832
-0.035414
-0.054669
-0.018498
-0.031347
0.059552
0.045817
-0.006078
-0.007549
-0.029299
-0.072936
-0.064540
0.014810
0.010666
0.051191
-0.006750
0.067544
0.037456
0.058837
0.021932
-0.018309
0.030033
-0.016438
0.043778
0.017513
0.039953
-0.065890
0.000003
-0.019157
-0.014493
-0.005525
-0.024176
0.037506
0.067876
-0.106059
0.003454
0.009453
-0.004543
0.026470
0.009708
-0.021417
-0.022913
0.010476
0.011457
0.088327
0.014359
-0.017736
0.021872
-0.060918
-0.024346
-0.061869
-0.103572
-0.030659
-0.057322
-0.023922
-0.014201
-0.071319
-0.056566
-0.049415
-0.062857
0.053680
0.017678
0.019593
0.077365
0.029121
0.142280
0.097894
-0.055187
0.013448
0.130470
0.107912
0.127836
0.115870
0.096324
-0.015103
0.073374
0.007698
0.039952
0.017102
-0.035272
-0.015811
0.010087
0.074687
0.052708
-0.025233
-0.074790
-0.030468
0.048467
-0.049828
-0.058323
0.044739
0.009658
-0.028268
-0.061715
-0.077636
0.074143
0.005920
-0.046967
0.019737
0.006149
-0.032593
0.067864
0.048845
0.038522
-0.092422
-0.025697
0.002455
-0.039682
0.023677
0.034493
0.032407
-0.103643
-0.128298
0.010383
0.065469
-0.078134
-0.008863
0.034441
-0.061879
-0.050487
0.046417
0.001646
-0.060731
-0.016466
-0.042270
-0.035034
-0.001887
0.025460
0.086968
0.002122
0.028129
-0.039912
0.000289
0.059925
0.067183
0.063714
-0.049825
-0.081225
0.050290
0.044859
0.111354
0.074183
0.026607
-0.080584
-0.016990
-0.025409
0.009479
0.093971
0.061953
0.072697
0.034812
0.001821
-0.046096
-0.032271
-0.040360
-0.024149
0.069561
0.060573
0.019774
0.058083
0.006586
-0.082297
0.026101
0.053233
-0.034577
0.055052
0.077703
0.044101
0.056445
0.056200
-0.012150
-0.008648
0.116644
-0.054488
0.041769
-0.036832
0.040484
0.024615
0.063523
0.081515
-0.113848
-0.016858
-0.087098
-0.121527
-0.100037
0.018576
0.018021
-0.036936
-0.032218
-0.008002
0.072320
0.111029
0.123609
0.098546
0.058916
0.055698
0.030820
0.128441
0.036271
-0.011839
0.042631
-0.098020
-0.068585
0.074319
-0.022084
-0.086097
0.012102
-0.018490
0.011590
-0.002761
-0.015821
0.006045
-0.039697
-0.002528
-0.017740
0.019684
0.012240
0.039544
-0.011244
0.035433
0.044729
-0.018496
0.104262
0.046313
-0.082769
-0.096072
-0.010836
-0.144274
-0.137150
0.001059
0.049689
-0.009040
0.036978
0.095427
0.051882
-0.037863
0.049487
0.023395
0.024394
-0.005336
-0.105280
-0.066669
0.052938
0.097205
0.144511
0.054805
0.106550
0.027370
-0.036544
0.028376
0.045465
0.008063
-0.061381
0.010825
0.035352
0.085178
-0.009116
-0.013572
0.046603
0.007040
0.000022
-0.030236
-0.014879
-0.021571
0.015545
0.033160
0.083974
0.003908
-0.048579
0.015781
0.036917
0.011486
-0.065600
-0.123406
-0.048292
0.128195
0.122023
0.072725
0.105696
-0.064197
0.083576
0.063514
0.005922
0.080498
-0.041843
0.069791
0.102595
-0.013820
0.022457
0.039396
0.051889
-0.028333
0.013851
0.031980
0.077844
0.036690
0.034267
0.014848
0.142807
0.088764
0.107988
0.082247
0.153463
0.064553
-0.013012
0.087457
0.059691
-0.029195
0.125734
0.201798
0.088750
0.106699
0.008194
0.018607
-0.018461
-0.044715
0.039633
-0.047769
-0.063121
-0.026705
0.026981
0.009144
0.040098
-0.070447
0.016872
-0.039719
-0.066809
-0.012403
-0.086108
0.040058
-0.011471
-0.010896
0.063815
-0.060640
0.049531
0.061297
-0.041150
-0.000044
-0.058347
0.000867
-0.036560
-0.015279
0.034415
-0.055324
-0.128347
-0.038423
-0.059599
-0.066795
-0.004873
0.008896
-0.010424
-0.064579
-0.055049
-0.041517
-0.103623
0.008925
0.030586
0.032450
0.051627
0.123039
0.061045
-0.018657
0.078181
0.075588
0.036324
0.035219
0.046038
-0.042787
-0.065971
0.052697
0.044933
-0.040651
0.015525
0.029183
-0.012600
0.129760
0.061320
0.034054
0.150400
-0.045913
0.014264
-0.048017
-0.067577
0.001896
-0.009683
0.005417
0.108094
-0.036510
-0.047901
0.010101
-0.069335
0.140053
0.051421
-0.045128
0.072638
0.088253
0.024751
-0.072999
-0.078721
-0.068275
0.008890
0.059240
0.039759
-0.034483
-0.004809
0.085549
-0.050314
0.028602
-0.003603
-0.062427
0.097460
0.052290
-0.069948
0.076015
0.004869
-0.067939
-0.055880
0.005931
0.005219
0.108661
0.095319
0.015134
0.016722
-0.020485
-0.009333
-0.004446
-0.165939
-0.035590
-0.031216
-0.030456
0.129633
0.098835
0.120718
0.034299
0.028888
0.026618
-0.048937
0.056286
0.019217
-0.025288
0.009454
0.084768
0.106665
0.044412
0.039755
-0.046623
-0.064812
-0.103007
-0.090140
-0.045752
0.065613
0.092140
0.079104
-0.058656
0.054694
-0.020523
0.001262
0.077942
-0.063266
0.029490
0.073891
-0.006885
0.010840
-0.038664
-0.039074
-0.033222
0.070211
0.037377
0.057153
0.037965
-0.085464
0.010021
-0.012288
-0.105050
-0.031628
-0.027523
-0.080286
-0.030807
-0.009652
0.017041
0.055233
0.076299
0.031743
0.039388
-0.034352
0.010929
0.147722
0.050648
0.057763
0.021107
0.129802
0.025592
-0.004155
-0.014271
0.019973
0.023324
-0.000740
-0.049001
-0.028907
-0.065240
-0.007927
-0.073859
-0.044199
0.036657
0.047059
0.017421
0.040298
-0.000837
-0.007097
0.007259
-0.014290
-0.058842
0.040168
0.017075
-0.017354
0.003445
0.089952
-0.020367
0.014874
-0.004765
-0.095118
0.003538
-0.003507
0.015803
-0.006285
0.060039
0.028815
-0.042506
-0.082639
-0.009601
0.076874
-0.051941
0.054295
0.077576
0.040589
0.105518
0.111583
0.098156
0.077833
0.022622
0.050305
0.029424
0.090700
-0.057692
-0.079667
-0.034823
-0.058597
-0.015827
0.060406
-0.000354
-0.025718
-0.052194
-0.028616
0.088244
-0.036991
-0.078943
-0.015242
-0.067290
-0.122170
-0.074647
-0.073214
-0.066248
-0.034764
0.023076
0.016043
0.019887
0.067017
-0.006702
0.130028
0.099021
0.079288
0.038564
-0.020337
0.043582
0.026954
0.012638
0.033575
-0.008641
0.070492
0.046866
0.067124
0.063691
-0.045992
-0.051272
-0.066126
-0.031303
0.062101
0.002393
0.004698
0.087749
0.112363
0.085517
0.014766
-0.004284
-0.068023
-0.005849
-0.034901
-0.018250
0.029464
0.024139
0.014453
0.023111
-0.016965
0.059681
0.057936
-0.035538
-0.009448
-0.090960
-0.090932
-0.012378
0.025007
-0.021084
-0.052255
0.032322
0.091699
0.126101
0.093619
0.062221
0.009298
-0.044505
0.002246
-0.092568
-0.054936
-0.006556
0.026213
0.036745
0.013904
-0.016158
-0.033051
0.066490
-0.051103
-0.107405
-0.057679
-0.011795
-0.109700
0.041058
0.016795
-0.009742
0.088900
0.014469
0.116208
0.072852
-0.033448
-0.162047
-0.025937
0.005699
0.018964
0.011200
0.046258
-0.027032
0.065959
0.076948
0.032674
0.024600
-0.021895
0.003635
-0.040174
-0.070612
0.115091
0.088931
-0.015450
-0.012557
0.015346
-0.029663
0.040087
-0.007991
-0.004537
-0.004160
0.048736
0.077944
0.001965
0.093034
-0.061064
-0.060176
0.002590
-0.039203
0.075167
-0.084152
0.042388
0.034706
-0.053479
-0.075304
0.010848
-0.044360
-0.038963
0.024276
0.078539
-0.008003
-0.017265
0.002354
0.019257
-0.030116
-0.042916
-0.031194
-0.034663
-0.004277
-0.050070
0.008842
-0.011958
-0.033635
-0.005540
-0.012421
-0.000610
0.085417
0.177430
-0.007038
-0.002952
0.017432
-0.081475
-0.073146
-0.022788
-0.016447
0.019261
0.034853
-0.015469
0.108893
0.011464
0.044861
-0.008940
0.040612
-0.021128
0.075084
-0.032800
-0.063845
-0.012105
-0.027718
-0.057576
0.041003
-0.001983
-0.018769
0.077502
0.073341
0.059774
0.009188
0.049565
-0.024381
-0.036094
-0.100216
-0.067012
-0.036615
-0.035848
-0.012517
-0.058684
-0.009612
0.009430
0.014465
-0.098161
-0.035979
-0.136249
-0.037859
0.065804
0.066784
-0.023262
-0.033533
-0.036844
-0.062459
0.019842
0.019766
-0.038830
0.090061
0.127865
0.005561
-0.036393
-0.005826
-0.051727
-0.030652
0.024694
0.050582
0.113655
0.037078
-0.046078
-0.040992
-0.011342
-0.087974
-0.038036
0.038960
0.029520
0.006998
0.080527
-0.004884
-0.048644
-0.049987
-0.017421
0.030199
0.041336
0.006632
0.025408
0.003797
0.070245
0.056111
0.067910
0.033890
-0.017934
0.122053
0.078859
0.000391
-0.065375
-0.027189
-0.038560
-0.041508
-0.051636
-0.097084
-0.047780
0.080296
0.036508
0.008538
0.103713
0.091031
0.041409
0.082670
0.159047
0.067727
0.054972
0.038909
-0.013649
-0.005966
0.005015
0.012748
-0.056183
0.065985
-0.012838
-0.008810
0.073943
0.021463
-0.012171
0.070010
-0.056346
0.018199
0.017666
-0.073311
0.118711
-0.000769
-0.072221
0.026038
0.003509
0.016368
0.092093
0.083558
0.035329
-0.002240
-0.042461
-0.000123
0.104834
0.019885
0.074936
0.050603
-0.033949
0.006002
-0.045091
0.009655
0.041240
-0.003222
0.062081
0.082056
0.063859
0.122016
0.006624
0.030647
0.027158
-0.059186
0.015433
0.011222
-0.030881
0.065781
-0.056683
-0.043580
0.036804
-0.019161
-0.049896
-0.045208
-0.107372
-0.021755
-0.005827
0.048290
-0.024593
0.006655
0.054598
-0.033413
0.046239
0.053898
0.021159
0.015287
-0.075286
-0.064802
-0.064009
0.070456
0.117128
0.048836
-0.040554
-0.011147
0.121166
0.086982
0.065060
0.072387
0.140896
0.047642
-0.121859
-0.061192
0.033118
-0.003641
-0.079813
-0.098439
-0.115482
0.018480
-0.033037
0.019201
0.068158
0.011970
0.090738
-0.003643
0.014295
-0.003127
-0.005713
-0.003834
0.025685
0.037643
-0.025555
-0.034258
0.048533
-0.063079
-0.013546
-0.040904
-0.017999
-0.027521
-0.051575
0.101091
0.155791
0.111504
0.029838
-0.089960
-0.053610
0.012357
0.116405
0.005525
0.064122
-0.009321
0.027417
-0.018540
-0.023153
0.049330
-0.049860
-0.063500
0.002987
-0.013904
0.006254
-0.003752
-0.027864
0.003279
0.059347
0.044804
-0.023779
0.081141
-0.070840
0.027603
0.025967
0.055343
0.202007
0.100841
0.087496
0.055628
0.076336
0.069512
0.020062
0.059151
-0.032650
0.025407
0.046615
0.046538
0.003094
0.020013
0.037336
-0.044840
-0.050409
-0.044576
0.068471
0.040258
-0.015280
0.042671
-0.041404
-0.032408
-0.000850
0.061232
0.056551
0.067240
0.097531
0.062691
0.003924
-0.013703
-0.091417
-0.056521
-0.041898
-0.010960
-0.046775
-0.101678
-0.074670
-0.011079
0.106933
-0.049851
0.034072
0.017981
-0.061474
-0.009189
-0.107053
0.027621
0.111055
0.062226
0.035098
0.004271
-0.090588
0.067339
0.110943
0.074952
0.101614
0.030565
0.020467
0.029387
0.031303
-0.005070
-0.067712
-0.033788
-0.047290
-0.092647
-0.008201
0.056323
0.022467
0.035096
0.009097
0.003871
-0.015054
0.026054
-0.008375
-0.020355
0.034510
-0.035532
-0.098858
-0.045178
-0.057609
-0.154802
-0.032131
0.046991
0.058829
0.015737
0.025236
-0.073286
-0.081822
-0.002498
-0.046732
-0.041039
0.014831
0.007244
-0.043264
0.010897
-0.004277
0.025579
-0.076050
0.078493
0.002288
0.085877
-0.005489
0.071813
-0.018950
-0.012843
-0.000233
-0.042564
0.011662
0.077194
-0.008742
0.026057
0.036586
0.026405
-0.055644
0.077597
0.022656
-0.034116
0.045460
0.017087
0.029881
0.020786
0.024377
-0.026719
-0.096837
-0.101517
-0.046373
-0.085207
-0.003418
0.075397
-0.000690
0.097815
0.117076
-0.044974
0.056485
-0.008787
0.050428
-0.002323
-0.002963
-0.018095
0.005797
0.068705
0.037680
-0.053802
-0.029190
-0.005360
-0.018956
-0.094659
0.002018
0.026284
0.032162
0.061750
0.017786
-0.020300
0.010051
0.025963
-0.008692
0.008851
-0.028892
0.014481
-0.037638
0.000729
-0.040523
-0.034493
0.037041
-0.116475
-0.034020
-0.035138
-0.125831
-0.021116
0.045642
0.057243
0.135188
0.118549
0.053875
0.078789
0.062847
0.081675
-0.049717
-0.042803
-0.011780
-0.004519
-0.053040
-0.038653
-0.057326
-0.024948
0.042930
-0.086377
-0.060745
0.021069
-0.069785
-0.049815
-0.174229
-0.043017
-0.032338
0.050410
0.082812
-0.015912
-0.021901
0.042450
0.018462
0.012944
0.049570
0.135786
-0.004853
0.061960
0.137503
0.089692
0.027004
0.066599
0.024240
0.059261
-0.012847
0.025090
0.000308
-0.103806
-0.044165
-0.045522
-0.014936
0.028085
-0.055126
-0.070005
0.041700
-0.050193
0.095021
-0.026794
-0.054713
-0.036583
0.023864
0.089720
0.024805
0.011630
0.052039
0.065601
0.017790
-0.090529
0.065767
0.055583
0.023551
0.019324
-0.001893
-0.118454
-0.001154
0.058676
0.009908
0.050941
0.035134
-0.064566
-0.056789
-0.018568
0.014465
-0.068735
0.020410
0.066394
0.063734
0.100802
0.017960
0.102633
-0.069704
-0.024909
0.008981
0.028159
0.040371
-0.045600
0.130225
-0.007605
0.003198
0.017059
-0.058863
0.032250
-0.032990
0.064143
0.015702
-0.025149
0.016331
-0.116951
0.045566
0.040674
0.132319
0.115488
0.069864
0.014272
0.040641
0.003691
-0.024362
-0.025543
0.003212
0.027449
-0.011053
0.026126
-0.023637
-0.030177
0.031907
0.006069
-0.032812
0.013994
0.040040
0.026547
0.051919
0.034920
-0.002318
-0.068695
0.038969
0.086686
0.050069
0.104124
0.038492
0.065836
0.008010
0.164500
0.070418
0.077058
0.192358
0.037617
0.072499
0.055070
0.001010
0.050888
0.038554
0.077992
-0.056315
0.007704
0.009937
-0.064964
-0.059552
-0.023277
-0.024212
-0.052736
-0.029616
0.053920
-0.046370
-0.005671
0.033552
0.011551
-0.012606
-0.011946
0.038101
0.077296
0.159860
0.118377
0.026624
0.012555
0.056023
0.100408
0.012250
0.034011
0.063470
-0.000198
0.030182
0.050961
0.002684
-0.019512
-0.041368
0.066737
-0.028199
-0.062119
-0.051023
-0.055925
0.039517
0.119301
-0.079268
0.023184
0.029891
-0.030325
0.056946
0.031318
-0.058590
-0.015720
-0.001660
0.035719
0.048483
0.042902
-0.001252
-0.067680
-0.008902
-0.023507
0.033625
0.012960
-0.046545
-0.059358
-0.015836
0.020790
0.044968
0.027686
-0.022900
-0.096719
0.060437
0.113512
0.019002
0.019882
0.040731
-0.056473
-0.121130
-0.075615
0.040511
0.066620
-0.056712
-0.017231
0.067857
-0.098491
-0.033363
0.069412
0.037168
-0.027716
0.017755
0.105237
0.078719
0.077885
-0.033515
0.096961
-0.001448
-0.046037
0.012427
0.054241
-0.014809
0.070800
0.115623
0.081302
0.072216
-0.003970
0.107139
-0.002156
0.009616
0.015631
-0.080599
-0.097858
-0.020236
0.009595
-0.037057
0.111103
-0.002304
-0.024943
0.038143
0.052005
0.017820
0.052809
0.006342
0.069785
0.064019
0.045375
0.000894
-0.012242
-0.096178
-0.118134
0.028321
-0.044459
0.066639
0.033638
0.004566
0.026450
0.198095
0.132488
0.092458
0.073252
0.043152
0.086268
0.063965
0.024743
0.019378
0.066473
0.047317
0.067325
0.001493
0.010279
0.023041
0.010671
-0.038690
0.010395
0.043114
-0.061528
-0.131858
-0.051665
-0.001958
-0.072717
-0.086976
-0.019392
0.020779
-0.042589
0.010020
-0.021881
0.071581
-0.038948
-0.041088
0.091569
0.131604
0.035511
0.019198
-0.034497
-0.096157
-0.080716
-0.074643
-0.015427
-0.019619
-0.002678
0.013407
0.118539
-0.028828
-0.100196
-0.024938
0.004134
0.049552
0.019661
-0.040315
0.027617
0.051281
-0.014164
0.080187
0.074678
-0.026211
-0.007432
-0.073966
-0.004021
0.012479
0.002078
0.027042
0.000278
0.075786
0.087319
-0.017182
0.115806
0.073146
0.028820
0.048169
0.046724
0.003449
0.096501
0.056451
0.082883
0.018931
0.034952
0.093808
0.018002
0.058820
0.013764
-0.013895
0.117984
0.099505
0.074958
0.039521
0.103787
0.093596
0.088514
0.108484
0.004047
-0.040693
0.032444
0.088691
0.051108
-0.026736
-0.061468
-0.021588
-0.029346
0.023306
0.074248
-0.019186
0.016672
0.006257
-0.058675
-0.026798
-0.046869
-0.070399
-0.102865
-0.128584
-0.042510
0.021042
-0.078285
0.060766
0.002373
0.048277
-0.003472
-0.057794
-0.097614
-0.103698
-0.076551
0.054575
0.093788
-0.071911
0.020326
-0.017573
0.070173
0.056802
0.040796
0.089189
0.015279
0.017950
0.000215
-0.038787
-0.049608
-0.041967
-0.021941
-0.028841
-0.066265
0.071002
0.071038
-0.014773
0.100084
0.133590
0.071907
0.164911
0.044789
0.070707
0.014554
0.032461
-0.028860
-0.038990
0.030467
-0.062799
-0.001251
-0.093764
0.039713
0.016161
-0.012145
-0.036873
-0.077434
0.029532
-0.032320
-0.021600
0.095866
-0.073784
-0.109610
-0.113412
-0.065942
-0.040528
-0.075265
-0.024275
-0.024540
-0.040935
-0.080622
0.077625
-0.032393
0.004130
0.008089
-0.028093
0.088782
0.106035
0.028460
-0.054624
0.044351
0.084300
0.025007
-0.045701
-0.077536
-0.079670
-0.046595
-0.122010
-0.056506
0.077897
-0.020128
-0.072594
-0.098664
-0.034762
0.020974
0.051372
0.010749
0.031201
-0.014328
0.002739
0.062703
0.007737
-0.085737
0.040008
-0.004704
0.006658
0.033370
0.004834
-0.126075
0.081072
0.048871
0.049368
0.011766
0.000809
-0.005636
-0.045985
0.044280
0.036563
0.023868
0.083449
-0.021975
0.078100
0.008051
0.012369
0.028447
-0.043359
-0.024238
0.086892
-0.037832
-0.071329
-0.030472
-0.085337
0.000316
-0.062290
-0.035851
0.024594
0.016635
0.082780
0.034836
-0.025240
0.033881
-0.030526
0.005287
0.030843
0.067643
-0.092790
-0.105444
0.006590
-0.054014
0.041689
-0.003485
0.019066
0.000006
0.021789
0.029100
-0.042883
0.039961
0.001498
0.029182
0.022114
0.031670
0.028632
-0.000815
-0.057127
-0.100415
0.028689
-0.049828
-0.013970
0.107592
-0.016485
-0.161354
-0.088173
-0.017212
-0.002458
0.030624
-0.013102
-0.016880
0.013155
0.047248
-0.036932
0.034320
0.116043
0.056391
0.022633
-0.007309
-0.072431
-0.075035
-0.007333
-0.034252
-0.033204
0.018133
-0.059438
0.083435
0.029916
0.028870
0.011438
-0.022980
-0.065896
-0.071315
0.008818
0.051679
0.061184
-0.006925
0.012211
0.037151
0.022706
0.078737
0.111271
0.001853
0.136359
0.091666
0.055876
0.102799
0.159768
0.052737
0.033233
0.070900
0.060271
-0.068536
0.076804
-0.038486
-0.042026
0.005046
-0.059520
0.097663
0.053242
-0.017618
0.088132
0.094941
0.034031
-0.100036
-0.063246
0.003575
0.038185
-0.013107
-0.027074
0.000408
-0.035946
-0.061600
-0.066455
-0.002687
-0.011644
-0.128288
-0.098907
-0.068995
0.066848
-0.015882
0.002499
-0.103980
-0.081811
0.001824
-0.060946
-0.085675
-0.034345
-0.014702
0.007327
-0.001762
-0.048511
0.036791
-0.023534
-0.104566
0.007533
-0.038427
-0.042872
-0.069050
0.026795
0.110583
0.069226
0.066626
-0.081060
0.001457
-0.002338
-0.022665
-0.028685
0.074780
0.038249
0.001021
0.063781
-0.031106
-0.047138
0.037922
-0.020559
0.028360
0.023895
-0.004806
0.099070
0.056246
0.057798
0.067015
-0.009915
-0.165638
-0.018721
0.036398
-0.001611
-0.051397
0.008261
0.037559
0.001536
0.083851
-0.000454
0.016455
-0.025802
-0.036547
-0.138431
-0.081957
0.038845
0.064000
0.005343
-0.028077
-0.075302
-0.045191
0.064304
0.134045
0.122958
-0.026765
-0.077081
-0.032985
0.021907
-0.029796
-0.028072
-0.001669
0.021611
0.063724
0.012040
0.083133
0.058473
0.048780
0.008837
0.029597
0.012803
0.104604
0.049441
0.081374
0.058871
0.052829
0.109099
-0.023593
0.030145
0.039899
0.128863
0.041907
0.032540
0.049497
0.101657
0.022619
0.058308
-0.004455
-0.003031
0.020423
0.016668
-0.006124
0.008888
-0.004264
-0.017964
0.081278
0.023504
-0.022560
0.026414
0.000688
-0.022407
-0.080368
-0.105215
-0.069287
-0.070871
-0.064380
-0.052801
0.014699
0.011606
-0.023561
-0.044064
0.005873
-0.010368
0.052121
0.021656
0.065645
0.000387
-0.007630
0.102475
0.000350
0.053457
0.004720
-0.015169
-0.044863
-0.071431
0.062328
0.015237
-0.084016
-0.000826
-0.004651
0.024379
-0.016887
-0.057297
-0.062933
-0.062393
-0.067447
-0.048067
0.045590
-0.047495
-0.090469
0.044394
0.116917
0.036302
0.002571
-0.020368
-0.086346
-0.105811
-0.060514
0.014987
0.022562
0.013047
0.064407
-0.001194
-0.057312
0.012274
0.080565
0.083490
0.116807
0.047539
-0.009071
0.043803
0.037700
0.115418
0.082794
-0.076339
0.105731
0.091263
0.084546
0.016324
-0.015711
0.026412
0.094099
0.110673
0.041089
0.047345
0.046579
0.122225
-0.007680
-0.014697
-0.023807
0.022187
-0.026364
-0.023862
-0.022829
0.053317
-0.012454
-0.062450
0.012108
0.089121
0.095849
0.099537
0.023747
-0.019190
-0.059336
0.042005
0.029728
-0.026858
0.065540
0.041579
0.078125
0.014039
0.133332
0.016853
-0.036023
-0.028646
0.024868
-0.036000
0.002155
0.019620
0.041799
0.065496
0.054006
-0.045937
0.082336
0.067779
-0.051797
-0.007109
0.085687
0.019451
-0.025967
0.049995
0.130424
0.015506
0.015736
0.054792
-0.026958
-0.024623
0.077553
0.094979
-0.006335
0.065090
0.013562
-0.000106
0.015922
-0.005239
0.035358
0.062878
-0.012259
0.098851
-0.004268
0.018580
0.002311
0.063300
0.101452
0.038086
-0.021649
0.013376
-0.005281
0.006213
-0.104565
-0.018337
0.116067
0.058782
0.025630
0.043944
-0.006928
-0.024745
-0.158202
-0.068035
0.021169
0.035544
0.101587
0.069677
0.019796
0.088832
0.013603
0.062360
0.056943
0.017512
-0.043803
-0.029492
0.082232
-0.006111
0.076479
0.079304
-0.004283
-0.000936
-0.034940
0.105200
0.003765
-0.070157
-0.032519
-0.045045
0.021384
0.035281
0.080869
0.004955
0.020451
-0.015835
-0.087830
-0.041735
-0.014598
-0.100237
-0.031974
-0.099078
-0.110166
-0.082221
-0.006814
-0.007763
0.035963
-0.038122
0.015465
-0.037951
-0.038078
-0.066675
0.043632
-0.051143
-0.108412
-0.111102
-0.101286
-0.050164
-0.008608
-0.025093
0.036920
-0.038526
0.030268
0.024102
0.013546
0.020080
-0.042759
-0.035836
-0.075153
0.004214
-0.075790
-0.096328
-0.038730
0.010512
0.024557
0.036715
0.027820
-0.071991
0.006460
-0.006345
-0.027553
0.045835
0.045431
0.120895
0.054781
0.053898
0.054735
-0.057493
0.026461
0.007779
-0.033806
-0.060638
-0.083741
-0.023477
-0.067957
0.093821
-0.022285
0.034554
0.001295
-0.009283
0.067369
-0.050176
0.026094
0.019364
-0.000240
0.042269
-0.006075
-0.027334
0.063626
0.001648
-0.000076
-0.016855
-0.041539
-0.057729
-0.012605
-0.029694
-0.103363
0.009401
0.128670
0.036523
0.083127
0.083193
-0.083334
0.003323
-0.077721
-0.003265
-0.026298
0.081431
-0.045285
-0.091909
0.002898
-0.010537
0.153366
0.073196
-0.021433
0.056019
-0.017952
-0.020896
-0.001584
0.075730
0.010086
-0.000527
-0.051740
-0.015401
-0.019323
-0.018501
0.052361
-0.074216
-0.003135
-0.009994
-0.052284
-0.015853
-0.028372
0.013717
0.017771
0.062270
0.045505
0.021302
-0.140772
-0.037181
0.027647
0.054893
0.045894
0.086757
0.031146
0.111442
0.083865
0.071962
0.106652
0.026750
-0.053418
-0.025329
0.048098
0.049829
0.042077
0.020850
-0.037042
-0.030081
-0.085124
-0.047861
-0.080945
-0.084603
-0.004519
-0.004092
0.085318
0.016318
0.033527
-0.073127
0.039253
-0.031484
-0.085820
-0.038502
0.046240
-0.071928
-0.047433
0.020907
0.049295
0.044896
-0.085986
-0.019109
-0.027810
-0.020063
0.074726
-0.007331
0.081526
0.069584
0.032973
-0.000496
-0.000674
-0.014114
0.064903
0.031739
0.025036
0.021734
0.034385
0.023376
-0.064032
-0.077773
-0.061392
0.111173
-0.012048
-0.023009
-0.010120
-0.035758
0.044087
-0.016446
-0.088527
-0.034728
-0.010267
-0.041248
-0.075931
-0.027714
0.041297
0.032819
0.057589
0.017991
0.046357
0.103955
-0.059670
-0.021359
-0.015869
-0.020735
0.005399
0.053045
0.002056
0.016040
-0.083081
-0.088662
-0.035122
-0.098740
0.049829
0.022230
0.001335
0.021463
-0.105099
-0.023336
0.025253
0.100780
-0.008388
0.054950
0.149291
-0.015025
-0.037973
0.007485
-0.012949
0.041842
-0.013085
0.068221
-0.009012
-0.063475
0.013864
0.086047
0.076692
-0.042316
-0.007687
-0.120976
-0.019406
0.031769
0.023818
-0.035178
0.027419
-0.095710
0.039787
0.062750
-0.157955
-0.058707
-0.060485
-0.095271
-0.050077
0.036228
0.073230
0.047959
0.060607
-0.082256
-0.036740
0.023885
-0.009693
-0.044038
0.036607
0.006424
0.001600
0.080262
-0.001424
0.020429
0.068980
0.074793
-0.014409
-0.003797
0.056132
-0.035829
0.000072
0.029979
-0.042683
-0.005048
0.028585
0.089543
0.000521
0.105653
0.114567
-0.060736
-0.060047
-0.015861
0.027852
-0.002839
-0.089001
0.096104
0.069182
0.069319
-0.027609
0.006526
0.064014
0.030905
0.031400
-0.088128
-0.021661
-0.021340
0.013979
-0.007939
0.052305
-0.051839
-0.090603
-0.058424
-0.016094
0.094717
0.059619
-0.022983
-0.006766
-0.072310
-0.056688
0.044304
-0.019920
0.007023
0.144856
-0.000179
-0.069247
-0.015538
0.002614
0.075522
0.043817
-0.076395
0.016361
-0.036997
-0.016558
-0.005092
-0.076328
0.014404
0.039647
0.028194
0.044026
-0.018944
0.008585
-0.008825
-0.085820
0.098521
-0.025580
-0.075711
0.006963
0.094273
0.054953
0.059245
-0.019214
0.044531
-0.082072
-0.109895
-0.054902
0.019911
0.034750
-0.042611
-0.043100
0.010882
-0.029552
0.003467
-0.038715
-0.005818
-0.022517
-0.009028
-0.021070
-0.078129
-0.016629
-0.077425
-0.006710
0.011231
0.027213
-0.009835
-0.009598
0.008848
-0.046430
-0.047547
0.066160
-0.020152
-0.070841
-0.026433
0.057418
0.066124
0.139722
-0.077657
0.015315
0.059455
-0.006226
0.090561
0.146249
-0.044175
0.037977
-0.051532
-0.031889
-0.014961
0.004755
0.002073
-0.058418
0.002846
0.032808
-0.024641
0.015521
0.054770
-0.019823
0.060687
-0.006082
0.033571
0.029351
-0.020634
0.034408
-0.001873
-0.075801
-0.070668
-0.102243
-0.033409
-0.086422
0.004766
0.033609
-0.050035
0.021502
-0.027447
0.090477
0.026553
-0.066855
0.014042
0.006136
0.067881
0.006577
-0.048139
0.084754
0.002019
-0.023016
0.034953
0.019892
-0.031966
0.044355
0.006134
0.084860
0.111229
-0.017142
-0.015630
0.004518
0.072501
0.142752
0.010090
-0.018535
0.064889
-0.004157
0.020946
0.110070
0.036885
-0.005088
0.008379
0.063841
0.034482
0.094938
0.031279
0.036334
-0.067028
-0.024129
0.110111
0.048055
0.008811
-0.028571
0.045856
-0.022292
0.044828
0.046081
0.018358
0.002945
0.029318
-0.019312
-0.022167
0.042941
-0.059244
-0.030903
0.040212
-0.037781
0.076112
-0.002144
0.000898
0.063715
0.046366
0.053354
-0.076491
0.037689
0.123634
0.163392
0.085882
-0.015138
-0.041101
-0.016853
-0.115126
-0.002331
0.047761
0.005205
0.127062
0.025578
-0.005161
0.022888
-0.032087
-0.004097
0.037581
0.175831
0.056303
-0.022514
-0.013469
0.065362
0.083446
-0.003544
-0.008548
0.034576
0.105182
-0.031138
0.088097
0.017990
0.031179
0.006518
0.019717
0.027723
-0.021082
0.013396
-0.051474
0.047464
0.087670
-0.043340
-0.097602
0.001549
-0.033454
0.018588
0.076210
-0.000882
-0.031207
-0.031034
0.025176
-0.001120
0.038251
-0.018602
0.061087
0.042798
0.003795
0.087479
-0.037521
0.073209
0.030878
-0.060455
-0.004567
0.003747
0.027398
0.061254
0.012457
-0.001360
-0.034764
0.040721
0.047704
0.038295
-0.021514
0.039516
-0.052308
-0.060442
0.088146
-0.003856
0.090684
0.031325
0.030325
0.033223
0.055890
-0.018452
-0.040499
-0.008769
-0.019513
-0.002218
0.079899
0.008218
0.061362
0.030667
-0.018091
0.050417
0.048293
-0.056643
-0.063900
0.058135
0.150159
0.106862
0.037807
0.021024
-0.042708
-0.036471
-0.025489
-0.013664
-0.078815
-0.033570
-0.027083
0.054020
0.082734
0.020161
-0.069225
-0.000460
-0.012390
-0.036780
0.053102
0.108801
-0.052692
-0.075433
-0.033723
0.017415
-0.071655
-0.040148
-0.025391
0.050194
-0.030587
-0.033142
-0.050636
0.048104
0.046144
-0.007631
-0.091870
-0.082546
-0.021418
0.027785
0.055143
0.043159
-0.034873
0.059462
-0.053047
-0.002294
0.095186
0.012874
0.053375
0.081012
0.036093
0.082720
0.013311
-0.018255
-0.047675
0.029003
0.105761
0.059584
0.071409
0.040779
0.023676
0.050089
0.056982
0.102449
0.070405
0.077153
0.067266
-0.005100
-0.048078
-0.018680
0.016823
0.019823
0.099171
0.042189
0.047216
0.030471
-0.029029
0.050980
0.050653
0.078326
-0.011256
-0.063808
-0.089431
0.037797
0.053237
-0.020845
-0.065390
0.002009
-0.000914
0.071753
0.234432
0.091621
0.114080
0.019896
-0.016793
0.021135
0.041283
0.041189
-0.082574
-0.015577
0.042282
0.012127
0.035648
0.038020
0.040197
-0.003128
-0.022936
-0.029164
0.040456
-0.011483
0.058196
0.087764
-0.110074
-0.101499
-0.002962
-0.014399
-0.065368
-0.081050
-0.059318
0.053541
-0.024039
-0.072184
-0.026724
0.018329
0.090270
-0.011461
-0.009532
0.039293
-0.042975
0.062586
0.079037
-0.009182
-0.017079
0.001111
-0.007506
-0.003993
0.016445
0.022522
0.023315
0.065375
0.049345
0.074656
0.109575
0.023868
0.028392
0.111650
0.055125
-0.008574
0.006326
0.033225
0.019877
0.021410
-0.071512
0.034056
0.042885
-0.001313
0.052445
0.134536
0.131336
0.023384
0.078130
-0.001397
-0.020169
0.035728
0.028686
0.020473
0.077842
-0.071203
-0.015456
-0.037761
0.002144
-0.001242
-0.004620
0.030383
-0.059114
0.134978
0.119498
0.034229
0.009500
0.007487
0.039269
-0.009326
0.029330
-0.057199
-0.057129
-0.040497
-0.134621
0.044408
-0.025744
0.007361
-0.003995
-0.033627
-0.032654
-0.045379
0.035468
-0.041574
-0.036760
-0.003456
-0.024080
-0.027820
0.017630
-0.038126
0.010024
0.034993
-0.001511
-0.075838
0.023710
0.100139
0.012655
0.048783
0.038914
0.026906
0.023143
0.108047
0.046291
0.062802
-0.014068
-0.028653
0.026984
-0.037475
-0.013343
0.056545
0.002705
-0.002454
0.069498
0.015899
0.007151
-0.006173
0.107825
-0.063774
-0.009105
-0.041553
0.039814
0.077547
-0.037172
-0.035135
-0.030843
0.002534
0.092720
0.077657
0.006735
0.015648
0.029437
0.011243
0.059235
-0.032595
-0.025206
0.083813
-0.012622
-0.031060
-0.066472
-0.043120
-0.013768
0.006434
-0.037380
-0.003698
-0.047909
-0.015020
0.022421
0.025438
0.030286
0.019236
0.040908
0.031293
-0.043476
-0.062017
0.003659
-0.034960
0.046118
0.045049
-0.019580
-0.042730
0.011812
0.095025
0.076843
-0.033176
-0.029209
0.007376
0.010718
-0.005336
0.081309
0.061619
0.091799
0.030607
-0.023768
0.062734
0.046984
0.121710
0.009156
-0.005795
0.018001
-0.030998
-0.077287
0.019503
-0.023336
-0.040131
-0.039426
0.031121
0.059091
0.041322
-0.015270
0.005026
-0.014579
-0.039998
-0.015376
-0.016128
-0.032706
0.023949
0.020233
-0.041968
0.037405
0.009253
-0.079058
-0.009021
-0.070383
-0.004026
0.081339
-0.019869
0.040392
0.089421
0.123740
0.045484
0.046961
0.039204
0.023597
0.058450
0.041642
0.014745
0.030633
0.017414
0.034283
0.021262
0.095319
0.046786
0.045529
0.112177
0.026412
-0.063727
-0.033475
0.010234
0.096689
0.020979
-0.019345
0.037497
-0.051834
-0.012600
0.076311
0.048647
0.145744
0.062251
-0.013904
-0.059054
0.065227
0.096131
0.060472
0.109028
0.016478
0.003388
-0.058765
-0.016374
-0.006338
0.001771
-0.053785
0.060294
0.053112
-0.035475
0.053755
-0.005390
-0.038123
0.023306
-0.025811
0.021118
0.030753
-0.004713
0.039607
0.029966
-0.010578
0.085831
0.073761
-0.029243
0.096541
0.090021
0.105320
0.012538
0.014791
0.044677
-0.051714
0.031391
0.047395
-0.007966
-0.029002
0.116594
0.083130
0.018279
0.028472
-0.018679
-0.029629
-0.050279
0.027099
0.036879
0.029786
0.000044
0.027482
-0.073178
-0.068411
-0.029261
0.053459
0.118178
-0.047270
-0.024516
-0.000016
0.008373
0.023177
0.062442
-0.037994
0.000865
0.014784
-0.013844
0.082153
-0.028154
0.133613
0.011827
-0.066837
0.008219
-0.027296
0.006045
0.037383
-0.010615
-0.016154
0.119483
0.013479
-0.079389
-0.064748
-0.044063
0.030036
0.083880
0.111475
0.054976
0.071386
0.026547
0.006814
-0.064678
-0.069140
0.110363
0.020461
-0.012941
-0.004208
0.042737
-0.011298
0.000270
0.078729
0.003084
-0.005064
-0.013608
-0.026773
-0.021878
-0.010364
-0.022447
-0.021719
-0.048100
-0.052786
-0.046067
0.072540
0.007172
0.071871
0.078144
0.043564
0.025523
0.045202
0.014802
0.089804
0.168608
0.109916
0.081671
0.106713
0.052970
0.000779
-0.076889
0.015827
0.018321
-0.046147
0.008172
-0.036293
0.016719
0.029606
-0.019213
0.067314
-0.055527
0.006304
0.057037
0.011625
0.035017
-0.004077
0.024288
0.029601
-0.022037
0.039289
-0.071462
0.034995
-0.000139
0.097256
0.092726
-0.052681
0.002757
-0.004511
-0.009157
0.002870
-0.015377
-0.100758
0.016624
0.040389
-0.002757
0.027194
-0.028468
0.008706
-0.050312
-0.025209
0.000777
-0.071433
-0.037948
-0.071545
-0.040335
-0.034848
0.043583
0.006636
0.104279
-0.008747
0.052509
0.092823
0.024000
-0.105407
0.006465
0.001237
-0.008706
0.006158
-0.021644
0.079518
-0.016004
-0.051639
0.036826
0.014259
0.028741
0.040372
0.003286
-0.048803
0.074790
0.045743
-0.050960
-0.010721
-0.003649
0.004272
0.013859
-0.086841
-0.059033
-0.031494
-0.074488
-0.021804
0.045064
0.034419
0.024340
0.017665
-0.043141
0.081060
0.063490
-0.018372
0.166016
-0.002122
0.033538
0.068666
0.020573
-0.026717
-0.022485
-0.087571
0.010167
-0.051583
-0.016944
-0.042267
-0.095423
-0.035637
-0.022327
0.023055
0.037679
-0.065115
-0.006811
-0.101941
-0.192690
-0.046484
-0.021008
0.023595
-0.012417
-0.149646
-0.008989
0.061897
-0.008999
0.017579
0.029418
0.046508
0.021389
-0.035189
0.056111
0.026801
-0.088760
-0.003861
-0.012967
0.020515
-0.011394
0.015781
0.045647
0.005168
0.017882
0.001969
-0.004511
0.053875
0.000305
0.035178
-0.049149
-0.046168
-0.014073
-0.017817
0.018970
-0.047165
0.033899
0.033385
0.048201
-0.010521
-0.115500
-0.050673
0.052466
-0.057532
-0.070085
0.039236
0.041222
0.078643
0.021184
-0.023198
-0.038515
-0.059077
0.067457
0.059887
0.046575
0.035564
0.030111
0.022598
-0.056284
-0.120360
0.017471
0.030706
0.063377
0.115066
0.076449
0.115355
0.055561
-0.006651
0.000836
0.010378
0.059743
0.032864
0.101439
-0.005176
0.074105
0.121886
