0	60.740792
50	3.139079
100	2.102397
150	2.090695
200	1.847567
250	1.731583
300	1.440714
350	1.024331
400	1.284170
450	0.959761
500	1.169248
550	0.891652
600	0.669567
650	0.796738
700	0.689591
750	0.796940
800	0.729278
850	0.696183
900	0.914095
950	1.084328
1000	0.599961
1050	0.645017
1100	0.823703
1150	0.539543
1200	0.880196
1250	0.879717
1300	1.079606
1350	1.184590
1400	0.816406
1450	0.825672
1500	0.918456
1550	0.804193
1600	1.232390
1650	0.838260
1700	0.604113
1750	1.177687
1800	1.106791
1850	0.846579
1900	0.767052
1950	0.627852
2000	0.828811
2050	1.068231
2100	0.946510
2150	0.885007
2200	0.869973
2250	0.996720
2300	0.821859
2350	0.787495
2400	1.026650
2450	0.875526
2500	0.616375
2550	0.835531
2600	1.178472
2650	0.751265
2700	0.666108
2750	1.016090
2800	0.961760
2850	0.771902
2900	0.923761
2950	0.544714
3000	0.674871
3050	1.029366
3100	1.354045
3150	0.961260
3200	1.227647
3250	0.786017
3300	0.884268
3350	0.949843
3400	0.645385
3450	1.022333
3500	0.640021
3550	0.665391
3600	0.875818
3650	0.837679
3700	0.673442
3750	0.696282
3800	1.032701
3850	0.768515
3900	0.558287
3950	0.560105
4000	0.957404
4050	1.026329
4100	0.793543
4150	0.872067
4200	0.758626
4250	0.553072
4300	0.766327
4350	0.474501
4400	0.770911
4450	1.125873
4500	0.883955
4550	0.851565
4600	1.118775
4650	0.752876
4700	0.905985
4750	0.953742
4800	0.820768
4850	1.005155
4900	0.681403
4950	1.026121
5000	0.724078
5050	0.848647
5100	1.112664
5150	0.889800
5200	1.216106
5250	0.681190
5300	1.135613
5350	0.950313
5400	0.813193
5450	1.236283
5500	0.592676
5550	0.871913
5600	0.805352
5650	0.656047
5700	0.809759
5750	0.812478
5800	0.604738
5850	0.798966
5900	0.405056
5950	1.109144
6000	0.948850
6050	0.741414
6100	0.346447
6150	0.970141
6200	0.950537
6250	0.789094
6300	0.931022
6350	0.570822
6400	0.913196
6450	0.620786
6500	0.807147
6550	0.822193
6600	0.790237
6650	0.994069
6700	0.643892
6750	0.893546
6800	1.105147
6850	0.605516
6900	0.575566
6950	0.647865
7000	0.725026
7050	0.935501
7100	0.907491
7150	0.730826
7200	0.583229
7250	0.792897
7300	0.708631
7350	0.621143
7400	0.561445
7450	0.771776
7500	1.145397
7550	0.725153
7600	0.930705
7650	1.037847
7700	0.766726
7750	0.509747
7800	0.781675
7850	1.135001
7900	0.975296
7950	0.468921
8000	1.032220
8050	0.956613
8100	0.778359
8150	0.664632
8200	0.443709
8250	0.732728
8300	0.953395
8350	0.542633
8400	0.436731
8450	0.924665
8500	1.192270
8550	1.068224
8600	0.927916
8650	1.015910
8700	0.996373
8750	0.779847
8800	1.040614
8850	1.017589
8900	0.906727
8950	0.651565
9000	0.695705
9050	0.697767
9100	0.773093
9150	0.577593
9200	0.701703
9250	0.638599
9300	0.725274
9350	0.892357
9400	0.790751
9450	0.550300
9500	0.698313
9550	0.800971
9600	0.639265
9650	0.709757
9700	0.879834
9750	0.823937
9800	0.870681
9850	0.844739
9900	0.764148
9950	0.693547
10000	0.790868
10050	0.809340
10100	1.107166
10150	0.951767
10200	0.513065
10250	0.611217
10300	0.860124
10350	0.718510
10400	0.938024
10450	0.724253
10500	0.660012
10550	0.868218
10600	0.886392
10650	0.942808
10700	0.656719
10750	0.899943
10800	1.364096
10850	0.835924
10900	0.953085
10950	0.665795
11000	0.896987
11050	1.079624
11100	0.898653
11150	0.895037
11200	0.791680
11250	0.757173
11300	0.586939
11350	1.005544
11400	0.771839
11450	0.580671
11500	0.895244
11550	0.640769
11600	0.819159
11650	0.648128
11700	0.860888
11750	0.949580
11800	1.017246
11850	0.951192
11900	0.928314
11950	0.819950
12000	1.076104
12050	0.432200
12100	0.560012
12150	0.713957
12200	0.608900
12250	0.773067
12300	0.923014
12350	0.942403
12400	0.953279
12450	0.921908
12500	0.758508
12550	0.638156
12600	1.073240
12650	1.070004
12700	0.925131
12750	0.865433
12800	0.597233
12850	0.892557
12900	0.955342
12950	0.777545
13000	0.837736
13050	0.635150
13100	0.658487
13150	0.960215
13200	0.799436
13250	0.883915
13300	0.760603
13350	0.619884
13400	0.571449
13450	1.220707
13500	0.988252
13550	1.012398
13600	0.866925
13650	0.620841
13700	0.733885
13750	1.093925
13800	0.789156
13850	0.819923
13900	0.810478
13950	0.888627
14000	1.005698
14050	0.855077
14100	1.047867
14150	0.864912
14200	1.045652
14250	1.034349
14300	0.936319
14350	0.825049
14400	1.118557
14450	0.624360
14500	0.906689
14550	0.594174
14600	0.821575
14650	0.628364
14700	0.551701
14750	0.626135
14800	1.398754
14850	0.686093
14900	1.045049
14950	0.717577
15000	0.754662
15050	0.837962
15100	0.719259
15150	0.902502
15200	0.461728
15250	1.109978
15300	0.725974
15350	1.070022
15400	1.237480
15450	0.998069
15500	0.814398
15550	0.984653
15600	0.923757
15650	0.547552
15700	0.666611
15750	0.928295
15800	0.561637
15850	0.538201
15900	0.941160
15950	0.894774
16000	0.911305
16050	0.513315
16100	0.609177
16150	0.795110
16200	0.805709
16250	0.691660
16300	0.762950
16350	0.710270
16400	0.855974
16450	0.666441
16500	0.782103
16550	0.648185
16600	1.039080
16650	0.992783
16700	0.403077
16750	0.929754
16800	0.844456
16850	0.965189
16900	0.946033
16950	0.778424
17000	0.857139
17050	1.119856
17100	0.852967
17150	0.300484
17200	1.042361
17250	0.783613
17300	1.061256
17350	0.879860
17400	1.075952
17450	0.899075
17500	0.985492
17550	0.929648
17600	0.800009
17650	0.921300
17700	0.806074
17750	0.778612
17800	0.872717
17850	0.699273
17900	0.929963
17950	1.000986
18000	0.759980
18050	0.749105
18100	0.633896
18150	0.938021
18200	0.780953
18250	0.896002
18300	0.805952
18350	1.164750
18400	0.401016
18450	0.769533
18500	0.534908
18550	0.829915
18600	1.252450
18650	0.638480
18700	0.901790
18750	0.762860
18800	0.860578
18850	1.038901
18900	0.651355
18950	0.657476
19000	0.427941
19050	0.648161
19100	0.817373
19150	0.619496
19200	0.683653
19250	0.622254
19300	0.545890
19350	0.444118
19400	0.809999
19450	0.386697
19500	0.767850
19550	0.919527
19600	0.918968
19650	0.840692
19700	0.848922
19750	0.666277
19800	0.870271
19850	0.654679
19900	0.507757
19950	0.716457
20000	0.735290
20050	1.066575
20100	0.984732
20150	0.672619
20200	0.944382
20250	0.889706
20300	0.838610
20350	0.650346
20400	0.979850
20450	0.845651
20500	0.840892
20550	0.473437
20600	0.909403
20650	0.804899
20700	0.695251
20750	0.665165
20800	0.739506
20850	0.670339
20900	0.619686
20950	0.702135
21000	0.959037
21050	0.871229
21100	0.613731
21150	0.595924
21200	0.762449
21250	0.838156
21300	0.779276
21350	0.714019
21400	0.630844
21450	0.898208
21500	0.915912
21550	0.781594
21600	0.870757
21650	0.904091
21700	0.783115
21750	0.876711
21800	1.063869
21850	0.688158
21900	0.871933
21950	1.056258
22000	0.800592
22050	0.753190
22100	0.869186
22150	1.106477
22200	0.830153
22250	0.735796
22300	0.650323
22350	0.883345
22400	0.982499
22450	0.854519
22500	0.869930
22550	0.611004
22600	0.600891
22650	0.961716
22700	0.777956
22750	0.621048
22800	1.080633
22850	0.724139
22900	0.824232
22950	0.728674
23000	0.373655
23050	0.926930
23100	0.905282
23150	0.450773
23200	0.681979
23250	0.791189
23300	0.945383
23350	0.764797
23400	0.877495
23450	0.770068
23500	1.124167
23550	0.796855
23600	0.936749
23650	0.633947
23700	0.878501
23750	0.961932
23800	0.868983
23850	0.743081
23900	0.570936
23950	0.783631
24000	1.141205
24050	0.773448
24100	0.867840
24150	0.491233
24200	0.456980
24250	0.970805
24300	0.687128
24350	0.622423
24400	1.047814
24450	0.903716
24500	0.869101
24550	0.834121
24600	0.516717
24650	1.235292
24700	0.637913
24750	0.490624
24800	0.951742
24850	1.117525
24900	0.708063
24950	0.913234
25000	0.740893
25050	0.578783
25100	0.683361
25150	0.831390
25200	0.719171
25250	0.518930
25300	1.085871
25350	0.886023
25400	0.573493
25450	0.728306
25500	0.858869
25550	0.958240
25600	0.963809
25650	0.632789
25700	0.966208
25750	0.721726
25800	0.892529
25850	1.078369
25900	0.896313
25950	0.829738
26000	0.945334
26050	0.594507
26100	0.920403
26150	0.410342
26200	0.865663
26250	0.850958
26300	1.004510
26350	1.028075
26400	1.063505
26450	0.799951
26500	0.546043
26550	0.583708
26600	0.336687
26650	1.073628
26700	0.873853
26750	0.587694
26800	0.722733
26850	0.910112
26900	0.911340
26950	0.828637
27000	0.947862
27050	1.061982
27100	0.735065
27150	0.946880
27200	0.765846
27250	0.880403
27300	0.896927
27350	0.474992
27400	0.820814
27450	1.238710
27500	0.734804
27550	0.757006
27600	0.765270
27650	0.833154
27700	0.681264
27750	0.750267
27800	0.969960
27850	0.733432
27900	0.754956
27950	0.692753
28000	1.036034
28050	0.630906
28100	0.896619
28150	0.709553
28200	0.816133
28250	0.540638
28300	0.203277
28350	0.684229
28400	0.850987
28450	0.630471
28500	0.777929
28550	0.747407
28600	0.840891
28650	0.869909
28700	0.805098
28750	0.644864
28800	0.828423
28850	0.906513
28900	1.064349
28950	0.772387
29000	0.313934
29050	0.366314
29100	0.896222
29150	0.872043
29200	1.004648
29250	0.918160
29300	0.825600
29350	0.723916
29400	1.043004
29450	0.974364
29500	0.730255
29550	0.545513
29600	1.011121
29650	0.967027
29700	1.035436
29750	0.970380
29800	0.555157
29850	0.764094
29900	0.649897
29950	0.688148
30000	0.875593
30050	0.660065
30100	0.725862
30150	0.926553
30200	0.925904
30250	1.014606
30300	0.782346
30350	0.745786
30400	0.230154
30450	0.491537
30500	0.484002
30550	0.640862
30600	0.514170
30650	0.717793
30700	0.881244
30750	0.494829
30800	1.127767
30850	0.817704
30900	1.014570
30950	0.934538
31000	0.569404
31050	0.754318
31100	0.626870
31150	0.720006
31200	1.165505
31250	0.994054
31300	0.709858
31350	0.658557
31400	0.718780
31450	0.864877
31500	0.843747
31550	0.820576
31600	0.682319
31650	0.568217
31700	0.813823
31750	0.502122
31800	0.482310
31850	0.672407
31900	0.668700
31950	0.822050
32000	0.789412
32050	0.722727
32100	0.637332
32150	0.664218
32200	1.093070
32250	0.762733
32300	0.856539
32350	0.862531
32400	0.760286
32450	0.770718
32500	0.736221
32550	0.967561
32600	1.244433
32650	0.838175
32700	1.046410
32750	0.817633
32800	0.661214
32850	0.777720
32900	0.687911
32950	0.990344
33000	1.157131
33050	0.519093
33100	0.829257
33150	0.775578
33200	0.420907
33250	0.748093
33300	0.838562
33350	1.207561
33400	0.655818
33450	0.484057
33500	0.652550
33550	0.653449
33600	0.771783
33650	0.903521
33700	0.729927
33750	1.050598
33800	0.834747
33850	0.571048
33900	0.532389
33950	0.425420
34000	0.588671
34050	0.849745
34100	0.626723
34150	0.731702
34200	0.309416
34250	0.741766
34300	1.070612
34350	0.821509
34400	0.854340
34450	0.672576
34500	0.661288
34550	0.841087
34600	1.013137
34650	0.620084
34700	0.758706
34750	0.596699
34800	0.880382
34850	0.852589
34900	0.759512
34950	0.691900
35000	0.495528
35050	0.888797
35100	0.828250
35150	0.770966
35200	0.925627
35250	0.555931
35300	0.767389
35350	0.846902
35400	0.885627
35450	0.959117
35500	0.520450
35550	0.678809
35600	0.670832
35650	0.822701
35700	0.560999
35750	0.999942
35800	0.665150
35850	0.819168
35900	0.943979
35950	0.752275
36000	1.153809
36050	0.484652
36100	0.748636
36150	0.539828
36200	0.932162
36250	0.983168
36300	0.838969
36350	0.663584
36400	1.041318
36450	0.974941
36500	0.880890
36550	0.801865
36600	0.508045
36650	0.431042
36700	0.889016
36750	0.891757
36800	0.800426
36850	0.617168
36900	1.000569
36950	0.791199
37000	0.729142
37050	0.802046
37100	0.887632
37150	0.822785
37200	1.095094
37250	1.098187
37300	0.885006
37350	0.798745
37400	0.754448
37450	0.921536
37500	0.734029
37550	0.736921
37600	0.953568
37650	0.702303
37700	0.643193
37750	0.825825
37800	0.946475
37850	0.756065
37900	0.752580
37950	0.609031
38000	0.976707
38050	0.690566
38100	0.595707
38150	0.828075
38200	1.090610
38250	0.816519
38300	0.881466
38350	0.564957
38400	0.758945
38450	0.913596
38500	0.880822
38550	0.667862
38600	0.729165
38650	1.127458
38700	0.931910
38750	0.742481
38800	0.750046
38850	0.959372
38900	0.913404
38950	0.929244
39000	0.955977
39050	0.824656
39100	0.922973
39150	0.937932
39200	0.840095
39250	0.709429
39300	1.032967
39350	0.784723
39400	0.756908
39450	0.477508
39500	0.830110
39550	0.777742
39600	1.145587
39650	0.711834
39700	0.784794
39750	0.862875
39800	0.602888
39850	0.855785
39900	0.830705
39950	0.808662
40000	0.721732
40050	0.930460
40100	0.509195
40150	0.778968
40200	0.809037
40250	0.879658
40300	0.579053
40350	0.871994
40400	0.720698
40450	0.856896
40500	0.879603
40550	0.686686
40600	0.859734
40650	0.925520
40700	0.624191
40750	0.714594
40800	0.668865
40850	0.823820
40900	0.543774
40950	1.020318
41000	0.623394
41050	0.616920
41100	0.441089
41150	1.143846
41200	0.824909
41250	0.725250
41300	0.549832
41350	0.755035
41400	0.850553
41450	0.908115
41500	1.099057
41550	0.890590
41600	0.566346
41650	0.691238
41700	0.960566
41750	0.565729
41800	0.698039
41850	0.917051
41900	0.441571
41950	0.901849
42000	0.764166
42050	1.143661
42100	0.515386
42150	0.630111
42200	0.864949
42250	0.768256
42300	0.691565
42350	0.693450
42400	0.787979
42450	0.672497
42500	0.707278
42550	1.033273
42600	0.900654
42650	0.467559
42700	1.101211
42750	0.723400
42800	0.736138
42850	0.589612
42900	0.630536
42950	0.841847
43000	0.931694
43050	0.813514
43100	0.826100
43150	0.687751
43200	0.656836
43250	0.427770
43300	0.514643
43350	1.017780
43400	0.906927
43450	0.974201
43500	0.627221
43550	1.022736
43600	0.915728
43650	0.868694
43700	0.789436
43750	0.766294
43800	1.212783
43850	0.939233
43900	0.740757
43950	1.026490
44000	0.916390
44050	0.716615
44100	0.611375
44150	1.010145
44200	0.410468
44250	0.504013
44300	0.988347
44350	1.013003
44400	0.830841
44450	1.201811
44500	0.767240
44550	0.780795
44600	0.702645
44650	0.704454
44700	0.702528
44750	0.595857
44800	0.596053
44850	0.697767
44900	0.480754
44950	0.827199
45000	0.521312
45050	0.490508
45100	0.845427
45150	0.885789
45200	0.560992
45250	0.848209
45300	0.481256
45350	0.445366
45400	1.071585
45450	0.862353
45500	0.823763
45550	1.134975
45600	1.154792
45650	1.064772
45700	0.950386
45750	0.667293
45800	0.937816
45850	0.619665
45900	0.546381
45950	0.607714
46000	0.595858
46050	0.940451
46100	0.811780
46150	1.031431
46200	0.546869
46250	0.556154
46300	0.571800
46350	0.676702
46400	0.571436
46450	0.852213
46500	0.828817
46550	0.829007
46600	0.705821
46650	0.816105
46700	0.913926
46750	0.601701
46800	0.899783
46850	0.720335
46900	0.804977
46950	0.821632
47000	0.798890
47050	0.566607
47100	0.543235
47150	0.605994
47200	0.736294
47250	0.706787
47300	1.095237
47350	1.010077
47400	0.913965
47450	1.012545
47500	0.701919
47550	0.831807
47600	0.478000
47650	0.877821
47700	0.693198
47750	0.705066
47800	0.758459
47850	0.682260
47900	0.833079
47950	0.536224
48000	1.017975
48050	0.626307
48100	0.796507
48150	0.869661
48200	0.709642
48250	0.958410
48300	0.802161
48350	0.794463
48400	0.743748
48450	0.837303
48500	0.695078
48550	0.955925
48600	0.960768
48650	0.742372
48700	0.806697
48750	0.909865
48800	0.770418
48850	0.532440
48900	0.854270
48950	0.697522
49000	0.683025
49050	0.913464
49100	0.794647
49150	1.120163
49200	0.979775
49250	0.856535
49300	0.779725
49350	1.320267
49400	0.817916
49450	1.056810
49500	0.809305
49550	0.992920
49600	0.662480
49650	0.864667
49700	0.669348
49750	0.968146
49800	0.591368
49850	0.573217
49900	0.541722
49950	0.612927
50000	0.893235
50050	0.995419
50100	0.556739
50150	0.344735
50200	0.627909
50250	0.621146
50300	0.884522
50350	0.831038
50400	0.554852
50450	1.267315
50500	1.061379
50550	0.498680
50600	0.786743
50650	1.182304
50700	0.792782
50750	0.822804
50800	0.900740
50850	0.780529
50900	0.929305
50950	0.757531
51000	0.484911
51050	0.433110
51100	0.516919
51150	0.451512
51200	0.831858
51250	0.769529
51300	0.729448
51350	0.766395
51400	0.768562
51450	0.730989
51500	0.516949
51550	0.647347
51600	0.956705
51650	0.720400
51700	0.496471
51750	0.835958
51800	0.998201
51850	0.840389
51900	0.835974
51950	0.468724
52000	0.899124
52050	1.289082
52100	0.469646
52150	1.119715
52200	0.799327
52250	0.766303
52300	0.402885
52350	0.694418
52400	0.968711
52450	1.002098
52500	0.967324
52550	0.957531
52600	1.007095
52650	1.057348
52700	0.699633
52750	0.954978
52800	0.695987
52850	0.793446
52900	0.589679
52950	0.956367
53000	0.908566
53050	0.666252
53100	0.978359
53150	0.852529
53200	1.050935
53250	0.808526
53300	1.183120
53350	0.947208
53400	0.789316
53450	0.768150
53500	0.800430
53550	0.655335
53600	0.819439
53650	0.873789
53700	0.517654
53750	1.042748
53800	1.035849
53850	0.877268
53900	0.721436
53950	0.969758
54000	0.736943
54050	1.014154
54100	0.996369
54150	0.654457
54200	1.144879
54250	0.879974
54300	1.089904
54350	0.986162
54400	0.954561
54450	0.702304
54500	0.822023
54550	0.903931
54600	1.017697
54650	0.978477
54700	0.931760
54750	0.736298
54800	0.913957
54850	0.707651
54900	0.728555
54950	0.752386
55000	0.721567
55050	0.988682
55100	1.055792
55150	0.910352
55200	0.852628
55250	0.857396
55300	0.843368
55350	0.600229
55400	0.386772
55450	0.665419
55500	1.075001
55550	1.021930
55600	0.893736
55650	0.766030
55700	0.698647
55750	0.930710
55800	0.943111
55850	0.815210
55900	0.968220
55950	0.623274
56000	1.018863
56050	0.770618
56100	0.910096
56150	0.693161
56200	0.924433
56250	0.781408
56300	0.615729
56350	0.489804
56400	0.740897
56450	0.994331
56500	0.808146
56550	0.909005
56600	0.916178
56650	0.633796
56700	0.734517
56750	1.033411
56800	0.972019
56850	0.779422
56900	0.671132
56950	0.394973
57000	0.583205
57050	0.884725
57100	1.078575
57150	0.951847
57200	0.841024
57250	0.780025
57300	0.708962
57350	0.783192
57400	0.738709
57450	0.553013
57500	0.897341
57550	0.790132
57600	0.878227
57650	0.508149
57700	0.514085
57750	0.742443
57800	0.855916
57850	0.698247
57900	0.737871
57950	0.913521
58000	0.920499
58050	0.676191
58100	0.815159
58150	0.548574
58200	0.808138
58250	0.720407
58300	0.582019
58350	1.164857
58400	0.659369
58450	0.632741
58500	0.891297
58550	0.849691
58600	0.499748
58650	1.065373
58700	0.596911
58750	0.952782
58800	0.849807
58850	0.793863
58900	1.037312
58950	0.452722
59000	0.675745
59050	0.839376
59100	0.751305
59150	1.125403
59200	0.638781
59250	0.872679
59300	0.907639
59350	0.626111
59400	0.547192
59450	0.329240
59500	0.850823
59550	0.539583
59600	0.798188
59650	0.784719
59700	0.757469
59750	0.694564
59800	0.529087
59850	0.665397
59900	0.507227
59950	0.767005
60000	0.871309
60050	0.618399
60100	0.680428
60150	0.829326
60200	0.909448
60250	0.696002
60300	0.659203
60350	0.974786
60400	0.836629
60450	0.437774
60500	0.482457
60550	0.602686
60600	0.776537
60650	0.659061
60700	0.620664
60750	0.633134
60800	0.771987
60850	0.838863
60900	1.032168
60950	0.552619
61000	0.649527
61050	0.514975
61100	0.830100
61150	0.735968
61200	0.631834
61250	0.608205
61300	0.617444
61350	1.026099
61400	0.663402
61450	0.797990
61500	0.633003
61550	1.025170
61600	0.690932
61650	0.461414
61700	0.795726
61750	1.016820
61800	0.622059
61850	0.496251
61900	0.733276
61950	0.903882
62000	0.506710
62050	0.686130
62100	0.625493
62150	0.740112
62200	1.024149
62250	0.756629
62300	1.192239
62350	0.741252
62400	0.738894
62450	0.920690
62500	0.832322
62550	0.728359
62600	0.391121
62650	0.810908
62700	1.116785
62750	0.600296
62800	0.887002
62850	0.791244
62900	0.869641
62950	0.720994
63000	0.875041
63050	0.903163
63100	0.641740
63150	0.891766
63200	0.870470
63250	0.924767
63300	0.723590
63350	0.698368
63400	0.643811
63450	0.670325
63500	1.050421
63550	1.011088
63600	0.752602
63650	0.989561
63700	0.560712
63750	0.741954
63800	0.688710
63850	1.024453
63900	1.057195
63950	0.635267
64000	0.913331
64050	1.060457
64100	0.915812
64150	1.027697
64200	0.740633
64250	1.305690
64300	1.023055
64350	1.076317
64400	1.089120
64450	0.861953
64500	0.922392
64550	0.878370
64600	0.973087
64650	0.775574
64700	1.022337
64750	1.209173
64800	0.835234
64850	0.638111
64900	1.124563
64950	0.721150
65000	0.902123
65050	0.713683
65100	0.785716
65150	0.690605
65200	0.933162
65250	0.803105
65300	0.513650
65350	0.757964
65400	0.731914
65450	0.479639
65500	0.537708
65550	0.489758
65600	0.880577
65650	0.537461
65700	0.516246
65750	0.751122
65800	0.651878
65850	0.507362
65900	0.513492
65950	0.998951
66000	0.865071
66050	0.941786
66100	0.673498
66150	0.906892
66200	0.888183
66250	0.875118
66300	0.745943
66350	0.602520
66400	0.524941
66450	0.509819
66500	0.763851
66550	0.822368
66600	0.444759
66650	0.852512
66700	0.980157
66750	1.076180
66800	1.077343
66850	0.940724
66900	0.650302
66950	0.610051
67000	0.943401
67050	0.515526
67100	0.812679
67150	0.578009
67200	0.830021
67250	0.713980
67300	0.974448
67350	0.753756
67400	0.816642
67450	0.901563
67500	0.871007
67550	0.716802
67600	0.772653
67650	0.836765
67700	0.798723
67750	0.814262
67800	1.060128
67850	1.024489
67900	0.906213
67950	1.127897
68000	0.744398
68050	0.841094
68100	0.759469
68150	0.699468
68200	0.962460
68250	0.773631
68300	0.691724
68350	0.719089
68400	0.787340
68450	0.862487
68500	0.761751
68550	0.925204
68600	0.923285
68650	0.817151
68700	0.598638
68750	0.748886
68800	0.909633
68850	0.724515
68900	0.437225
68950	0.639154
69000	0.443900
69050	0.510438
69100	0.887878
69150	0.956230
69200	0.632606
69250	0.731310
69300	0.636084
69350	0.830395
69400	0.995706
69450	0.856822
69500	0.742669
69550	0.703860
69600	0.974204
69650	0.898227
69700	1.122696
69750	0.943106
69800	0.516705
69850	0.913476
69900	0.576705
69950	0.791976
70000	0.523581
70050	0.933315
70100	0.736945
70150	0.609888
70200	0.663409
70250	0.805587
70300	0.751528
70350	0.620439
70400	0.933729
70450	0.469579
70500	0.370298
70550	1.010605
70600	0.897885
70650	0.726548
70700	0.857262
70750	0.499616
70800	0.893083
70850	0.999370
70900	0.630396
70950	0.886120
71000	0.722328
71050	1.073982
71100	0.716876
71150	0.839939
71200	0.822408
71250	1.021964
71300	0.837653
71350	0.758183
71400	0.703125
71450	0.715475
71500	1.085576
71550	0.720121
71600	0.679504
71650	0.785434
71700	0.746604
71750	0.771782
71800	0.513060
71850	0.904593
71900	0.720012
71950	0.768826
72000	0.912513
72050	0.735110
72100	0.813034
72150	0.700413
72200	0.700284
72250	0.754084
72300	0.928992
72350	0.991722
72400	0.848260
72450	0.635702
72500	0.963535
72550	0.932765
72600	0.881719
72650	0.955727
72700	0.911370
72750	0.786955
72800	0.768754
72850	0.785213
72900	0.804506
72950	0.704066
73000	0.784001
73050	0.914232
73100	0.637409
73150	1.079375
73200	0.919894
73250	1.062336
73300	0.700034
73350	0.785902
73400	0.640598
73450	0.838811
73500	0.430046
73550	0.724655
73600	0.502312
73650	0.601522
73700	0.203982
73750	0.632496
73800	0.860044
73850	0.878499
73900	0.722746
73950	0.587965
74000	0.998249
74050	0.715214
74100	1.042168
74150	0.861435
74200	0.841137
74250	0.809932
74300	0.764564
74350	0.904203
74400	0.751618
74450	0.705566
74500	0.643583
74550	0.787454
74600	0.734561
74650	0.746450
74700	0.736757
74750	0.941975
74800	0.811222
74850	1.001143
74900	0.878171
74950	0.878232
75000	0.729418
75050	0.967399
75100	0.774079
75150	0.561699
75200	0.373746
75250	0.495269
75300	0.652478
75350	0.782329
75400	0.792690
75450	0.676291
75500	0.689333
75550	0.648987
75600	1.055637
75650	0.900782
75700	0.876663
75750	0.993117
75800	0.735195
75850	0.846786
75900	0.905524
75950	0.795601
76000	0.839576
76050	0.487009
76100	0.743122
76150	0.789276
76200	0.744980
76250	0.940476
76300	1.079520
76350	0.812268
76400	0.815207
76450	0.734722
76500	0.715981
76550	0.809133
76600	0.756021
76650	1.003381
76700	0.997748
76750	0.778683
76800	0.621849
76850	1.088074
76900	1.007472
76950	0.802237
77000	0.858994
77050	0.888868
77100	0.666842
77150	1.139460
77200	0.684388
77250	0.701657
77300	1.062245
77350	0.706282
77400	1.007560
77450	0.894977
77500	1.126121
77550	0.735038
77600	0.874679
77650	0.678557
77700	0.865197
77750	0.879561
77800	0.647673
77850	0.728503
77900	0.743525
77950	0.923269
78000	0.867760
78050	0.852026
78100	0.813106
78150	0.830400
78200	0.772837
78250	0.694492
78300	1.079662
78350	0.849068
78400	0.538801
78450	1.085577
78500	1.046544
78550	0.716787
78600	0.972951
78650	0.855318
78700	0.912345
78750	0.470116
78800	0.559287
78850	0.827766
78900	0.911962
78950	0.959125
79000	0.856048
79050	1.069747
79100	0.586841
79150	1.083248
79200	0.969272
79250	0.951457
79300	0.884788
79350	0.864556
79400	0.769688
79450	1.079526
79500	0.690440
79550	0.891996
79600	1.202979
79650	0.829729
79700	0.851713
79750	0.619520
79800	0.989812
79850	0.779842
79900	0.659583
79950	0.751644
80000	0.689000
80050	0.712237
80100	0.713581
80150	0.457905
80200	0.522864
80250	0.728081
80300	0.431437
80350	0.789171
80400	0.541524
80450	0.865900
80500	0.816388
80550	0.899195
80600	1.038173
80650	0.604895
80700	0.860371
80750	1.023808
80800	0.854807
80850	1.035877
80900	1.108885
80950	0.939197
81000	0.969178
81050	0.797167
81100	0.698601
81150	0.805318
81200	0.630910
81250	0.910652
81300	0.795925
81350	0.799582
81400	0.886122
81450	0.894096
81500	0.931848
81550	0.933574
81600	1.173997
81650	1.064581
81700	0.582681
81750	1.078563
81800	0.583080
81850	0.988426
81900	0.831696
81950	0.820022
82000	0.501087
82050	0.442191
82100	0.731967
82150	1.080321
82200	1.033670
82250	0.873266
82300	0.609861
82350	0.747258
82400	0.831381
82450	0.758716
82500	0.753460
82550	0.593305
82600	0.667350
82650	0.584170
82700	0.757608
82750	0.880337
82800	0.949951
82850	0.884021
82900	1.024374
82950	1.213476
83000	1.056043
83050	0.737898
83100	0.501650
83150	0.893395
83200	0.895839
83250	0.936456
83300	0.795873
83350	0.836733
83400	0.623755
83450	0.807373
83500	0.787662
83550	0.590991
83600	0.914534
83650	0.864411
83700	0.869308
83750	0.533747
83800	0.884797
83850	0.955522
83900	0.904283
83950	0.573852
84000	0.521124
84050	0.819479
84100	0.775821
84150	0.643460
84200	0.636913
84250	0.691340
84300	0.462159
84350	0.894802
84400	0.857983
84450	0.922604
84500	0.593898
84550	0.706884
84600	0.836279
84650	0.711493
84700	0.625553
84750	0.860804
84800	0.953428
84850	1.111171
84900	0.664296
84950	0.665371
85000	0.933906
85050	0.851541
85100	0.785901
85150	0.864282
85200	0.855589
85250	0.480893
85300	0.971786
85350	0.792935
85400	0.643749
85450	1.011232
85500	0.301496
85550	0.913795
85600	0.777647
85650	1.067960
85700	0.786145
85750	0.721098
85800	1.027345
85850	1.251754
85900	0.817865
85950	0.793155
86000	0.720222
86050	0.903880
86100	0.754415
86150	0.735187
86200	0.964470
86250	0.670513
86300	0.551698
86350	0.478559
86400	0.893433
86450	0.692294
86500	0.957043
86550	0.764535
86600	0.762091
86650	0.792212
86700	0.599820
86750	0.986503
86800	0.634095
86850	0.648533
86900	1.167329
86950	0.675765
87000	0.808892
87050	0.441609
87100	0.832695
87150	0.677682
87200	0.914711
87250	0.875254
87300	0.562411
87350	0.954780
87400	1.031994
87450	0.673572
87500	0.813495
87550	0.234894
87600	0.550742
87650	0.949374
87700	0.433736
87750	0.670147
87800	0.700759
87850	0.695116
87900	0.846250
87950	0.981215
88000	0.898993
88050	0.793642
88100	0.766196
88150	1.059853
88200	0.569740
88250	0.849992
88300	0.766989
88350	0.867488
88400	1.021698
88450	0.846592
88500	1.112101
88550	0.636900
88600	0.924467
88650	0.881027
88700	0.567083
88750	0.684548
88800	0.320959
88850	0.830642
88900	0.731576
88950	1.034709
89000	0.597005
89050	0.863315
89100	0.655690
89150	0.924320
89200	0.906392
89250	1.163661
89300	0.714565
89350	0.861029
89400	0.944975
89450	0.907275
89500	0.686654
89550	0.804269
89600	0.781244
89650	0.646481
89700	0.659452
89750	0.666511
89800	0.807347
89850	0.783312
89900	0.532822
89950	0.478242
90000	0.705777
90050	0.857434
90100	0.717803
90150	0.775258
90200	0.980344
90250	0.553464
90300	0.559390
90350	0.793691
90400	0.660785
90450	0.516398
90500	0.684782
90550	0.775587
90600	0.768388
90650	0.503866
90700	0.572537
90750	0.852426
90800	0.818159
90850	0.720238
90900	0.549800
90950	0.586169
91000	0.978223
91050	0.872172
91100	0.867160
91150	0.660146
91200	0.828750
91250	0.649218
91300	0.945344
91350	0.910041
91400	0.777343
91450	0.628679
91500	0.664612
91550	0.782534
91600	0.785232
91650	0.858869
91700	0.554323
91750	0.236627
91800	0.793028
91850	0.849453
91900	0.751415
91950	1.029715
92000	0.627784
92050	0.875703
92100	0.619389
92150	0.875994
92200	0.448195
92250	0.843481
92300	0.769324
92350	0.919393
92400	0.845155
92450	1.069647
92500	0.670764
92550	0.562989
92600	1.022894
92650	0.932550
92700	1.056998
92750	0.710110
92800	0.487073
92850	0.706533
92900	0.677780
92950	0.538234
93000	0.794533
93050	0.519142
93100	0.882418
93150	0.952689
93200	0.943324
93250	0.914499
93300	0.732335
93350	0.729749
93400	0.818744
93450	0.666679
93500	0.601639
93550	0.556700
93600	0.941742
93650	0.922417
93700	1.082781
93750	0.835771
93800	1.191589
93850	0.926074
93900	0.948551
93950	0.938860
94000	0.749043
94050	0.552166
94100	0.871909
94150	0.552712
94200	0.813081
94250	0.703638
94300	0.692350
94350	0.719646
94400	0.737810
94450	0.957730
94500	0.850865
94550	0.452606
94600	0.639886
94650	0.696836
94700	0.471545
94750	0.790330
94800	0.883953
94850	0.818488
94900	0.458239
94950	0.600376
95000	0.953624
95050	1.032830
95100	0.645385
95150	0.784650
95200	0.895887
95250	0.736235
95300	0.609257
95350	1.094557
95400	1.121347
95450	0.639606
95500	0.783385
95550	0.788449
95600	0.930889
95650	1.105154
95700	1.125823
95750	0.634062
95800	0.703166
95850	0.925866
95900	0.661601
95950	0.638139
96000	1.021580
96050	0.871322
96100	0.855768
96150	0.895437
96200	0.850307
96250	0.748524
96300	0.347125
96350	0.763367
96400	0.981941
96450	0.647211
96500	0.854838
96550	1.112548
96600	0.427310
96650	0.689968
96700	0.756929
96750	0.639319
96800	1.045037
96850	0.629764
96900	0.939985
96950	0.510308
97000	1.176333
97050	0.947871
97100	0.744349
97150	0.749001
97200	0.690536
97250	0.793744
97300	0.653973
97350	0.991249
97400	0.622601
97450	0.965514
97500	1.092185
97550	0.996642
97600	0.797106
97650	0.831147
97700	0.956859
97750	0.765059
97800	0.861402
97850	0.710262
97900	0.791176
97950	0.824274
98000	0.729545
98050	0.532052
98100	0.676058
98150	0.559831
98200	0.729314
98250	0.610652
98300	0.924177
98350	0.807278
98400	1.107677
98450	0.898819
98500	0.827871
98550	0.676488
98600	0.816559
98650	0.912763
98700	0.656725
98750	0.609546
98800	1.009546
98850	1.031859
98900	0.882268
98950	0.871685
99000	0.729554
99050	0.824052
99100	0.683472
99150	0.902347
99200	0.693485
99250	0.876860
99300	1.197980
99350	0.944460
99400	1.161802
99450	0.985755
99500	0.762936
99550	0.714082
99600	0.768358
99650	0.520956
99700	1.036940
99750	1.080458
99800	1.009279
99850	0.583639
99900	0.704444
99950	0.832949
100000	0.959859
100050	0.963075
100100	0.716349
100150	0.674172
100200	0.821844
100250	0.823283
100300	0.882866
100350	1.006491
100400	1.067184
100450	0.555072
100500	0.603675
100550	0.747587
100600	0.862015
100650	0.830627
100700	0.642814
100750	1.011400
100800	0.851710
100850	0.885777
100900	0.552404
100950	0.843280
101000	1.086971
101050	0.980802
101100	1.015717
101150	1.023356
101200	0.953610
101250	0.903731
101300	0.571116
101350	0.880845
101400	0.662617
101450	0.868383
101500	0.812705
101550	0.679379
101600	0.820292
101650	0.695094
101700	0.790583
101750	0.885416
101800	0.606280
101850	0.898556
101900	0.725889
101950	0.610076
102000	0.895546
102050	0.986300
102100	0.864344
102150	0.754756
102200	0.768259
102250	0.745733
102300	1.030234
102350	0.711413
102400	0.674873
102450	0.624934
102500	0.812725
102550	0.833861
102600	0.169722
102650	1.015060
102700	0.990973
102750	0.451738
102800	0.785608
102850	0.857192
102900	0.966507
102950	1.083971
103000	0.466590
103050	0.732619
103100	0.972588
103150	0.610958
103200	1.010436
103250	1.019650
103300	0.847817
103350	0.792709
103400	0.620088
103450	0.736459
103500	0.803390
103550	0.685536
103600	0.711644
103650	1.013983
103700	0.537999
103750	0.857805
103800	0.845801
103850	0.649947
103900	0.877140
103950	0.836632
104000	0.610153
104050	0.665493
104100	0.698415
104150	0.910405
104200	0.782732
104250	0.692207
104300	0.709047
104350	0.679861
104400	0.684258
104450	0.863435
104500	1.240330
104550	0.681360
104600	0.499253
104650	0.854432
104700	0.575887
104750	0.647039
104800	0.724126
104850	0.615121
104900	0.967427
104950	0.766968
105000	0.962495
105050	0.658548
105100	0.768109
105150	0.884855
105200	0.946570
105250	0.695556
105300	0.747364
105350	0.788102
105400	0.872261
105450	0.848255
105500	0.697097
105550	0.685324
105600	0.822267
105650	0.795311
105700	0.671492
105750	0.720704
105800	1.054685
105850	0.935325
105900	1.035559
105950	1.023818
106000	0.545101
106050	0.745864
106100	0.695678
106150	0.703678
106200	0.853928
106250	1.110964
106300	0.805955
106350	0.687093
106400	0.789534
106450	0.668810
106500	0.457548
106550	0.826175
106600	0.840299
106650	0.621083
106700	0.815913
106750	0.719960
106800	1.208419
106850	0.515742
106900	0.939065
106950	0.421294
107000	0.908332
107050	0.463486
107100	0.778658
107150	0.864222
107200	0.840069
107250	0.354198
107300	0.939817
107350	0.572073
107400	0.286984
107450	0.618198
107500	0.583036
107550	0.810771
107600	0.756219
107650	1.002470
107700	0.976836
107750	0.887094
107800	0.844561
107850	0.732147
107900	0.442657
107950	0.835630
108000	0.686465
108050	1.000766
108100	0.717959
108150	0.589609
108200	0.792703
108250	0.903937
108300	0.944724
108350	0.687303
108400	0.688684
108450	0.664498
108500	0.984506
108550	0.720058
108600	0.538360
108650	0.552295
108700	0.655874
108750	0.500020
108800	0.825159
108850	0.873812
108900	0.631193
108950	0.727400
109000	0.513132
109050	0.718926
109100	0.641079
109150	0.848671
109200	0.687353
109250	1.206843
109300	0.580572
109350	0.585607
109400	0.719857
109450	0.748637
109500	0.914252
109550	1.078996
109600	0.977236
109650	0.736534
109700	0.694074
109750	0.630601
109800	0.550502
109850	0.636801
109900	0.762012
109950	0.509277
110000	0.791749
110050	0.469708
110100	0.709609
110150	0.318317
110200	0.891227
110250	0.504123
110300	0.708531
110350	0.521164
110400	0.450036
110450	0.763117
110500	0.926403
110550	0.605634
110600	1.085588
110650	0.805502
110700	0.775816
110750	0.964488
110800	1.050242
110850	0.995362
110900	0.748902
110950	0.394327
111000	0.694707
111050	0.923708
111100	0.657605
111150	0.947450
111200	0.656413
111250	1.093721
111300	0.848995
111350	0.556834
111400	0.693875
111450	0.806886
111500	0.814014
111550	0.421646
111600	0.689157
111650	1.121951
111700	0.748015
111750	0.949670
111800	0.860332
111850	0.741681
111900	0.969611
111950	0.777341
112000	0.662572
112050	0.571576
112100	0.406873
112150	0.696263
112200	0.869211
112250	1.014095
112300	0.777996
112350	0.727261
112400	0.503887
112450	0.667675
112500	0.658829
112550	0.607384
112600	0.710300
112650	0.594193
112700	0.495734
112750	0.904007
112800	0.629030
112850	0.448549
112900	0.954861
112950	0.898255
113000	0.820259
113050	0.746237
113100	0.522898
113150	0.687428
113200	0.529211
113250	0.767136
113300	0.716305
113350	0.811019
113400	0.702708
113450	0.701404
113500	0.739317
113550	0.754245
113600	1.132676
113650	0.801885
113700	0.533956
113750	0.662075
113800	0.956817
113850	0.860999
113900	0.824417
113950	0.973971
114000	0.904538
114050	0.701329
114100	0.728100
114150	0.689970
114200	0.493108
114250	0.641520
114300	0.902491
114350	0.666094
114400	0.899888
114450	0.764844
114500	0.552297
114550	0.894696
114600	0.609627
114650	0.870662
114700	0.790414
114750	0.788224
114800	0.642250
114850	0.746937
114900	0.859388
114950	0.746345
115000	1.057265
115050	0.785138
115100	0.638816
115150	0.257139
115200	0.886058
115250	0.878751
115300	0.769743
115350	0.762101
115400	0.887031
115450	0.488234
115500	0.630739
115550	0.677023
115600	0.775898
115650	0.637492
115700	0.773786
115750	0.795988
115800	0.975047
115850	0.496496
115900	0.864462
115950	0.949110
116000	0.618444
116050	0.595954
116100	0.973955
116150	0.902253
116200	0.871485
116250	0.853338
116300	0.867825
116350	0.696498
116400	1.194210
116450	0.599820
116500	0.798331
116550	0.869061
116600	1.004714
116650	1.004512
116700	1.016425
116750	0.649803
116800	0.971895
116850	0.625616
116900	0.943842
116950	0.878105
117000	0.783112
117050	0.663943
117100	0.691329
117150	0.842058
117200	0.585910
117250	0.836922
117300	1.043904
117350	0.753801
117400	0.980561
117450	0.846552
117500	0.712077
117550	0.868190
117600	0.814859
117650	0.695590
117700	0.712948
117750	0.778265
117800	1.142191
117850	0.716546
117900	0.641640
117950	1.121219
118000	0.817713
118050	0.652589
118100	0.969376
118150	0.874586
118200	0.619189
118250	0.655584
118300	1.004411
118350	0.801024
118400	0.951326
118450	0.846808
118500	0.490521
118550	0.854965
118600	0.431070
118650	0.979693
118700	0.888749
118750	0.751423
118800	0.945594
118850	0.998472
118900	0.950594
118950	1.080646
119000	0.872462
119050	0.846830
119100	0.732989
119150	0.928549
119200	0.691907
119250	0.533601
119300	0.959835
119350	0.855851
119400	0.733545
119450	0.911321
119500	0.929154
119550	0.766392
119600	1.056157
119650	0.749089
119700	0.432629
119750	0.938124
119800	0.534759
119850	0.468490
119900	0.797226
119950	0.829691
120000	0.688707
120050	0.637490
120100	0.579695
120150	0.856332
120200	0.807077
120250	0.686997
120300	0.636107
120350	0.912066
120400	0.774935
120450	0.838057
120500	0.820745
120550	0.515286
120600	0.494375
120650	0.665830
120700	1.045916
120750	0.735634
120800	0.887488
120850	0.946291
120900	0.822234
120950	0.648407
121000	0.759021
121050	0.863007
121100	0.786766
121150	0.822417
121200	1.149468
121250	0.818870
121300	1.078180
121350	0.928235
121400	0.806832
121450	0.734556
121500	0.777131
121550	0.571952
121600	0.760813
121650	0.632100
121700	0.713360
121750	0.810152
121800	0.598551
121850	0.652429
121900	0.946580
121950	0.377098
122000	0.553471
122050	0.748476
122100	0.815779
122150	0.504121
122200	0.950483
122250	0.954684
122300	0.605301
122350	0.878749
122400	0.871423
122450	0.625623
122500	1.188484
122550	0.959608
122600	0.719612
122650	1.018955
122700	0.816452
122750	0.554845
122800	1.221991
122850	0.827397
122900	0.724960
122950	0.585491
123000	0.763346
123050	0.898006
123100	0.962734
123150	0.851313
123200	0.869569
123250	0.758114
123300	0.593875
123350	0.854659
123400	0.892892
123450	0.841493
123500	0.439034
123550	0.653649
123600	0.667353
123650	0.868639
123700	0.636938
123750	0.546814
123800	0.847266
123850	0.550580
123900	0.699429
123950	0.665486
124000	0.720949
124050	0.810885
124100	0.692465
124150	0.909274
124200	0.686602
124250	0.801413
124300	0.780632
124350	0.511356
124400	0.994528
124450	1.001652
124500	0.968823
124550	0.488323
124600	0.933264
124650	0.977892
124700	0.794878
124750	0.933920
124800	0.957028
124850	0.745184
124900	0.967347
124950	0.772715
125000	0.895975
125050	1.078325
125100	1.012207
125150	0.641336
125200	0.858727
125250	0.963217
125300	0.720733
125350	0.835581
125400	0.702827
125450	0.746881
125500	0.920932
125550	0.579697
125600	0.659577
125650	0.709416
125700	0.971675
125750	0.381388
125800	0.876272
125850	1.006363
125900	0.624210
125950	0.544716
126000	0.473198
126050	0.509216
126100	0.782135
126150	0.691381
126200	0.608485
126250	0.833648
126300	0.819016
126350	0.440654
126400	0.939717
126450	0.724023
126500	1.010672
126550	0.602716
126600	0.658749
126650	1.040603
126700	0.688058
126750	0.678354
126800	0.518411
126850	0.636122
126900	0.610401
126950	0.408517
127000	0.607077
127050	0.767198
127100	0.671146
127150	0.958929
127200	0.507368
127250	0.784006
127300	0.817339
127350	0.772748
127400	0.647092
127450	0.956774
127500	0.634841
127550	0.413556
127600	0.941865
127650	0.805089
127700	0.954102
127750	0.781172
127800	0.990954
127850	0.890875
127900	0.914741
127950	0.715034
128000	0.899600
128050	0.862591
128100	0.741765
128150	0.783614
128200	0.976140
128250	1.130696
128300	0.994780
128350	0.856468
128400	0.959700
128450	0.881568
128500	0.452130
128550	0.878415
128600	0.867328
128650	0.706977
128700	0.965247
128750	0.941469
128800	0.812877
128850	0.880340
128900	0.959873
128950	0.934389
129000	0.778892
129050	0.957657
129100	0.908998
129150	0.889305
129200	0.935290
129250	1.002864
129300	0.818101
129350	0.661955
129400	0.756382
129450	0.870616
129500	0.592827
129550	0.560942
129600	0.822998
129650	0.315059
129700	0.564945
129750	0.810413
129800	1.096291
129850	0.900309
129900	0.667264
129950	0.830794
130000	0.873447
130050	0.859851
130100	0.773169
130150	0.840089
130200	0.831885
130250	0.875053
130300	0.834094
130350	0.575997
130400	0.612801
130450	0.761035
130500	1.144086
130550	0.712148
130600	0.642357
130650	0.851371
130700	0.584042
130750	0.651985
130800	0.723893
130850	0.641418
130900	0.936407
130950	0.658629
131000	0.871173
131050	0.881451
131100	0.739668
131150	0.434332
131200	1.047467
131250	0.968053
131300	0.967389
131350	0.777957
131400	0.663968
131450	0.956210
131500	0.782853
131550	0.607467
131600	0.930817
131650	0.630667
131700	1.106978
131750	0.836514
131800	0.977850
131850	0.772849
131900	0.678394
131950	0.946770
132000	0.801487
132050	0.675178
132100	0.986512
132150	0.822023
132200	0.490027
132250	1.118342
132300	0.723408
132350	0.734728
132400	0.814605
132450	0.792822
132500	0.970377
132550	0.762924
132600	0.615076
132650	0.741668
132700	0.574365
132750	0.620367
132800	0.803703
132850	0.530271
132900	0.836051
132950	0.781358
133000	0.806754
133050	0.624950
133100	0.797508
133150	0.848786
133200	0.906539
133250	0.601553
133300	0.902769
133350	0.809683
133400	0.776522
133450	0.802973
133500	1.084948
133550	1.084909
133600	0.587435
133650	0.662291
133700	0.878939
133750	0.570943
133800	0.456457
133850	0.834953
133900	0.840542
133950	0.795570
134000	0.761787
134050	0.597454
134100	1.150647
134150	0.796303
134200	0.955675
134250	0.990189
134300	1.064162
134350	0.998812
134400	0.915369
134450	0.519561
134500	0.838528
134550	0.923266
134600	0.683696
134650	0.790923
134700	0.666208
134750	0.759430
134800	0.711124
134850	1.121902
134900	0.669500
134950	0.939755
135000	0.970646
135050	0.700469
135100	0.964892
135150	0.921514
135200	0.987836
135250	0.740073
135300	0.757915
135350	0.793194
135400	0.883014
135450	1.285854
135500	0.865774
135550	0.545289
135600	0.596635
135650	0.643677
135700	0.883111
135750	0.900797
135800	0.903628
135850	0.954155
135900	1.059005
135950	0.431218
136000	0.694957
136050	0.507035
136100	0.606150
136150	0.689936
136200	0.573958
136250	0.892751
136300	1.212493
136350	0.535660
136400	0.692273
136450	0.701889
136500	0.782467
136550	0.916486
136600	0.821278
136650	0.509307
136700	0.702456
136750	0.774058
136800	1.021776
136850	0.760465
136900	0.811550
136950	0.681232
137000	0.732169
137050	0.830269
137100	0.753431
137150	0.512745
137200	0.780228
137250	0.759106
137300	0.730705
137350	0.694429
137400	0.820255
137450	0.860658
137500	0.736225
137550	0.929158
137600	0.591766
137650	0.815292
137700	1.043340
137750	0.780658
137800	0.892371
137850	0.748993
137900	0.771979
137950	0.596592
138000	0.558267
138050	0.751807
138100	0.652038
138150	0.976418
138200	0.760626
138250	0.765163
138300	0.378101
138350	0.384217
138400	0.901280
138450	0.989773
138500	0.873223
138550	0.603525
138600	0.820478
138650	0.745515
138700	0.747143
138750	0.678014
138800	0.787097
138850	1.143261
138900	0.711160
138950	1.168417
139000	0.813132
139050	0.713307
139100	0.824808
139150	0.574455
139200	0.496592
139250	0.793593
139300	0.715300
139350	0.957150
139400	0.678220
139450	0.743192
139500	0.990319
139550	1.032135
139600	0.839309
139650	0.742348
139700	0.586361
139750	1.045386
139800	0.657628
139850	0.845617
139900	0.623166
139950	0.821437
140000	1.014984
140050	1.101391
140100	0.917243
140150	0.829372
140200	0.665054
140250	1.039287
140300	0.822262
140350	0.669261
140400	0.889311
140450	0.926683
140500	0.775381
140550	0.441175
140600	0.599698
140650	0.832990
140700	0.565162
140750	0.706890
140800	1.035470
140850	0.904540
140900	1.055361
140950	0.868516
141000	0.812850
141050	0.672156
141100	0.618480
141150	0.667648
141200	0.885713
141250	0.889766
141300	0.833189
141350	0.875233
141400	0.719574
141450	0.699982
141500	0.601533
141550	0.510940
141600	1.009045
141650	0.690758
141700	0.922806
141750	0.770767
141800	1.169910
141850	0.885369
141900	0.907067
141950	0.789409
142000	1.121324
142050	0.808841
142100	0.857117
142150	0.646009
142200	0.818398
142250	0.900652
142300	0.870348
142350	1.102763
142400	0.717010
142450	0.806667
142500	0.841971
142550	0.971857
142600	0.866890
142650	0.890074
142700	0.655074
142750	0.605720
142800	1.055804
142850	0.867925
142900	0.536935
142950	0.522107
143000	0.415662
143050	0.592270
143100	1.236793
143150	0.904018
143200	1.082235
143250	0.839075
143300	0.852537
143350	0.775779
143400	0.358492
143450	0.814558
143500	0.942340
143550	0.689220
143600	0.890840
143650	0.918133
143700	1.031431
143750	0.443152
143800	0.835500
143850	0.616862
143900	0.752437
143950	0.694796
144000	0.540016
144050	0.781564
144100	0.675247
144150	0.845249
144200	0.699762
144250	0.692322
144300	0.525781
144350	0.989994
144400	0.913096
144450	1.003760
144500	0.472341
144550	0.737387
144600	0.840133
144650	0.392802
144700	0.673862
144750	0.569900
144800	0.964070
144850	1.081927
144900	0.861368
144950	0.446703
145000	0.945401
145050	0.721756
145100	0.881241
145150	0.890392
145200	0.958408
145250	0.926421
145300	0.681609
145350	0.672483
145400	0.744709
145450	0.801478
145500	0.543524
145550	0.829498
145600	0.600802
145650	0.542174
145700	0.639499
145750	0.538961
145800	0.708966
145850	0.534343
145900	0.947213
145950	1.014643
146000	0.848604
146050	0.312886
146100	0.437852
146150	0.639137
146200	0.787861
146250	0.583107
146300	0.827175
146350	0.742355
146400	0.401275
146450	0.607495
146500	1.045992
146550	0.549607
146600	0.674508
146650	0.789781
146700	0.526699
146750	0.649803
146800	0.830562
146850	0.841223
146900	0.949052
146950	0.841602
147000	0.785277
147050	0.700365
147100	0.701663
147150	0.768534
147200	0.918545
147250	1.065511
147300	0.614581
147350	0.653209
147400	0.874531
147450	0.799390
147500	0.688785
147550	0.700199
147600	0.941233
147650	0.646975
147700	0.926969
147750	1.053448
147800	0.462193
147850	0.790231
147900	0.776974
147950	0.863679
148000	0.755949
148050	0.461344
148100	0.860186
148150	1.140703
148200	0.794514
148250	0.912946
148300	0.877310
148350	0.621684
148400	0.919677
148450	0.563082
148500	0.597775
148550	0.644524
148600	0.753438
148650	0.571366
148700	0.654849
148750	0.693799
148800	0.661775
148850	0.862792
148900	0.801184
148950	0.807883
149000	0.471520
149050	0.891235
149100	0.824791
149150	0.782761
149200	0.647936
149250	0.685009
149300	0.727766
149350	0.445468
149400	1.029905
149450	0.956038
149500	0.783292
149550	0.916369
149600	0.376284
149650	0.944635
149700	0.933034
149750	0.730659
149800	0.806113
149850	0.585561
149900	0.877531
149950	0.674973
150000	0.788113
150050	0.557253
150100	0.897531
150150	0.783591
150200	1.071240
150250	0.891609
150300	1.072595
150350	1.048059
150400	0.652914
150450	0.585829
150500	0.771365
150550	1.016682
150600	0.699534
150650	0.689523
150700	0.747630
150750	0.655674
150800	0.380736
150850	0.788820
150900	0.482466
150950	0.545580
151000	0.937421
151050	0.735693
151100	0.936093
151150	0.716508
151200	0.564403
151250	0.369679
151300	0.637290
151350	0.763686
151400	1.011203
151450	0.716863
151500	0.917531
151550	0.548792
151600	0.989367
151650	1.072885
151700	0.734825
151750	1.006782
151800	0.516982
151850	0.923790
151900	0.891194
151950	0.874256
152000	0.843111
152050	0.755402
152100	0.896079
152150	1.001761
152200	0.708661
152250	0.734297
152300	0.712534
152350	1.098986
152400	0.697559
152450	0.695963
152500	0.788094
152550	0.927633
152600	0.903901
152650	0.492846
152700	0.754451
152750	0.453216
152800	0.605441
152850	0.682456
152900	0.581761
152950	0.677857
153000	0.725948
153050	0.649658
153100	0.730690
153150	1.135481
153200	0.657403
153250	0.835907
153300	0.714869
153350	0.678949
153400	0.790451
153450	0.735927
153500	0.701008
153550	0.740414
153600	0.906060
153650	0.668743
153700	0.754602
153750	0.490117
153800	0.261677
153850	0.744079
153900	1.058737
153950	0.862182
154000	1.015076
154050	0.404871
154100	0.392241
154150	0.880789
154200	0.691264
154250	0.710709
154300	0.945634
154350	0.946052
154400	0.602443
154450	0.808207
154500	1.101275
154550	0.930022
154600	1.029153
154650	1.086621
154700	0.799434
154750	0.690363
154800	0.993418
154850	0.806905
154900	0.918405
154950	1.073269
155000	0.706900
155050	0.684508
155100	0.680346
155150	0.836599
155200	1.020653
155250	0.891830
155300	0.400212
155350	0.602237
155400	0.877252
155450	0.261843
155500	0.823658
155550	0.935889
155600	0.563982
155650	0.945900
155700	0.947113
155750	0.664025
155800	0.521764
155850	0.735361
155900	0.972616
155950	0.756559
156000	0.755146
156050	0.902328
156100	0.869380
156150	0.768065
156200	0.545849
156250	0.775003
156300	0.739723
156350	0.909986
156400	0.773111
156450	0.680601
156500	0.912821
156550	0.767392
156600	0.519399
156650	0.839738
156700	1.146996
156750	0.987621
156800	0.907211
156850	0.857768
156900	0.705668
156950	0.899740
157000	0.751243
157050	0.734307
157100	0.964639
157150	0.844180
157200	0.744978
157250	1.043802
157300	0.982381
157350	0.735694
157400	0.763570
157450	0.863091
157500	0.865967
157550	0.869703
157600	0.967476
157650	0.610112
157700	0.549055
157750	0.615196
157800	0.762679
157850	0.342920
157900	0.860076
157950	1.125508
158000	1.181271
158050	1.108015
158100	1.006142
158150	0.663903
158200	0.911214
158250	0.729059
158300	0.955772
158350	0.929153
158400	0.795813
158450	0.563660
158500	0.744854
158550	0.757760
158600	0.955608
158650	0.960841
158700	0.782792
158750	0.497981
158800	0.687120
158850	0.508818
158900	0.698033
158950	0.867093
159000	0.528949
159050	0.522669
159100	0.893190
159150	0.682357
159200	1.122151
159250	0.987142
159300	0.632925
159350	0.821741
159400	1.031955
159450	0.655978
159500	0.709106
159550	0.754176
159600	0.747205
159650	0.674891
159700	0.720606
159750	0.843666
159800	0.715303
159850	1.286143
159900	0.755013
159950	1.002648
160000	0.672898
160050	0.579361
160100	0.593866
160150	0.617104
160200	0.951682
160250	0.761261
160300	0.647085
160350	1.063711
160400	0.854591
160450	0.481994
160500	1.022810
160550	0.892784
160600	0.706267
160650	0.674403
160700	0.541620
160750	0.796482
160800	0.647040
160850	0.499361
160900	1.310679
160950	0.701955
161000	0.893166
161050	0.750789
161100	0.718242
161150	0.595866
161200	0.846696
161250	0.895480
161300	0.705156
161350	0.799052
161400	0.889920
161450	0.781548
161500	0.783623
161550	0.460659
161600	0.775082
161650	0.943911
161700	0.871808
161750	0.987658
161800	0.717471
161850	0.750461
161900	0.837242
161950	0.905418
162000	0.736882
162050	0.920499
162100	0.870781
162150	0.729425
162200	0.739914
162250	0.728256
162300	0.810516
162350	0.858028
162400	1.229549
162450	0.871085
162500	1.062881
162550	0.924969
162600	0.694440
162650	0.671291
162700	0.859433
162750	1.091021
162800	0.622508
162850	0.571900
162900	0.205832
162950	0.517890
163000	0.398740
163050	0.826008
163100	0.470659
163150	0.638557
163200	0.788065
163250	0.516606
163300	1.091679
163350	0.889357
163400	0.966272
163450	0.821910
163500	0.771145
163550	1.079863
163600	0.911973
163650	0.816753
163700	0.622534
163750	0.665162
163800	1.113175
163850	0.817882
163900	0.931504
163950	0.820730
164000	0.869279
164050	0.929108
164100	0.847089
164150	0.789154
164200	0.629955
164250	0.993618
164300	0.774261
164350	1.047798
164400	0.667228
164450	0.523048
164500	1.152114
164550	0.890664
164600	0.855757
164650	0.921951
164700	0.775701
164750	0.528881
164800	1.030922
164850	0.899170
164900	0.887559
164950	0.527993
165000	0.671898
165050	0.778414
165100	0.932691
165150	1.319637
165200	0.816136
165250	0.531920
165300	0.707507
165350	0.905471
165400	0.633451
165450	0.437193
165500	0.899686
165550	0.785420
165600	0.598940
165650	0.558477
165700	0.825531
165750	0.683391
165800	1.002961
165850	0.753322
165900	0.703328
165950	0.795964
166000	0.629704
166050	0.856341
166100	0.581420
166150	0.620364
166200	0.791372
166250	0.871285
166300	0.953875
166350	0.668336
166400	0.589442
166450	0.487880
166500	0.686624
166550	0.545585
166600	0.891301
166650	0.497483
166700	1.098066
166750	0.911188
166800	0.715963
166850	0.868892
166900	0.877368
166950	0.989098
167000	1.007622
167050	0.647187
167100	0.607317
167150	0.819411
167200	0.917465
167250	0.791135
167300	0.629469
167350	0.659225
167400	0.452067
167450	0.690496
167500	0.817694
167550	0.721648
167600	1.076833
167650	1.018290
167700	0.909873
167750	0.929639
167800	0.612002
167850	1.096171
167900	0.833957
167950	1.075658
168000	0.891625
168050	0.923112
168100	0.678142
168150	0.933148
168200	0.766559
168250	0.988087
168300	0.585459
168350	0.436661
168400	0.722894
168450	0.740491
168500	0.867175
168550	0.860880
168600	0.814452
168650	0.640336
168700	0.924671
168750	0.929022
168800	0.731246
168850	0.613875
168900	0.749242
168950	0.547255
169000	0.816545
169050	0.841923
169100	1.050598
169150	0.653958
169200	0.785681
169250	0.604782
169300	0.535414
169350	1.111337
169400	0.932728
169450	0.716095
169500	0.803415
169550	0.798848
169600	0.673011
169650	0.427522
169700	0.800044
169750	0.512670
169800	0.758354
169850	0.767869
169900	0.837055
169950	0.876295
170000	0.844717
170050	0.598349
170100	0.632937
170150	0.500957
170200	0.484532
170250	0.772201
170300	1.049719
170350	0.561338
170400	0.859801
170450	1.073685
170500	0.473497
170550	0.545360
170600	0.700457
170650	0.578560
170700	0.579918
170750	0.538013
170800	0.799182
170850	0.631951
170900	0.458586
170950	0.346125
171000	0.717944
171050	0.781680
171100	0.860209
171150	0.783162
171200	0.809369
171250	0.971132
171300	0.926907
171350	0.551361
171400	0.557610
171450	0.701490
171500	0.794294
171550	0.767998
171600	0.708464
171650	0.963271
171700	1.188286
171750	0.782959
171800	0.730758
171850	0.838552
171900	0.951603
171950	0.836305
172000	0.776289
172050	0.711200
172100	0.639967
172150	0.715719
172200	0.552766
172250	0.942939
172300	0.862678
172350	0.645103
172400	0.653116
172450	0.819261
172500	0.945498
172550	1.070537
172600	0.958821
172650	0.964943
172700	0.656931
172750	1.019850
172800	0.885729
172850	0.827751
172900	0.692485
172950	0.687857
173000	0.968760
173050	1.015146
173100	0.786550
173150	1.051587
173200	1.037532
173250	1.000419
173300	1.149110
173350	0.720083
173400	0.856207
173450	0.989890
173500	0.891196
173550	0.647851
173600	0.929698
173650	0.913704
173700	0.928801
173750	0.700427
173800	0.828565
173850	1.224020
173900	0.045800
173950	0.767713
174000	0.814630
174050	0.727767
174100	0.834150
174150	1.046514
174200	0.613457
174250	0.955761
174300	1.080303
174350	0.966633
174400	0.808501
174450	0.906365
174500	0.768209
174550	0.871653
174600	1.123810
174650	1.010174
174700	0.966896
174750	0.672425
174800	1.010058
174850	1.008267
174900	0.702361
174950	0.608674
175000	0.771993
175050	1.097192
175100	0.717587
175150	0.673563
175200	0.509365
175250	1.031657
175300	0.529356
175350	0.822809
175400	1.199904
175450	0.668166
175500	0.845522
175550	0.717806
175600	0.960342
175650	0.291562
175700	0.910583
175750	0.552249
175800	0.867402
175850	0.713127
175900	0.693870
175950	0.686601
176000	0.812017
176050	0.875843
176100	0.718654
176150	0.385542
176200	0.591641
176250	0.580271
176300	0.928881
176350	0.703386
176400	0.659683
176450	0.740000
176500	0.834046
176550	0.879214
176600	1.015150
176650	0.749010
176700	0.950799
176750	0.929835
176800	0.779690
176850	0.694591
176900	1.220932
176950	0.708443
177000	0.949415
177050	0.972461
177100	0.941451
177150	0.658871
177200	0.978062
177250	0.552891
177300	0.548121
177350	0.616449
177400	0.717371
177450	0.767386
177500	0.950065
177550	0.456131
177600	0.633943
177650	0.819700
177700	0.685507
177750	0.836787
177800	0.800971
177850	1.021049
177900	0.491438
177950	1.009019
178000	0.878326
178050	0.623967
178100	0.519007
178150	0.911554
178200	0.458413
178250	0.976288
178300	0.845021
178350	0.898541
178400	0.830267
178450	0.932768
178500	0.847453
178550	1.100651
178600	1.157252
178650	0.635932
178700	0.851018
178750	0.669485
178800	0.871944
178850	0.435507
178900	1.010033
178950	0.703309
179000	0.594996
179050	0.732832
179100	0.833559
179150	0.536158
179200	0.628267
179250	1.043386
179300	0.848205
179350	0.633123
179400	0.529585
179450	0.667026
179500	0.655739
179550	0.656152
179600	0.874151
179650	0.847892
179700	0.795665
179750	0.697790
179800	1.113180
179850	0.860355
179900	0.781527
179950	0.711476
180000	0.804822
180050	0.805103
180100	0.577695
180150	0.528023
180200	0.822911
180250	0.711072
180300	0.721293
180350	0.540142
180400	0.462316
180450	0.826247
180500	0.400691
180550	0.815463
180600	0.740110
180650	0.906405
180700	0.706117
180750	0.640412
180800	0.655239
180850	0.903127
180900	1.063182
180950	0.608567
181000	0.613877
181050	0.908440
181100	1.033928
181150	0.793673
181200	1.032974
181250	0.976135
181300	0.814485
181350	1.048677
181400	0.640260
181450	0.667600
181500	0.721347
181550	0.674804
181600	0.696484
181650	0.956381
181700	0.697262
181750	0.729558
181800	0.667753
181850	0.993306
181900	0.604316
181950	0.847387
182000	0.836462
182050	0.744048
182100	0.829834
182150	0.775229
182200	0.692321
182250	0.912482
182300	0.911644
182350	0.702081
182400	1.220300
182450	0.787079
182500	0.679959
182550	0.642376
182600	0.892159
182650	0.682994
182700	0.792671
182750	0.804106
182800	0.694353
182850	0.641828
182900	0.764150
182950	0.976772
183000	0.859381
183050	0.523364
183100	0.735208
183150	0.680998
183200	0.791326
183250	0.621232
183300	0.942793
183350	0.794336
183400	1.242148
183450	0.906566
183500	0.774674
183550	0.741920
183600	0.745884
183650	0.749122
183700	0.663805
183750	0.885996
183800	0.836191
183850	0.639721
183900	0.771284
183950	0.445078
184000	0.768853
184050	0.825356
184100	0.645205
184150	0.861895
184200	0.762667
184250	0.898977
184300	0.917644
184350	1.310340
184400	1.103788
184450	0.574523
184500	0.914369
184550	0.401126
184600	0.658613
184650	0.588910
184700	0.678355
184750	0.939753
184800	0.717722
184850	0.673887
184900	1.011941
184950	0.476133
185000	0.454395
185050	0.719155
185100	0.957083
185150	0.480239
185200	1.096046
185250	0.431284
185300	0.612210
185350	0.858188
185400	0.736838
185450	0.845043
185500	0.826895
185550	0.949690
185600	0.766586
185650	0.823449
185700	0.681249
185750	0.892984
185800	0.947201
185850	1.053512
185900	0.623566
185950	0.786113
186000	0.997152
186050	1.038085
186100	0.582541
186150	1.214174
186200	0.794018
186250	0.602225
186300	0.863268
186350	0.805030
186400	0.888843
186450	0.641100
186500	0.791359
186550	0.704610
186600	0.714559
186650	0.414849
186700	0.653467
186750	1.025476
186800	0.897435
186850	0.747705
186900	0.701984
186950	0.907028
187000	0.760768
187050	0.836561
187100	0.925514
187150	0.673079
187200	0.921556
187250	0.910313
187300	0.591278
187350	0.789804
187400	1.005923
187450	0.774103
187500	0.659718
187550	0.709322
187600	0.834794
187650	0.797894
187700	0.958783
187750	0.910564
187800	0.850989
187850	0.456207
187900	0.679256
187950	0.662771
188000	0.412407
188050	0.572092
188100	0.349475
188150	0.639457
188200	1.073847
188250	0.631958
188300	0.881297
188350	0.848381
188400	0.369906
188450	0.617985
188500	0.650680
188550	0.700958
188600	0.845579
188650	0.783736
188700	0.589053
188750	0.848496
188800	0.803004
188850	0.672383
188900	1.125888
188950	0.592423
189000	0.846553
189050	1.028524
189100	1.024046
189150	0.948956
189200	0.710544
189250	0.902204
189300	0.903818
189350	0.744409
189400	0.888907
189450	0.357055
189500	0.776125
189550	0.769321
189600	1.004899
189650	0.695924
189700	0.664767
189750	0.814555
189800	0.969794
189850	0.714156
189900	0.182972
189950	0.917833
190000	0.588237
190050	0.677170
190100	0.870174
190150	0.823180
190200	0.686340
190250	0.620080
190300	0.714620
190350	0.856763
190400	0.662781
190450	0.950309
190500	0.854051
190550	0.797152
190600	0.911149
190650	0.721917
190700	0.630105
190750	0.719085
190800	0.876525
190850	0.901268
190900	0.658688
190950	0.745275
191000	1.133821
191050	1.065784
191100	0.942298
191150	1.178635
191200	1.171353
191250	0.616783
191300	0.680647
191350	1.129089
191400	1.043121
191450	0.134297
191500	0.921134
191550	0.523538
191600	1.021830
191650	0.461408
191700	0.417034
191750	0.452952
191800	0.918859
191850	0.810876
191900	0.742618
191950	0.566707
192000	0.827498
192050	1.011940
192100	0.959873
192150	0.903274
192200	0.822020
192250	0.762997
192300	0.742332
192350	0.863153
192400	0.720802
192450	0.732462
192500	0.780953
192550	0.765346
192600	0.913100
192650	0.823531
192700	0.880698
192750	0.748548
192800	1.087467
192850	0.854092
192900	1.031088
192950	0.562098
193000	0.681516
193050	0.580528
193100	1.082681
193150	0.798443
193200	0.713475
193250	0.830043
193300	0.805424
193350	0.780088
193400	0.988876
193450	0.837750
193500	1.112559
193550	1.001455
193600	0.889501
193650	0.609397
193700	0.550920
193750	0.740667
193800	0.801037
193850	0.749871
193900	1.081924
193950	0.697500
194000	0.932392
194050	1.008635
194100	0.975579
194150	0.638179
194200	0.828108
194250	0.838241
194300	0.818551
194350	0.941091
194400	0.620560
194450	0.968479
194500	0.797704
194550	0.696662
194600	0.517174
194650	0.867851
194700	0.840534
194750	0.958445
194800	0.927341
194850	0.709600
194900	0.780651
194950	0.494366
195000	0.837802
195050	0.881828
195100	0.862093
195150	0.796727
195200	1.020302
195250	0.904900
195300	1.028871
195350	0.657877
195400	0.779153
195450	0.834377
195500	0.404172
195550	0.666534
195600	0.620460
195650	0.872306
195700	0.837174
195750	0.616727
195800	0.573257
195850	0.869949
195900	1.030438
195950	0.687273
196000	0.824565
196050	0.725538
196100	0.766444
196150	0.866946
196200	0.959437
196250	0.827525
196300	0.925067
196350	1.018542
196400	0.826592
196450	0.751814
196500	0.592876
196550	0.807678
196600	0.782824
196650	0.955600
196700	0.816544
196750	0.570590
196800	0.772932
196850	1.200517
196900	0.740330
196950	0.793123
197000	0.751754
197050	0.951729
197100	1.093121
197150	0.765805
197200	1.020906
197250	0.534315
197300	0.488922
197350	0.746062
197400	0.724380
197450	0.800016
197500	0.498889
197550	1.026700
197600	0.494338
197650	0.769234
197700	0.578107
197750	0.660553
197800	0.661109
197850	0.976578
197900	0.820550
197950	0.902771
198000	0.750716
198050	0.635382
198100	0.790911
198150	0.886693
198200	1.298368
198250	0.809895
198300	0.839993
198350	0.806898
198400	0.999838
198450	0.904442
198500	0.809473
198550	0.737799
198600	0.492148
198650	0.761629
198700	0.770695
198750	1.101294
198800	0.591668
198850	1.120453
198900	1.236133
198950	0.476364
199000	0.677206
199050	0.943624
199100	0.846031
199150	0.874906
199200	0.657229
199250	0.601349
199300	0.480840
199350	0.639768
199400	0.511256
199450	1.046997
199500	0.894633
199550	0.553144
199600	0.544024
199650	1.048296
199700	1.074827
199750	0.992090
199800	0.576933
199850	0.560906
199900	0.882274
199950	0.845277
