2.609072
0.933562
0.539008
0.270957
0.133141
0.204291
0.181807
0.219333
0.250067
0.179082
0.154344
0.155235
0.150526
0.029984
0.145623
0.129291
0.116198
0.100991
0.057947
0.042195
0.035310
0.043604
0.133061
0.131683
0.109168
0.116829
0.098962
0.100637
0.059343
0.213705
0.066079
0.106947
0.160004
0.099692
0.197614
0.145010
0.004354
0.040968
0.061647
0.097188
0.074396
0.030947
0.074776
0.156801
0.101955
0.126112
0.039748
0.088560
0.161383
0.143757
0.125654
0.177032
0.021244
0.027626
0.139776
0.102018
0.040070
0.019599
0.028798
0.096134
0.048032
0.099028
0.020460
-0.030124
0.051726
0.077070
0.067621
0.115452
0.017644
0.170342
0.010582
0.031501
0.125926
0.056782
0.035340
-0.068764
-0.008227
0.080627
-0.009342
-0.027656
-0.011565
-0.049667
0.024295
0.046112
0.089069
-0.064491
0.065271
-0.003246
0.034143
0.112302
0.058523
0.026946
0.031464
0.130380
0.120599
0.094109
0.045176
-0.030342
0.074358
-0.012507
0.092408
0.045797
0.006094
0.069042
0.008876
-0.000283
0.019509
0.000485
-0.021757
0.055253
0.071383
-0.002047
0.082543
0.108286
0.186025
0.120411
0.042211
0.061214
0.059532
0.009584
-0.072568
0.074687
0.108626
-0.023398
-0.027981
0.020639
-0.029081
0.049621
0.002957
0.053710
0.081685
0.138987
0.057281
0.047224
-0.010239
0.108847
0.101100
0.050720
-0.037767
0.031520
-0.018248
-0.064073
-0.011775
-0.002499
0.007637
-0.016494
-0.023119
-0.046722
0.023066
0.138068
0.068860
0.038777
0.056233
0.035784
0.110717
0.051770
0.081133
0.088337
0.066379
0.004172
0.114861
0.043967
0.082659
0.065467
0.011345
0.043533
0.005434
0.029385
0.131007
0.024439
-0.020466
0.014327
0.027540
0.092224
0.010701
-0.032617
0.047548
0.076858
0.077976
0.078252
-0.107395
0.020434
0.032181
-0.027369
-0.047405
0.121261
0.025839
0.042584
0.092781
-0.031665
0.042882
0.049303
0.097378
0.130569
0.031240
0.068851
0.121334
0.072410
0.096643
0.105092
0.064709
-0.005497
0.031785
0.026189
0.065316
0.040871
-0.004690
0.040780
0.084347
0.018689
0.023556
-0.027341
-0.007701
0.113575
0.077284
0.132122
0.153479
0.034982
0.152203
0.109871
0.042438
0.021830
0.039303
0.104952
-0.015686
0.005262
0.064487
0.075069
0.108766
0.081199
0.037665
-0.027209
0.023356
0.033896
-0.001021
-0.044531
-0.032605
-0.038620
-0.095282
-0.043199
-0.057151
0.047198
0.007039
0.093764
0.090071
0.098863
0.052976
0.026114
0.084320
0.072326
0.074342
0.065903
0.038501
-0.024174
0.035076
0.044465
0.023670
-0.009567
0.042219
-0.003987
-0.009323
0.053096
-0.028808
-0.016212
0.020998
-0.042920
0.069208
0.077083
-0.002643
0.042236
-0.034715
0.161432
0.121498
0.026179
0.007587
0.068809
0.045336
0.062517
0.056896
0.094921
0.039150
0.062728
0.098858
0.029551
0.094349
0.118363
0.078146
0.054771
-0.020333
0.058896
0.158757
0.072739
-0.000076
0.032675
-0.025010
0.010145
0.004355
0.051150
0.027303
0.035827
0.001250
-0.049891
-0.040900
0.156964
0.060727
0.005261
0.050103
0.066402
0.073441
-0.013166
-0.010702
0.083591
0.045388
0.139407
-0.001518
-0.044395
0.068685
0.052156
0.021634
0.022537
0.018169
0.024127
0.002646
0.050705
0.043610
0.039450
0.042695
0.029974
0.029889
0.035245
-0.017901
-0.001707
0.130249
-0.017960
-0.003344
0.119357
0.005324
-0.002150
0.016736
-0.008032
0.007803
-0.019262
-0.013701
0.001624
0.084705
0.031081
0.069913
0.033660
0.110494
0.042477
0.037948
0.072527
0.088756
0.061961
-0.027603
0.039210
0.098840
-0.010000
-0.010714
0.010855
-0.088704
-0.102377
-0.024081
0.043559
0.039332
-0.014619
-0.043143
0.013252
0.072508
0.055961
0.004515
0.054038
0.090949
0.054559
0.118004
0.047685
0.073713
0.011043
0.016296
-0.063930
0.036510
0.021966
-0.014874
0.028881
-0.043478
-0.012641
0.093226
0.060952
0.049749
0.039147
0.008595
-0.013961
0.051981
0.113453
0.105378
-0.006449
0.012482
0.047081
0.033614
0.054092
0.024197
-0.014339
0.132809
0.046362
0.036968
0.072504
0.069853
0.092449
0.087399
-0.034449
0.031104
0.045036
0.057115
0.090212
0.081202
0.056875
0.061495
0.044710
-0.014930
0.040989
-0.024170
0.067324
-0.019250
-0.008005
-0.015074
-0.022499
0.011750
0.031539
0.102271
0.006342
0.096585
0.073443
0.026611
0.095659
0.051935
0.149702
0.100620
0.022371
0.015306
0.033409
-0.034212
0.036088
0.063550
0.003537
0.073658
0.038516
0.079452
0.079169
0.148838
0.066916
0.107565
0.115393
0.131341
0.089499
0.118031
0.061794
0.018481
0.098999
-0.006969
0.016269
0.076877
0.055503
0.066416
-0.071260
0.133555
0.060410
0.040950
0.001633
-0.031752
0.073452
0.076771
0.034805
0.024769
0.035668
-0.032001
0.029911
0.058964
0.003456
-0.045961
-0.019528
-0.065519
-0.036226
0.048017
0.053039
0.067380
0.118469
0.068624
0.150912
0.133393
-0.021391
0.055548
0.006674
0.009802
0.024876
0.027891
0.071782
0.032060
0.014775
-0.024893
-0.025983
-0.018824
-0.034959
-0.012865
0.077671
0.068152
0.117107
0.076860
0.010334
0.106987
0.092370
0.096202
-0.009113
-0.016040
0.108161
0.068751
0.031452
0.077724
0.168799
0.034210
0.034087
0.048629
-0.058756
0.047122
0.041750
0.044241
0.129022
0.049419
0.025430
0.058560
-0.029054
0.099291
0.048394
0.042425
0.060360
-0.082558
0.024141
0.075698
0.043931
-0.021370
0.054576
0.039430
0.031832
0.017210
0.007059
0.052822
0.052927
0.039771
0.207672
0.046598
0.011475
0.181412
0.037151
0.024322
0.045393
0.029929
0.084043
0.055220
0.032507
0.071866
0.028691
0.019378
-0.010482
0.100658
0.054018
-0.057458
-0.026800
-0.000659
0.008009
0.025963
0.084886
0.074174
0.010176
0.089691
0.071183
0.051211
0.032740
0.022004
-0.051006
-0.037986
0.166465
0.037247
0.027723
0.073283
-0.001388
0.049429
0.042404
0.029142
-0.082622
0.027862
0.094764
0.129015
0.047028
-0.014909
0.039261
-0.034685
-0.093208
0.016383
0.018592
0.009900
0.100607
0.103167
-0.057326
0.070563
0.043047
-0.036847
0.052080
0.062604
0.000292
-0.015445
0.097045
0.069176
0.005013
0.004821
0.056165
0.026502
0.014530
-0.028536
0.047091
0.012223
0.007278
0.016957
0.065301
0.012045
-0.082349
-0.026401
0.050898
0.010152
0.041347
0.016019
0.023063
-0.008464
-0.027488
0.140253
0.028001
0.005230
0.023353
0.040749
-0.001119
-0.022679
-0.040230
-0.070762
-0.023556
0.013526
0.030138
0.088111
-0.062550
-0.008698
-0.024726
-0.045258
0.050295
0.052770
0.061874
-0.079223
0.023297
-0.024146
-0.003424
0.041775
0.059580
0.005897
-0.062957
0.030275
-0.010554
-0.071929
0.049597
0.074493
0.042473
-0.023842
0.044015
0.070563
0.089259
0.014427
0.054374
0.068846
0.093082
0.094684
-0.035982
0.046679
0.027943
-0.011365
0.055333
0.008863
0.029639
0.007256
-0.038666
0.097136
0.097709
0.020849
0.137314
0.023022
0.059959
0.030880
-0.013943
0.088312
0.074489
0.080929
0.137436
-0.013393
0.043266
0.033601
-0.035957
0.029871
0.020602
0.078148
0.004994
-0.021175
0.056563
0.107491
0.064518
-0.023161
0.023092
0.026404
0.109571
0.135670
0.024088
0.004244
0.062615
0.017221
0.117996
0.138745
0.051508
0.010172
0.035264
-0.064696
0.008321
0.037181
0.086629
0.074101
0.090140
0.057888
0.015368
-0.064198
0.013587
0.137516
0.038174
0.023736
0.032887
-0.039914
-0.102426
-0.010179
0.027230
-0.005860
-0.026415
0.071192
0.089294
-0.012232
-0.088002
0.008747
-0.085684
-0.009317
0.140683
0.095994
0.087856
0.138571
0.057477
0.098591
0.091918
0.104430
0.077676
0.094704
0.010308
0.064594
-0.048576
-0.002085
0.059465
0.025642
0.026303
0.071084
-0.020398
0.116820
0.090347
0.008945
0.111019
-0.034224
-0.032780
0.057608
-0.003735
0.032537
0.105213
-0.004520
0.000809
0.023160
0.047648
0.005062
-0.057799
0.004099
0.009668
-0.003993
0.040909
0.010385
-0.007847
0.086214
-0.039588
-0.099572
-0.020129
-0.085476
0.031885
-0.008000
0.109968
-0.045622
-0.111898
-0.016356
-0.026165
0.020801
-0.049384
0.009962
-0.024397
-0.013368
0.108606
0.082620
0.077559
0.079166
0.033440
0.019263
-0.004092
-0.019659
-0.008272
0.024429
0.019666
0.014122
-0.010615
-0.052440
-0.012094
0.039472
0.058226
0.154998
0.005587
-0.013975
0.064388
0.025223
-0.040166
0.073102
0.099345
0.110380
0.019107
0.058033
0.050674
0.049482
0.091236
0.113635
0.058925
0.021304
0.067027
0.088621
-0.048656
0.010035
0.081903
0.048654
0.084037
-0.045272
-0.000404
0.012626
0.037907
0.057218
0.007020
-0.039605
0.087418
0.035643
-0.031454
-0.036883
-0.064149
0.001442
-0.026810
0.017871
0.016101
0.064621
-0.009836
0.000700
-0.004713
0.060608
0.053979
0.048093
0.076945
0.024183
-0.010255
-0.038901
-0.028339
-0.050432
-0.027073
-0.072521
-0.069965
-0.081192
0.046504
-0.012162
-0.005710
0.090911
-0.024034
-0.007097
-0.045947
-0.054754
0.049601
0.012940
0.063788
-0.059495
-0.078958
-0.015565
-0.081784
-0.006330
-0.047508
-0.019808
0.009133
-0.048254
0.014311
-0.000954
0.001323
0.038538
-0.004493
0.032800
0.056822
-0.028896
0.039784
0.091403
0.033134
0.079074
0.009163
-0.047992
-0.006343
0.036667
0.062693
0.079944
-0.017193
-0.056150
-0.036056
0.028830
-0.017507
0.042184
0.057055
-0.040961
-0.015975
-0.019900
-0.037072
-0.058727
-0.057450
0.008318
0.114615
0.061028
0.065579
0.081541
0.035068
-0.079372
0.041740
0.020133
-0.006157
-0.042959
0.037820
-0.075549
0.090509
0.090050
0.037480
0.042763
0.033537
-0.067868
0.055030
0.007285
0.004041
0.026873
0.001530
0.114949
0.050586
0.016820
-0.025750
-0.046060
0.058061
0.029864
-0.014919
0.047284
0.088751
0.045010
0.111111
0.028606
0.032764
-0.019105
0.017659
0.007585
-0.056356
-0.110574
0.015942
-0.102441
-0.077372
-0.029239
0.013514
0.079027
-0.056300
-0.056595
0.087774
0.110466
0.127428
0.018714
-0.015035
0.027331
0.002628
0.049872
0.058845
0.037044
-0.016045
0.020869
0.108260
0.066113
0.023785
0.068467
-0.025277
-0.053600
-0.009342
0.033451
0.003950
0.013280
0.054708
0.045762
-0.062249
0.106360
0.136937
0.031717
0.027790
0.046513
0.022075
0.024080
0.052323
0.008152
0.009939
0.039188
0.006944
-0.011861
0.093064
0.069304
0.118727
0.061131
0.014827
0.096720
0.113594
0.119375
0.026026
0.058968
0.107978
0.015751
0.093628
0.149593
-0.014379
0.045049
-0.045550
-0.003597
0.062510
0.000866
0.028107
-0.014823
0.001129
0.019028
0.011056
0.050705
0.016757
-0.028810
0.063582
0.060435
0.014943
0.081789
0.086841
-0.001409
0.089687
0.113458
0.054062
0.045013
0.088922
-0.030502
-0.029001
-0.061750
0.054531
0.054704
0.026224
0.043129
-0.011840
-0.105885
-0.072832
0.077871
0.195241
0.125220
0.046921
0.029497
0.040167
0.143457
0.032190
0.099649
-0.043675
-0.074009
-0.005798
-0.097673
0.038807
-0.002593
0.038646
-0.085843
-0.022390
-0.045939
-0.045056
0.114111
0.072457
0.040332
0.093611
-0.001472
-0.014732
-0.021302
-0.016012
0.017901
-0.034060
-0.060577
-0.061095
0.017816
-0.017069
0.040499
-0.026552
0.013786
0.045905
-0.031151
0.046892
0.085512
0.076472
0.040461
0.055609
-0.032815
-0.028775
0.090390
0.058846
0.007146
0.013073
-0.010112
0.004686
0.046686
0.019201
-0.000015
-0.006064
-0.041171
0.020169
-0.031786
-0.010890
0.050927
0.145381
0.014028
-0.016578
0.010340
0.061894
0.009998
0.018471
0.019068
-0.045258
0.058226
0.051160
0.007673
0.004699
0.002884
0.018554
0.058088
0.045645
-0.083160
-0.038530
-0.010998
0.016767
0.082416
0.048138
0.090074
0.062409
-0.027524
0.007404
0.043208
-0.020041
-0.027135
0.053628
0.134000
0.089807
0.078863
0.019451
0.037511
0.134193
0.067103
0.027507
0.035063
0.008832
0.024134
-0.026076
-0.017140
0.064757
-0.025673
-0.071813
-0.038033
-0.021806
0.031060
0.034981
0.057551
0.047678
-0.032947
-0.025498
0.035853
-0.026734
0.048789
0.037872
-0.074480
0.035387
0.047492
-0.086671
0.014663
0.066736
-0.081172
-0.016163
0.053637
0.066132
0.061715
0.087257
-0.105091
-0.121839
-0.005298
-0.086055
0.011638
0.103962
0.092579
0.035979
-0.027134
0.017180
0.023220
0.083788
0.099450
-0.028110
0.005452
-0.054649
0.017691
0.009378
0.013555
0.049861
0.015204
-0.047546
0.044558
0.034288
0.018589
0.139745
0.002297
-0.010486
0.026740
-0.033062
-0.010338
0.012757
0.113817
0.043284
-0.002948
-0.040955
0.013085
0.040072
0.013629
-0.017121
-0.008593
-0.017719
0.045044
0.127336
0.119743
0.020664
-0.029436
-0.017081
0.002298
0.040001
-0.048751
-0.039504
-0.027401
-0.023686
-0.009302
-0.108520
-0.056579
-0.009029
0.027792
0.019383
-0.053589
0.017953
0.001281
0.010666
-0.006820
-0.050538
-0.022964
-0.025861
-0.119915
-0.060720
-0.018255
0.033879
-0.094432
-0.007906
-0.012886
-0.010303
-0.045568
0.012144
0.022675
-0.032447
-0.070823
-0.056345
0.056415
0.042006
0.012709
-0.035935
-0.028049
0.015458
0.033809
-0.005759
0.001765
-0.103546
-0.045612
-0.014132
0.088147
0.108443
0.041156
-0.026442
0.047291
0.054282
-0.005894
-0.033440
-0.035022
0.022156
0.007183
0.053439
0.021370
-0.059141
-0.071132
0.012837
0.091302
0.087835
0.023048
0.052649
0.021442
0.066334
0.024528
-0.097731
-0.009075
-0.033436
-0.031424
-0.017305
0.025675
0.069148
-0.069985
0.016463
-0.055018
0.081640
0.023939
0.001028
0.088167
-0.081822
-0.099133
-0.002301
0.019807
-0.010204
-0.087042
-0.008660
-0.084534
-0.096023
-0.107709
-0.013530
0.009040
0.053346
-0.005768
-0.037290
-0.107100
0.019054
0.056397
-0.035873
0.016926
0.076968
0.140378
0.094708
0.036822
-0.023333
-0.029478
0.017047
-0.011766
-0.016521
-0.103589
-0.057711
0.067936
0.021167
0.009842
0.125532
0.025507
0.045061
-0.001380
0.023421
0.035079
0.008948
0.029154
0.007312
-0.012514
-0.012235
-0.014135
0.040300
-0.003240
0.051197
0.049800
0.008042
0.026181
0.061429
0.048489
0.071048
0.028179
-0.073583
-0.012974
0.021869
-0.004515
0.025933
0.013784
-0.071231
-0.065670
-0.029639
-0.013342
0.080247
0.163929
0.041970
0.069617
0.023079
0.070609
0.043489
0.122522
0.021631
0.034074
-0.031963
-0.107503
-0.063279
-0.047408
-0.036973
-0.010953
0.033553
0.032368
0.132932
-0.017142
-0.053511
-0.085942
-0.024278
-0.056513
-0.019094
0.123801
0.069670
-0.032064
-0.008461
-0.056186
-0.034037
0.006531
0.053843
0.024713
-0.086052
-0.016532
0.038598
-0.045206
-0.020684
-0.003513
0.078138
0.006757
0.009341
0.042055
-0.041368
-0.054317
0.060725
0.056505
-0.008656
0.024392
0.091844
0.078447
0.011893
0.029487
0.120511
0.021589
-0.001635
-0.049709
0.020656
0.014681
-0.089321
-0.018352
-0.089789
-0.060512
-0.052139
-0.068431
0.023916
-0.022024
-0.063304
-0.092902
-0.032563
-0.001334
-0.100414
-0.017622
0.056747
-0.041085
0.005107
0.017315
0.090452
0.046942
0.017656
-0.077112
-0.067619
0.003522
-0.027113
0.068792
0.055655
-0.029992
-0.004397
-0.029811
0.054863
-0.051820
0.039472
0.011384
-0.034818
0.082890
-0.089386
-0.020818
0.050556
0.004202
0.042851
-0.021799
0.011674
0.108958
-0.036326
0.054329
0.114308
0.028766
0.058353
0.027348
0.054152
0.021875
0.018258
0.092573
0.045936
0.116350
0.066160
-0.046442
0.092009
0.017565
-0.034363
-0.004723
-0.026611
-0.001694
0.078306
0.056427
-0.005151
0.014020
-0.036522
-0.036472
0.080401
-0.099435
0.018664
-0.026685
-0.085683
-0.013183
-0.102031
-0.039579
0.027007
0.042289
0.024018
0.028574
0.048302
-0.064067
-0.085557
-0.102051
-0.011163
-0.009400
0.017279
0.120755
-0.017127
0.005368
0.010631
-0.047438
-0.045235
-0.042785
-0.143555
-0.028429
-0.010975
0.038647
0.032301
0.017220
0.015330
0.019826
-0.017683
-0.061855
-0.014012
-0.006213
-0.050007
-0.004241
-0.001453
-0.052503
-0.010672
0.088770
-0.015497
-0.054844
0.068532
0.016844
-0.046232
0.041693
-0.069508
0.059381
0.023895
-0.111535
0.012422
0.009775
-0.019022
0.093395
0.139224
0.064767
-0.109601
-0.086823
-0.056324
-0.042724
0.048645
0.091774
-0.001510
0.024557
0.053046
0.035648
0.033547
0.087544
0.063890
-0.039701
-0.089312
-0.105353
-0.058785
0.025557
0.043217
0.089214
0.060359
0.044437
-0.001682
0.013599
0.002761
0.098091
0.054352
0.114975
0.085854
-0.102881
0.005761
0.077116
-0.025114
0.013199
0.098238
-0.088549
-0.031530
0.003574
-0.069971
-0.028531
-0.003137
-0.012593
-0.023232
-0.000786
0.028319
0.006417
0.074611
0.122471
0.050919
-0.025738
-0.046823
-0.029911
0.007204
0.057214
0.025492
-0.048900
-0.014934
0.048272
0.032052
0.113036
0.146760
-0.065938
0.024929
0.037995
0.010566
0.059215
0.033679
0.091289
-0.014078
-0.036536
0.026036
-0.023246
-0.003228
0.086519
0.007840
-0.079312
-0.005978
0.032898
-0.022783
-0.039056
-0.018055
0.032625
-0.033615
0.032699
0.134039
0.056977
0.047093
-0.011183
0.015998
-0.046193
-0.076702
0.105556
0.027516
0.059605
-0.109112
-0.067645
-0.057257
0.071452
0.057577
-0.037311
0.127193
-0.049819
-0.091281
-0.038920
0.005988
0.077765
0.023549
-0.001133
0.020486
0.045539
0.009820
-0.000595
0.040623
-0.048297
-0.005850
0.119871
0.006963
-0.102288
-0.015022
-0.032247
0.084507
0.033656
0.060414
-0.022434
-0.050785
0.073648
0.022913
0.022624
0.061028
0.070600
0.024190
-0.009631
-0.092001
-0.012488
0.080480
0.002484
0.016745
0.086365
0.087278
0.088548
0.075244
0.062974
0.050985
-0.025793
-0.023854
0.036238
0.060573
-0.058012
0.022818
0.007035
0.027859
0.106569
-0.050520
0.099168
0.121855
0.043279
0.043270
0.013104
0.099829
0.145197
0.052999
0.081068
0.111595
0.103562
0.067954
0.071437
0.034552
0.038935
0.072230
0.049112
0.031495
-0.051883
0.067282
0.061645
-0.119209
-0.084926
-0.102541
-0.028849
0.024401
-0.030440
-0.059172
-0.068664
-0.057019
-0.020983
0.051483
0.023897
-0.003908
0.061581
0.051036
-0.042519
-0.053261
-0.009163
0.024676
0.045370
0.003842
-0.022000
0.002513
-0.061424
-0.116547
-0.079351
0.022930
0.094653
0.121600
0.056239
0.011788
0.075270
-0.022380
-0.007757
-0.080146
-0.009551
0.064658
0.101745
0.138508
-0.007773
0.139306
0.002972
0.068005
0.063731
-0.043311
0.093717
0.055031
0.009960
0.082158
0.116815
0.068085
0.068889
0.099234
-0.053489
-0.010495
-0.007323
-0.048975
0.010310
0.053150
0.030739
0.056354
-0.022895
-0.042930
0.072732
0.116863
-0.036685
0.062346
0.034149
-0.017220
0.042784
0.073181
0.032644
-0.020958
0.100655
0.006381
-0.014361
-0.033651
0.063766
-0.010719
-0.129175
0.032321
0.007583
0.042833
-0.002878
0.008349
0.070526
0.125026
0.058466
0.049070
0.091485
0.073503
0.029763
0.127939
0.077581
0.097591
0.055819
0.008214
0.047460
0.038849
-0.004041
0.097955
0.040999
0.044200
0.008661
-0.020317
-0.152722
-0.053596
0.056257
0.054262
0.003379
0.046979
0.074222
0.007146
-0.004247
-0.037296
0.020539
-0.045276
0.023820
0.071014
0.049433
-0.034831
-0.046549
-0.024056
-0.003176
0.064307
-0.052288
0.021714
0.032470
0.029454
-0.016151
-0.041994
-0.065278
-0.049955
-0.004942
0.001350
0.008266
-0.013366
0.041375
0.023129
0.020930
0.034641
-0.045272
0.013610
-0.092168
0.025213
0.090482
0.149328
0.068211
0.048417
0.112317
0.080899
0.049980
0.111628
0.101800
0.028473
0.063570
0.005313
0.008544
0.084931
0.056298
0.043809
0.048986
0.036161
0.068257
0.059694
-0.052766
0.040591
-0.057631
-0.014871
0.071716
0.000210
-0.086507
0.003512
0.034794
0.033242
-0.015922
0.010904
0.006794
0.001802
-0.012552
0.034688
0.008483
-0.086826
-0.004023
0.016140
-0.020135
0.026720
0.107300
0.055752
0.063366
0.133250
-0.029854
-0.061411
0.001369
0.011115
0.038279
0.015314
0.014455
0.068961
-0.009213
0.121134
0.079264
0.031806
-0.067927
-0.002288
0.010638
0.097514
0.033065
-0.041365
0.088864
0.025425
-0.015197
0.032858
-0.085809
-0.022420
0.070425
0.113744
0.091672
0.050035
-0.004689
0.038243
0.094146
0.042106
0.060789
0.062643
0.008022
-0.024264
0.006452
-0.087075
0.065536
0.080621
-0.055083
0.031399
0.117732
0.095939
0.038119
-0.014144
0.031314
0.056694
-0.032516
0.029138
0.020904
0.020535
0.045916
0.026700
-0.071002
0.005347
0.092616
0.059144
0.069550
0.092901
0.034131
0.057922
-0.036504
0.013228
-0.017658
0.078534
0.046119
0.026499
0.009943
0.036059
-0.066613
-0.098627
-0.095570
-0.017525
0.030993
-0.016621
0.107356
0.005282
0.016202
0.062098
0.045774
0.013069
-0.068082
0.005587
-0.042239
-0.016007
0.062487
-0.071222
-0.033742
-0.040868
-0.000117
0.072432
0.024946
0.005432
-0.006252
0.022690
0.014417
-0.060562
0.056465
0.031260
0.029750
0.132731
-0.004871
0.000510
0.092186
0.058822
0.028618
-0.131358
-0.088653
-0.002509
-0.021321
0.002582
-0.004509
-0.021747
0.005532
0.022736
0.045621
0.051037
0.019502
0.034465
0.042160
0.075536
0.036265
-0.062471
0.043386
0.112635
0.027425
-0.007373
0.050955
0.041904
0.078722
0.017333
0.099721
0.003742
-0.041619
-0.131596
-0.010340
0.039251
-0.051020
0.087102
-0.058598
0.092471
0.043226
0.137234
0.141472
0.021755
-0.002057
0.023733
0.063660
0.062818
0.069952
0.019075
0.014780
0.065162
0.032851
0.044044
-0.009596
-0.072313
0.001047
0.016152
0.008627
0.045294
0.013107
0.042501
0.005279
0.056372
-0.020982
0.123765
0.016104
0.020223
0.100825
-0.053332
-0.035225
0.064881
-0.009167
-0.048237
0.100693
-0.043211
0.051559
0.038282
-0.015572
-0.019998
-0.075105
-0.139889
-0.070315
-0.091928
-0.105416
0.053314
0.055972
0.032216
-0.036418
-0.014337
-0.000712
-0.057583
0.064492
0.061033
0.008537
-0.030240
0.031311
0.087136
-0.092734
-0.018652
0.071927
0.021755
-0.019607
0.077258
-0.015684
0.045580
0.026018
0.122541
0.020579
0.063696
0.052821
-0.027702
-0.097919
-0.030898
0.120773
-0.025543
0.038664
0.099777
-0.031907
0.075818
-0.066496
-0.010283
-0.047312
-0.105378
0.015264
0.053255
0.021467
0.009913
0.031120
0.044890
0.028782
-0.012364
0.032915
0.111022
0.042876
0.025907
-0.064409
-0.084785
-0.013936
0.096819
-0.031519
-0.017674
0.113351
0.021665
0.035995
0.085356
0.001881
-0.080517
0.006043
0.061652
0.145603
0.132644
0.064605
0.097041
0.051849
-0.150880
-0.095491
0.004113
0.060419
0.025957
0.032522
-0.011283
0.016943
0.020075
0.007169
-0.060761
0.066064
0.066586
0.186611
0.078602
0.003577
0.021171
0.033637
0.088061
0.007066
0.053503
0.107923
-0.014940
0.023996
0.025154
0.095871
0.025314
0.004528
0.071354
0.024803
0.011900
-0.104289
-0.032188
0.046046
-0.049429
0.118996
0.069403
-0.012405
0.063639
-0.002779
-0.013450
-0.028374
0.048535
0.063550
-0.003016
0.105159
0.074547
0.090015
0.008738
0.047265
0.040887
-0.000010
0.049100
0.030454
0.066292
0.075630
0.104572
0.056652
0.046031
0.085819
0.111177
0.061752
-0.016292
-0.025484
0.010395
-0.018083
0.029159
-0.003165
0.056867
-0.012999
0.116440
0.069569
-0.076760
-0.068762
-0.055438
-0.112465
-0.035800
0.067135
-0.023075
-0.043822
-0.031228
0.000153
0.119046
0.070461
0.075449
0.041576
-0.037664
0.045910
0.067910
0.067416
0.071203
0.054198
0.101118
-0.078210
-0.000248
0.043120
-0.014007
0.002454
0.039897
0.022992
0.051301
0.135000
0.061571
0.161978
0.065833
0.027916
0.076654
0.025253
0.035609
-0.009773
0.001497
0.132400
0.021386
-0.010148
0.009126
0.059659
0.053842
-0.027975
0.013821
-0.038521
0.105968
0.018824
-0.033456
0.033960
0.057374
0.058255
0.018349
-0.039862
0.011238
0.058137
-0.019335
-0.039639
-0.054559
0.003842
0.055786
0.073797
-0.061338
0.016005
0.031185
0.029779
0.081693
0.061337
0.010891
0.030221
0.090248
-0.054861
0.059565
0.085578
0.031377
0.027617
-0.059039
-0.038199
0.002408
0.092570
0.032998
0.067596
0.057963
-0.053127
0.014708
-0.059132
-0.077726
-0.012279
-0.063602
0.059722
0.025954
0.033481
0.157505
0.042440
0.011628
0.086747
0.060384
0.019334
0.059315
-0.073998
0.073769
0.117040
-0.050521
0.017166
-0.027517
-0.012293
-0.073758
0.027468
0.039629
-0.009437
0.003604
-0.033182
-0.058044
-0.031744
0.041458
0.084249
0.107167
0.003854
0.057244
0.047112
-0.019687
-0.006205
-0.001526
0.115900
0.056207
0.064768
0.079087
0.066549
0.164716
0.056815
-0.056389
-0.023599
0.040336
-0.019583
-0.013781
0.036195
-0.011525
-0.005488
-0.022775
-0.052061
-0.051870
-0.069868
-0.019536
0.110420
-0.037955
0.082723
-0.030502
-0.043935
0.097417
0.003208
-0.029243
-0.067200
-0.073664
0.080650
0.046213
-0.017915
-0.068108
-0.094027
-0.096118
-0.036175
0.041233
0.076112
-0.011498
-0.069613
-0.033238
-0.042012
-0.045737
-0.027147
-0.009986
0.009676
0.098420
0.121614
0.002462
0.116297
0.082447
-0.010334
0.157780
0.129771
0.095913
0.028772
0.037469
-0.008468
-0.002020
0.041808
0.144241
0.036755
0.072081
0.037806
0.002423
0.024413
0.011314
-0.010524
-0.038608
-0.031686
-0.048723
0.044880
-0.040789
0.020994
0.065410
0.084518
0.092405
0.009931
0.021171
0.011957
0.055807
0.172113
0.060972
-0.007720
0.147095
0.049808
0.006111
0.060101
0.094336
0.153384
-0.050109
0.083874
0.025710
0.022186
0.103208
-0.064742
-0.019839
0.035908
-0.015716
0.088850
-0.011650
0.115265
0.045131
-0.051277
0.053563
0.036858
0.046739
-0.013700
0.034271
-0.011096
-0.009830
-0.052081
-0.034704
-0.029698
0.084163
-0.009698
0.010392
0.019510
0.106301
0.018627
-0.005240
0.030998
0.184251
0.104052
-0.030124
-0.044220
0.010581
-0.009041
-0.121219
-0.070439
0.008272
-0.009893
-0.017496
0.087371
0.003428
0.049334
0.003432
0.038969
0.034483
-0.079066
0.059588
0.005183
0.017991
-0.005664
-0.041218
0.051657
0.010697
-0.004525
-0.025516
-0.074364
-0.008514
-0.057214
-0.042644
-0.032072
0.042840
-0.000265
-0.027924
-0.068196
0.008540
-0.018430
0.013402
0.041985
0.022562
-0.064752
-0.013961
-0.121138
-0.030317
-0.015697
-0.069946
0.024393
0.038577
-0.009949
0.007517
0.004037
0.015859
-0.032539
-0.056166
0.007708
0.010484
0.040566
0.078972
0.008349
0.016727
0.025966
0.004765
0.011885
-0.019281
-0.035869
0.028113
-0.093558
-0.051087
-0.074452
-0.001914
0.088277
0.028791
0.043258
-0.086653
-0.083614
0.038039
-0.009918
0.039563
0.028174
0.001197
0.043822
0.020182
0.041884
0.015744
0.018543
0.120200
0.135909
0.021188
-0.036808
0.062807
0.019077
-0.064509
0.032790
-0.052338
-0.002511
-0.000602
-0.027558
0.084535
0.017571
0.009904
-0.030517
0.045247
-0.046357
-0.035385
-0.028406
0.028630
0.083970
0.007919
0.167946
0.101137
0.137271
0.039612
0.071092
-0.059916
-0.061325
0.052806
-0.122140
0.007856
0.004011
-0.008211
0.110478
-0.005773
-0.051159
-0.089578
0.064375
0.103194
-0.035169
0.112377
0.104716
-0.009398
0.098916
0.030121
0.055382
0.091715
-0.001635
0.076186
-0.018392
-0.027882
-0.002354
0.029767
0.050484
0.024292
-0.017118
0.013995
-0.008161
0.014567
0.010329
-0.051812
-0.083672
-0.063102
0.010864
-0.029909
-0.000867
0.021524
0.052038
-0.088261
0.017050
0.014929
0.009027
0.026694
0.001325
0.048304
-0.002975
-0.004444
-0.044475
-0.103326
-0.025412
-0.005054
-0.054792
0.052798
-0.096891
-0.012888
0.009756
0.063368
0.057248
0.053470
-0.001764
-0.001014
0.038720
-0.076154
-0.077108
-0.024744
0.081978
0.109245
0.087548
0.039595
0.021580
0.050175
0.058076
0.002994
0.087770
0.055287
0.022780
0.123212
0.134526
0.035892
0.069501
-0.035706
-0.044790
0.022396
-0.006034
-0.018669
0.080795
-0.012947
-0.103033
-0.082313
-0.014036
-0.023856
-0.011998
0.067833
-0.047599
-0.037176
0.014403
-0.050780
-0.025512
-0.107239
-0.022662
0.049084
0.054553
-0.029025
0.063200
0.035576
0.079793
0.067323
-0.100737
0.023601
0.028461
-0.070515
0.029171
-0.006779
-0.060915
-0.017253
0.011366
-0.079612
0.058418
-0.006655
-0.048778
0.015725
0.050781
0.046342
0.041338
0.018402
0.169636
0.157309
0.038119
-0.003987
-0.089547
0.007757
-0.030882
-0.039502
-0.040014
-0.063452
-0.088529
-0.057535
0.073281
0.060323
-0.008901
-0.007844
-0.065594
-0.072609
-0.012089
0.099253
-0.015404
-0.001033
0.077595
-0.034687
-0.076643
-0.085869
0.069318
0.002650
-0.124477
-0.073229
-0.052644
-0.026746
0.013131
0.052705
0.057355
-0.002517
-0.016095
0.008659
0.096348
0.086212
0.070440
0.005163
0.041945
0.009260
-0.038210
-0.002674
-0.061542
-0.038154
-0.043438
0.049915
0.200338
0.080201
0.044316
0.047720
0.006781
-0.014739
0.032349
0.074267
0.003575
0.001479
0.034906
0.109065
0.153752
0.135673
0.106261
0.039094
0.159419
0.151187
0.020667
-0.056089
0.038832
0.000676
0.032467
-0.021964
0.122923
0.031100
-0.011798
-0.100837
-0.057281
-0.005011
0.076933
0.111626
0.022655
0.079734
0.002358
-0.025578
0.033440
-0.003304
-0.006151
-0.021620
-0.077299
-0.085096
0.001976
0.071958
0.049957
0.034055
0.081378
0.104112
0.090342
0.076556
0.047635
0.105350
0.021982
0.052304
0.128678
0.034981
0.054749
0.073001
0.017425
-0.032806
0.082492
0.030816
-0.028840
0.033358
-0.028874
0.069073
0.111016
0.003504
0.031622
0.067917
-0.037871
0.034400
0.074848
-0.009969
-0.050752
0.078600
-0.068040
0.023317
0.002398
-0.099756
0.033542
-0.026042
-0.035154
0.059123
0.055218
0.015265
0.032002
0.066610
-0.010368
0.011899
0.069885
0.064342
0.032346
0.099014
0.011128
0.133471
0.122919
0.042392
0.085730
-0.028690
-0.049123
0.135680
0.105624
-0.046769
0.001112
-0.002373
0.022750
-0.002677
0.085644
0.055761
0.100820
-0.001479
-0.063153
0.076629
0.034260
-0.008613
-0.008212
0.028225
-0.000559
0.036812
0.081137
0.026162
-0.043972
-0.006623
-0.020296
0.056562
0.045828
0.038797
0.076821
0.038330
-0.016519
0.003661
0.009147
-0.057427
0.024917
0.138373
0.131290
-0.069873
-0.003082
0.027918
-0.040614
0.007690
0.061441
0.094697
0.045328
-0.053233
0.011808
0.076183
-0.079097
0.094937
0.042059
-0.038462
0.142655
-0.046137
-0.087072
0.104532
-0.003033
-0.049783
-0.062861
-0.074126
-0.103397
-0.086258
0.019100
-0.073951
0.027277
0.068984
0.022269
0.084613
0.021407
0.047608
0.102390
0.007569
0.036965
-0.011588
0.004815
0.021700
-0.088799
0.034962
0.012723
0.108492
0.097219
-0.026429
0.051746
-0.021137
0.112499
0.016220
-0.047839
0.024146
0.033420
0.025034
0.043470
-0.130169
0.056154
0.072243
0.098026
0.123864
0.011978
0.001972
-0.024587
-0.067127
-0.058720
-0.158575
-0.029955
-0.051314
-0.006850
0.021090
0.036386
0.012942
0.031627
0.034637
0.076792
0.024728
-0.040736
0.069172
-0.036091
0.000639
-0.080297
-0.092855
0.058534
0.098905
0.119097
0.037350
0.041304
-0.001579
-0.007551
-0.026609
0.031804
0.048213
-0.024189
0.034624
-0.025735
0.000962
-0.073707
0.001421
-0.023912
0.087280
0.083963
0.146924
0.069532
-0.026350
-0.033180
-0.018884
-0.079203
-0.023045
-0.101799
-0.036106
-0.019432
0.014641
-0.028847
0.021751
-0.006477
0.027501
-0.092672
-0.063204
-0.111244
0.025824
-0.012291
0.032073
-0.022163
-0.009157
0.098773
0.051452
0.007665
0.003484
0.043302
0.000521
0.097575
0.134507
0.096516
0.113389
0.007075
-0.007629
0.012050
0.051272
0.042247
0.084404
0.015005
0.084610
0.066058
-0.004420
-0.011690
-0.060673
-0.096950
-0.044625
0.016403
-0.009356
-0.025663
0.043805
0.032147
-0.007707
0.027985
-0.019881
0.016500
0.055385
0.123541
0.209353
0.102515
0.196094
0.146164
0.043808
0.045662
-0.005457
-0.017444
-0.021313
-0.017729
0.075330
-0.059885
0.028745
0.043180
0.018782
0.084947
0.113273
0.002967
-0.031164
-0.093688
0.007024
0.013252
0.091618
0.090173
0.000793
0.006298
0.006801
-0.102610
-0.012180
-0.061432
-0.019525
-0.040320
-0.022353
0.088664
0.024928
0.014627
-0.058334
-0.040194
-0.034963
-0.093613
0.051505
0.076084
-0.052937
-0.064586
0.020833
0.087459
0.136449
0.060296
0.028470
0.153267
0.027662
0.108074
0.083322
0.064294
0.025346
-0.061595
0.031995
-0.068282
-0.134717
-0.059072
-0.031465
-0.054721
0.020820
-0.048755
-0.077558
-0.023719
0.018470
0.019654
0.002112
0.001957
-0.007222
0.041673
0.067059
-0.023066
-0.029017
0.024144
0.073736
-0.008787
-0.041335
0.007300
0.029565
0.063585
0.082874
-0.015017
0.024341
-0.008012
-0.036603
-0.028087
-0.081436
-0.048487
-0.048579
0.010254
0.072162
0.107323
0.033771
0.008190
0.023258
0.015904
-0.001289
0.001187
-0.027433
0.090232
0.058085
0.040899
0.016584
0.051664
0.061882
-0.016902
0.045792
0.003398
0.012398
0.013723
-0.020133
0.037681
0.069744
0.005987
0.037114
0.112326
0.002728
-0.001962
-0.026787
-0.040803
0.020485
-0.010675
0.004435
-0.024940
0.007357
0.010925
0.022566
0.088062
0.067229
0.019176
-0.035420
-0.057132
-0.054502
-0.028597
-0.087853
-0.044184
-0.017234
0.077215
0.147719
0.038277
0.042317
0.151147
0.057203
0.081657
0.159288
0.107845
0.062820
-0.020546
-0.058611
-0.030984
-0.031443
-0.034917
0.048731
-0.054647
-0.006295
0.011450
0.033081
0.031559
0.048483
0.034379
-0.011641
-0.081822
-0.066405
-0.040133
-0.060038
0.023697
0.024750
0.068456
0.096677
0.094341
0.070042
-0.007949
-0.038468
-0.020060
-0.058814
0.050480
0.040255
-0.041519
-0.071869
0.026901
0.088507
0.007596
0.024933
-0.022736
0.016089
0.030813
-0.026112
-0.019871
-0.078235
-0.097569
-0.009668
0.001404
-0.132208
-0.042595
-0.001687
0.038373
0.044808
0.006641
0.076572
0.064476
0.037723
0.032002
-0.051989
0.043304
-0.016991
0.031131
0.035776
0.007840
0.001025
0.000522
-0.002541
-0.016353
0.006958
0.031680
0.056158
0.005532
0.039638
-0.079762
-0.075349
-0.078458
0.026556
0.003134
0.012902
0.037281
0.048447
0.040669
0.017796
-0.032479
0.099069
-0.005704
-0.031802
0.007939
0.027650
0.028820
0.079195
-0.017181
0.021965
-0.066979
-0.093755
-0.091022
-0.063649
0.068776
0.012839
-0.006546
-0.103828
-0.013612
0.003110
0.053487
0.146039
0.027897
0.061221
0.007160
-0.040862
0.020306
0.056655
-0.003680
0.072888
-0.018720
-0.047944
0.077550
-0.014208
0.008230
0.078133
0.006122
-0.006156
0.009264
-0.048409
-0.012035
0.052358
-0.008392
-0.061764
-0.031170
-0.114939
-0.069930
0.020605
0.055130
0.136071
0.013366
-0.004395
-0.020773
-0.005423
0.028968
0.021632
-0.031201
-0.063270
-0.019335
-0.028827
0.072152
-0.029641
-0.118735
-0.040393
0.029030
0.004455
0.002328
0.017714
0.046573
0.069102
0.000253
-0.045739
-0.005974
0.073648
0.063113
0.030825
-0.091291
-0.086943
-0.012746
0.019293
-0.015345
-0.065384
0.009933
-0.004703
-0.012960
0.013112
0.007213
-0.019983
0.052013
0.001927
-0.067476
0.007623
0.032831
-0.049697
0.008537
0.014895
-0.022969
0.028065
0.058344
0.016807
0.082093
0.031630
-0.051770
-0.031154
0.060138
0.020342
-0.014014
0.123357
0.069983
0.022539
-0.011467
-0.023384
-0.066572
-0.081257
-0.044914
-0.068516
-0.045053
-0.017580
0.034501
-0.044553
0.029983
0.053134
0.052755
0.000970
0.069277
-0.039124
-0.090540
0.016670
0.023748
-0.019112
-0.099689
-0.043253
-0.107061
-0.006110
0.040114
0.071870
0.057842
0.023409
-0.010519
0.039564
-0.026462
0.016778
0.072104
-0.016093
0.064886
0.018705
-0.062074
0.038638
-0.072357
0.009183
-0.038743
-0.004887
0.026724
0.007943
-0.043787
0.009180
-0.001743
0.014000
0.112107
0.063454
0.108203
-0.009091
-0.025341
0.089462
-0.050073
0.024505
0.043607
0.019114
0.101880
0.058703
-0.003660
-0.049512
-0.131691
-0.055277
-0.056368
-0.130874
-0.031788
-0.054667
0.039998
0.045943
-0.011338
-0.048098
-0.140057
-0.019525
-0.067182
-0.015887
0.027837
0.018628
0.047172
0.037907
0.089257
0.099555
0.008072
0.030927
0.092680
0.041355
0.035114
0.070514
-0.037172
0.069748
0.042349
-0.010265
0.030518
-0.026743
0.043816
0.021103
0.058493
-0.028872
-0.088412
-0.102263
-0.134741
0.016223
-0.109598
-0.073517
-0.078513
-0.044344
0.008343
-0.027520
0.041740
0.055864
-0.010196
-0.082186
-0.033895
0.005194
0.074170
-0.001411
-0.095115
0.050662
-0.003266
-0.004962
0.006833
0.047334
-0.022900
0.035327
0.015702
0.021471
0.047655
-0.045184
0.035058
0.092217
-0.006526
-0.004660
0.016763
0.159882
-0.025755
-0.035712
-0.081495
-0.048803
-0.054228
0.032224
0.017765
0.038235
0.094358
0.107380
0.061766
0.082705
0.044594
0.084269
0.085138
0.019212
0.085487
0.002540
-0.067752
-0.002068
0.015136
-0.001171
-0.043951
-0.069738
0.027402
0.054423
0.072495
-0.006781
0.037668
0.029407
-0.058084
0.000118
-0.015821
-0.048061
-0.028062
-0.018037
-0.027317
-0.042151
-0.060417
-0.093310
0.056070
0.060323
0.100254
0.118388
0.080926
-0.095618
-0.040189
0.043289
-0.057432
-0.007916
-0.005899
-0.001142
0.006487
-0.028913
-0.035452
-0.014094
-0.037384
0.058664
-0.034466
0.031028
-0.033485
-0.032879
0.006516
-0.016399
0.038044
-0.037793
0.015012
-0.020865
-0.006551
0.064476
-0.032359
-0.038269
0.110533
-0.025665
-0.046030
-0.014340
0.058213
-0.092974
-0.039793
0.025327
-0.076586
-0.060357
-0.089114
-0.031445
-0.001903
-0.005495
0.004625
0.056774
-0.038230
-0.032501
-0.025079
0.028425
0.061042
0.016108
-0.019430
0.035598
0.022091
-0.007879
0.023840
-0.057456
-0.040841
0.067394
-0.036982
0.086718
0.082820
0.114450
0.135021
0.043818
0.000594
-0.025083
-0.041700
-0.066736
-0.013696
0.012257
-0.040756
-0.049788
0.018145
0.006144
-0.022233
0.086599
-0.032376
0.036503
0.073446
0.067834
0.040921
-0.027256
-0.059947
-0.003668
0.020317
-0.027768
0.020738
0.073918
-0.045945
-0.043730
0.082804
-0.057295
-0.047591
-0.028268
-0.101952
0.042861
0.029578
-0.025369
-0.005911
-0.013918
-0.047345
-0.034337
0.055211
0.031558
0.033111
0.000745
-0.076013
0.024873
0.059841
-0.007071
0.007617
0.034368
-0.040759
-0.045471
-0.043752
0.004320
-0.040708
-0.058698
-0.047788
0.022882
-0.017244
0.116966
0.029748
0.038971
0.145243
0.014295
0.050573
-0.012440
-0.081447
0.054010
-0.053645
-0.008631
0.032782
-0.030061
-0.005206
0.037048
0.023226
0.042265
0.021765
0.062861
0.073687
0.033403
-0.068664
0.011449
-0.010379
-0.068210
-0.015661
-0.035053
0.040920
0.041315
0.036385
0.085838
0.031106
-0.004182
0.029874
-0.027096
-0.092638
0.090018
0.128957
0.114901
-0.013481
-0.014212
0.004866
-0.047962
0.012016
0.031538
0.042385
0.071974
0.075324
0.039821
0.033714
0.036896
0.060895
0.006470
0.044865
0.182772
-0.027022
0.107067
-0.058198
-0.052353
-0.027271
0.020826
0.007577
-0.011486
-0.013641
0.043523
-0.049511
0.042321
0.024904
0.079708
0.079578
0.028677
-0.071811
-0.001779
0.062399
0.032463
0.019251
-0.007887
-0.047322
-0.079430
0.114845
0.029608
-0.000316
0.027095
0.001955
0.061865
-0.006876
0.034778
0.010160
-0.083286
0.070211
0.077163
0.065368
0.073050
0.024573
0.050229
0.044981
0.030372
0.046352
0.016542
-0.022249
-0.069195
-0.063836
-0.009473
0.020993
0.019674
0.019987
0.029091
-0.001394
-0.006728
-0.043734
-0.067446
0.017622
-0.003464
0.008363
-0.044849
-0.025364
-0.007049
-0.026597
0.076668
0.046107
-0.030751
-0.027119
-0.011546
0.027825
0.031385
0.097781
-0.026509
0.069845
0.047860
0.000203
0.002810
0.017901
0.079106
-0.002929
0.035566
0.048630
0.026733
-0.011861
0.054823
0.089260
0.062356
-0.069377
-0.066977
0.033342
-0.007665
0.035021
0.144420
-0.000956
0.021667
0.015993
0.038962
0.038900
0.026903
0.141613
0.212287
0.045932
0.008825
-0.034010
-0.053196
-0.055654
-0.104969
-0.108517
-0.018910
0.057966
-0.045128
-0.049335
-0.057148
-0.056132
0.025116
0.009690
-0.096026
0.001084
0.017499
-0.002714
0.041091
0.044401
0.096106
0.048908
-0.005951
0.080247
0.024508
0.095646
0.055345
0.052115
0.017660
-0.051119
-0.008869
-0.026893
0.043647
0.001170
-0.055253
0.048617
-0.015884
-0.005042
0.037739
0.045643
0.028259
-0.039332
-0.018335
-0.030280
-0.055515
-0.044666
0.087306
0.077075
0.000000
0.053053
-0.032519
0.038595
0.035042
0.043013
-0.013622
0.070595
0.031386
-0.074867
0.003870
0.021655
0.079307
0.073266
0.009718
0.070395
0.072621
0.053606
0.005657
-0.001063
0.037434
0.062231
0.035816
0.065623
0.098498
-0.003763
-0.089405
0.018995
0.053789
0.073929
0.105746
-0.005779
0.015005
-0.015974
0.011827
0.063236
-0.009018
-0.005908
-0.053334
0.045503
-0.020425
-0.050118
0.055136
-0.055089
0.082757
0.030979
-0.023356
0.072941
-0.014244
0.037481
-0.002487
0.123150
0.055930
0.077979
-0.034568
0.018519
-0.022381
0.037322
0.049415
0.043003
0.047477
0.033239
-0.021334
0.008427
0.001555
-0.037714
-0.024298
0.001901
-0.041065
0.069957
0.094504
0.079121
0.054750
0.116196
0.093073
0.010766
0.082851
0.027514
0.021819
0.089336
0.073460
-0.019758
0.110135
0.032788
0.096524
0.018681
-0.008159
0.000289
0.011075
-0.079634
0.015679
-0.000992
-0.110386
-0.037974
0.060730
-0.015151
-0.019187
0.002359
0.008565
-0.009871
-0.059232
-0.004779
-0.061102
-0.002342
-0.040090
-0.060563
-0.012532
-0.039272
0.006364
-0.078367
-0.011995
0.043439
-0.031432
-0.000002
-0.022922
-0.013855
0.045167
-0.025622
-0.038464
0.002939
-0.039962
-0.013128
-0.058349
0.023929
-0.013458
-0.017912
-0.085461
-0.068055
-0.129366
-0.046294
0.009382
0.052084
0.087899
-0.026628
-0.009798
-0.103453
-0.067089
-0.052836
-0.056658
0.029517
-0.060352
0.006915
0.135599
-0.038725
0.008158
0.056316
0.080318
0.049790
0.053019
0.100846
0.077940
0.035612
-0.030977
-0.031879
0.004865
-0.007222
-0.072220
0.031827
0.059266
-0.078671
-0.014771
0.004297
0.043936
-0.047945
-0.054760
0.004095
-0.026683
-0.029768
0.016667
-0.003565
-0.044071
0.020981
-0.009907
-0.017837
-0.026832
0.000127
-0.018217
-0.021573
0.053912
0.109775
0.030441
-0.018269
0.009992
0.047177
0.089097
-0.022535
-0.012701
-0.013291
0.007385
0.050576
0.009778
0.039858
0.039278
0.058600
0.068266
0.080242
0.081360
-0.062375
0.033633
0.095944
0.004185
-0.047156
-0.085181
-0.000925
-0.088664
-0.092976
-0.052019
-0.021609
-0.018627
-0.072310
0.029617
0.100297
0.023047
0.098519
0.008255
0.048012
0.003547
0.001806
0.023484
0.031156
-0.003548
-0.014722
-0.007057
0.027411
-0.031907
0.069852
-0.018070
0.015959
0.059244
-0.010515
0.061361
0.110577
0.036315
0.058088
-0.010953
0.012550
0.038942
0.006200
-0.000567
0.089757
0.036377
0.068944
-0.002258
0.032389
0.044950
0.111839
-0.007810
-0.072832
0.026676
-0.012087
0.039987
0.066677
0.083144
-0.002353
0.017013
0.006867
0.005004
0.070517
0.040746
0.062528
0.035395
-0.071083
0.037168
-0.004890
0.050872
0.029781
-0.005441
0.098681
0.002506
0.069099
-0.017494
-0.016448
0.054943
0.036012
-0.037676
-0.073732
0.013444
-0.007761
0.015316
0.060125
0.002043
-0.005909
0.014083
-0.075862
0.091841
0.001837
0.000518
0.019328
-0.018096
-0.039220
0.041007
0.027263
-0.066441
-0.051774
0.046803
0.053896
-0.017415
-0.084756
0.030987
-0.004114
0.026511
0.044347
-0.049924
0.048834
0.005316
0.073371
0.060058
-0.013763
0.046453
-0.000136
0.065434
0.123238
-0.025265
0.022909
0.018265
-0.027939
-0.032610
-0.026009
0.026975
0.043998
0.026577
-0.087022
-0.112076
0.011054
0.050920
0.086376
0.043392
-0.040569
0.058609
-0.009449
-0.037484
-0.055702
0.014615
0.109757
-0.006388
0.043320
-0.039436
-0.019206
-0.009379
0.036476
0.089440
0.117595
0.121821
0.106998
0.017090
0.071534
0.113864
0.092070
0.072468
-0.008589
0.029853
0.089051
-0.021613
0.046603
0.074340
0.000270
-0.028128
0.000024
0.071282
-0.030444
-0.016462
-0.020531
0.008671
-0.002924
0.063510
-0.049029
0.044087
-0.022583
0.015952
0.019942
-0.003692
0.041764
0.082699
0.030500
-0.133505
-0.012541
-0.072680
-0.052125
-0.028969
-0.061631
-0.001979
0.074183
0.010390
0.034629
0.069136
0.015726
-0.081715
0.059985
-0.082137
0.025563
0.110251
-0.072331
0.040138
-0.032944
-0.067471
0.082846
0.029019
0.106757
0.053982
0.095128
0.016842
-0.014996
0.014888
-0.032855
0.007312
0.048121
0.021004
-0.028825
-0.021081
-0.101334
-0.093306
-0.072504
-0.022907
-0.093557
-0.057901
-0.000895
0.045800
0.120390
0.075193
0.022381
0.027569
-0.097101
-0.013241
0.122966
0.087621
0.022053
0.010234
-0.046174
-0.023759
0.048389
0.018626
0.122265
0.104750
0.054245
0.064038
-0.056541
0.024120
-0.028340
-0.102253
-0.030395
-0.059833
-0.147083
-0.094182
-0.102345
-0.063109
-0.046466
0.070016
-0.009037
0.050964
0.062376
-0.044584
0.043009
0.043514
0.029602
0.045643
0.021401
-0.024379
-0.028216
-0.111714
-0.082528
-0.011859
0.094544
0.089285
0.039195
-0.007364
-0.062479
0.069361
0.027733
-0.043510
0.029578
0.020474
0.025843
0.092535
0.131499
-0.048382
0.040794
0.006866
0.102225
0.124331
-0.034633
0.000719
-0.072076
-0.097454
-0.016679
-0.107528
-0.048163
-0.008861
0.047977
-0.058079
0.011551
0.043993
0.089170
-0.016359
0.048443
0.113618
-0.032401
-0.054702
-0.053778
-0.142460
-0.038289
-0.049460
0.061442
-0.005318
0.001275
0.014520
0.087162
0.025320
0.042775
-0.027814
0.034287
0.053839
0.040586
0.140116
0.008788
0.082365
0.046972
0.026562
0.028542
0.024327
0.043843
0.044371
0.056936
0.068878
-0.019545
0.016260
0.025085
-0.033589
-0.003370
0.044902
0.025947
0.066677
0.027775
0.001915
0.015049
-0.028029
0.041017
0.089006
-0.104617
-0.031277
-0.006112
-0.017332
0.080013
0.017910
0.062226
0.040516
-0.032746
0.030795
0.017268
0.058145
0.090401
0.077630
0.005593
-0.078863
-0.080282
-0.011398
0.037332
-0.107397
-0.071054
-0.011354
0.022048
0.025097
0.046278
0.031893
-0.053927
-0.089036
0.021367
0.047353
-0.006532
0.024904
0.072133
-0.031959
-0.008167
0.086795
0.024448
-0.005875
0.018836
0.009938
0.094296
0.024584
0.157674
0.076509
0.073558
0.027037
0.025209
0.164909
0.000014
0.064513
0.041161
-0.029212
-0.034657
-0.017643
-0.038500
-0.038571
0.025158
0.026374
0.018474
0.007016
0.054638
0.039339
0.018534
-0.004216
0.031627
0.020616
0.004903
-0.020045
-0.003312
-0.013282
-0.093045
-0.033127
-0.019524
-0.073360
-0.026517
0.034072
0.024364
-0.068639
-0.039534
0.107644
0.069673
0.076105
-0.022182
-0.025215
-0.017774
-0.071123
0.036644
0.081524
0.038667
0.039054
-0.114542
-0.085322
-0.026347
-0.015614
0.101321
-0.056999
-0.077899
0.019185
0.017634
0.012698
0.079550
0.125448
0.039510
-0.052947
-0.084830
0.031134
0.007649
0.081871
0.018413
0.008937
0.081725
-0.056861
-0.019175
0.049348
-0.003664
0.065748
0.062484
-0.040850
-0.069773
-0.056978
0.034101
-0.038497
-0.002696
0.010206
-0.016552
-0.013364
0.011732
0.097403
-0.015615
0.076489
0.048876
0.068205
0.030039
-0.141222
0.034037
-0.000647
-0.031192
0.037368
0.039910
0.054210
-0.106573
-0.014762
-0.041718
0.041939
-0.026507
0.022608
0.067640
-0.019283
-0.038207
-0.068066
-0.037548
-0.048893
-0.067749
-0.058096
0.021602
-0.050518
0.014504
0.004638
-0.062276
0.048719
0.004559
-0.038408
-0.091001
-0.120898
-0.096177
-0.002860
-0.083456
-0.039634
-0.015561
-0.005694
0.027782
0.063595
0.025727
0.137845
0.072449
0.043278
-0.016481
-0.022896
0.033478
-0.031829
-0.049644
-0.068697
-0.038319
0.016461
0.028181
-0.066667
0.029809
-0.023612
0.024028
0.036329
-0.055685
-0.007854
-0.033836
0.076774
0.127306
0.012671
0.007222
-0.003110
0.016865
0.023368
-0.009915
0.015272
-0.025720
0.063180
-0.005815
-0.012756
0.078236
-0.039726
0.069734
0.038893
0.019653
-0.044712
-0.009474
-0.003166
0.027995
0.063144
0.014028
0.039740
0.045652
-0.014565
0.076386
0.000795
0.055942
-0.040238
-0.030507
0.032870
-0.033092
-0.050144
0.015346
-0.042796
-0.092781
0.059878
-0.013857
-0.021109
-0.009707
-0.053725
-0.048741
-0.007795
0.051821
0.163136
0.058110
0.025682
-0.037817
-0.023607
0.065992
0.057064
0.034515
-0.025620
-0.046063
0.036270
0.069588
0.090910
0.133821
0.066191
0.044169
-0.055429
-0.075187
0.004574
-0.042335
0.025712
0.067182
-0.034085
-0.021251
-0.099896
-0.022517
0.036007
-0.010430
-0.060796
-0.044043
-0.032676
0.044161
-0.032463
-0.049430
0.011856
0.023814
-0.006253
-0.026934
0.034482
-0.054240
0.020525
-0.055535
-0.030816
0.000144
0.037540
0.074172
-0.023892
0.021884
-0.070446
-0.107388
-0.021668
-0.087266
-0.054212
0.068463
-0.031587
-0.116653
-0.109342
0.017591
0.042065
0.063702
-0.036885
-0.059018
-0.019396
-0.052185
-0.102709
-0.089006
-0.066668
0.145295
0.085386
-0.091718
-0.116731
-0.035367
0.017561
0.048384
0.098791
0.089638
-0.040888
0.040772
-0.041503
0.031020
0.015177
0.005931
-0.035096
-0.039899
-0.079785
-0.074369
-0.048544
-0.017687
-0.045438
0.051186
-0.043628
-0.013588
0.083786
-0.018705
0.070545
0.072251
0.035090
-0.008956
-0.071126
-0.025969
0.017636
0.050271
-0.159963
-0.001956
0.016087
-0.012683
0.020756
0.048397
-0.062370
-0.051350
-0.027316
-0.101229
-0.091366
-0.034131
-0.007506
0.022710
0.027288
-0.091685
-0.013134
0.087112
0.058275
0.008209
0.035565
0.020760
0.060837
-0.011537
-0.019079
0.031003
0.008769
-0.082280
-0.011807
-0.018039
0.035796
0.031148
0.026687
-0.065996
-0.060408
-0.024744
-0.001635
0.065537
0.062041
0.002339
0.069638
0.031235
-0.018485
-0.065015
-0.003542
0.068489
-0.028331
-0.042895
0.059027
0.047769
-0.016919
-0.017076
-0.021168
-0.014346
-0.080729
0.014868
0.028703
0.068555
-0.017120
-0.069179
-0.042852
0.019083
-0.010453
-0.044171
0.025004
-0.051527
0.052884
-0.055537
-0.009558
0.006965
0.079168
0.026572
-0.051900
-0.060807
0.018321
-0.078094
0.068519
0.076655
-0.023512
0.066783
0.059074
-0.048289
0.026580
0.023992
-0.002395
0.068654
-0.025299
0.008760
0.019914
0.102843
-0.026457
-0.019938
-0.008517
-0.038090
-0.009647
0.046387
0.019192
-0.001022
0.031804
0.029847
0.034318
0.025227
0.051587
0.060796
0.102695
0.107203
0.008423
0.014561
-0.089216
0.014448
-0.011279
-0.057928
0.064095
-0.020625
-0.083340
-0.102186
-0.034278
0.014098
0.010836
0.077769
0.000485
-0.096294
0.009720
0.043331
-0.022086
-0.007612
0.056629
0.061956
0.124742
0.223255
0.019269
0.071503
0.152020
0.074516
0.026534
0.001991
-0.001754
0.071100
0.041485
0.014246
0.069171
0.028620
0.039658
0.011131
0.023674
0.107451
0.055713
0.049962
0.051356
0.073107
0.091062
-0.061142
-0.052573
-0.060941
-0.067477
0.007628
0.075708
-0.036944
0.058470
0.031215
-0.045968
0.083105
-0.018352
0.067810
0.058870
-0.049237
0.066463
0.030419
0.022645
0.061679
-0.052605
-0.076522
-0.036669
0.083949
0.042387
-0.081644
0.017547
0.003665
0.022217
0.063348
0.043425
-0.009146
0.061922
-0.030717
-0.041619
0.065063
-0.015757
-0.023131
-0.070297
-0.041860
-0.108575
-0.024794
-0.047577
-0.003375
0.050677
0.094298
-0.021149
-0.044619
-0.027848
-0.008227
0.027210
-0.064612
0.020899
-0.004895
0.035939
0.028029
0.089604
-0.013829
-0.100778
-0.097149
0.051801
-0.018245
-0.044028
0.018708
-0.040596
-0.015091
-0.035765
-0.063670
-0.036269
0.050006
0.075684
0.007992
0.051876
0.093378
0.105858
0.040165
-0.035122
-0.017048
0.006594
-0.075184
0.043547
0.020045
-0.014263
0.082040
0.057592
0.115350
0.142209
0.069507
0.061148
-0.028410
0.008866
-0.032230
-0.033956
-0.034814
-0.066071
-0.027739
0.086561
-0.023301
0.036110
0.011766
-0.040202
0.033563
0.074808
0.005312
-0.062082
0.124741
0.077018
-0.055482
-0.007900
-0.040158
-0.030830
-0.008548
0.007646
0.035388
0.076738
0.037237
-0.021568
-0.023137
-0.030622
0.092676
-0.076975
-0.126132
-0.096532
0.019456
0.019726
-0.010407
-0.010730
-0.103733
-0.095645
-0.023341
0.015225
0.048708
0.028881
-0.026480
0.101119
-0.049605
0.026771
-0.016705
-0.030430
-0.021396
-0.059830
0.033027
-0.095007
-0.066665
-0.027458
0.034247
-0.007467
-0.095151
0.008843
0.062650
0.058222
-0.045268
-0.010948
0.097417
0.038948
0.056686
-0.112684
-0.035713
0.000635
-0.035687
0.039142
-0.103415
0.012443
0.083084
-0.031998
0.036620
0.047271
-0.080057
-0.053318
0.046388
0.001023
0.083559
-0.001809
0.011226
-0.093778
-0.010460
0.091942
0.015320
0.002690
0.018533
0.046298
-0.030647
-0.004187
-0.012925
-0.020861
0.059681
-0.063521
-0.009103
0.003404
0.009225
0.095535
0.069097
-0.031057
0.005759
0.054088
0.040630
0.109937
0.081078
0.047173
0.016642
-0.009422
-0.021912
0.146310
0.017263
0.057171
0.116271
0.044396
-0.009422
0.036796
0.071996
-0.030473
-0.036999
0.084150
0.048408
0.046010
0.001836
-0.070293
0.017754
0.037718
-0.042197
-0.032024
0.061244
0.087857
0.132861
-0.019783
-0.051149
0.001391
0.023893
0.081360
0.114495
0.097726
0.108128
0.101895
0.091332
0.073474
0.037636
0.137065
0.099314
0.013630
0.064160
0.034160
0.044509
-0.033607
0.026151
0.072244
-0.000784
-0.011445
-0.013019
0.050289
0.039697
0.000493
-0.048870
-0.111993
-0.012528
-0.021683
-0.024002
0.020409
0.002206
-0.008629
0.069135
0.073336
0.128074
0.116725
0.157335
0.002219
0.032553
0.029495
-0.028000
0.025244
0.018456
-0.066794
-0.021735
-0.049814
-0.050009
0.017858
-0.038465
0.040669
0.099237
-0.032311
0.001120
0.068584
0.090591
0.082857
-0.010909
0.006733
0.045916
-0.034626
-0.016278
0.030413
0.122627
0.070819
0.062366
-0.014796
0.111630
0.059251
0.021530
0.112541
-0.078898
-0.023572
0.052658
0.029503
0.043478
0.025410
0.066492
0.027444
0.022987
-0.032914
0.033848
0.011184
0.076551
-0.006920
0.040532
0.036378
0.040299
-0.032017
-0.003098
0.071508
-0.007602
-0.023879
-0.000261
-0.016252
0.014048
0.094810
0.050082
-0.008174
-0.013801
0.014159
0.111770
0.048222
0.096650
0.159562
0.060646
-0.013506
-0.055638
0.034037
-0.016304
0.087766
0.143589
0.052353
0.026201
0.111650
0.037293
0.131620
-0.067794
-0.008547
0.093614
0.023515
0.053668
0.110867
0.037904
0.100325
-0.061578
0.051746
0.076729
-0.070883
0.052132
-0.018414
-0.038848
0.054846
0.091861
0.121583
0.009842
0.033114
0.037548
0.068406
0.036510
-0.038605
0.038509
0.019108
-0.026014
-0.047893
0.044648
0.030462
0.034559
-0.024251
-0.029480
-0.000674
0.011639
0.017044
-0.128829
-0.055422
-0.017459
-0.008841
0.062192
-0.076476
0.003841
0.037636
-0.014674
-0.051255
-0.038925
0.000991
-0.069116
-0.046718
0.041667
0.079390
0.016377
-0.047032
-0.041288
-0.078667
-0.032432
-0.009919
0.052154
0.075387
0.010047
0.102115
0.074311
0.050270
-0.001293
0.052365
-0.016194
-0.095227
-0.025346
0.021256
-0.037605
0.092354
0.044509
0.023183
0.011246
0.019788
-0.010350
0.108284
-0.005818
0.024342
0.055355
0.089477
0.128873
-0.024335
0.008547
0.022009
-0.011734
0.000680
0.074103
0.059496
0.045387
-0.007828
-0.075893
-0.109724
0.065307
-0.070550
-0.064303
0.044837
0.018519
-0.047273
-0.041161
0.047731
0.022946
0.012486
-0.066229
-0.044201
-0.049348
0.043501
0.044228
0.025888
0.009355
-0.082971
0.069612
0.084659
0.007361
0.003971
-0.010916
-0.048336
-0.020763
0.084705
0.047773
0.019701
0.075774
0.072024
0.044354
0.036720
-0.033189
-0.045393
-0.077937
0.060160
0.121954
0.026571
0.008368
-0.009309
0.031695
-0.037948
-0.025991
-0.007297
-0.012215
-0.077476
-0.060876
-0.070996
0.044619
0.056347
-0.016726
-0.009466
-0.032983
0.055234
-0.052884
-0.114689
-0.074279
-0.072684
-0.069509
0.022412
-0.021927
0.018766
0.083133
0.107597
0.095472
-0.002309
0.077103
-0.050993
-0.016619
0.025794
0.047160
0.035755
-0.008921
-0.041083
0.005528
0.075738
0.031752
-0.113535
-0.046024
0.027445
0.020307
-0.070529
-0.064974
0.005104
0.066385
0.055315
0.025970
0.032478
-0.004675
-0.030981
-0.124814
-0.005492
0.022219
-0.035026
0.028795
0.035128
-0.017153
-0.055573
-0.022144
0.126390
0.040343
0.073167
0.055738
0.022059
0.066941
-0.048792
-0.028691
0.028699
0.056794
-0.091803
0.011328
-0.048873
-0.080108
-0.026483
-0.025973
0.071042
0.039776
-0.037795
-0.051580
-0.035028
-0.044884
-0.015885
-0.076145
0.061006
0.022094
-0.015208
0.074842
0.048296
0.033572
0.049424
0.084793
0.010831
-0.004103
-0.003411
0.041218
0.033929
0.003932
-0.086839
-0.014286
0.024806
0.018895
-0.105121
0.050758
0.024052
-0.040809
0.099232
-0.016277
0.029143
-0.032731
-0.048099
-0.110769
-0.043864
-0.049845
-0.054214
-0.030717
0.021471
0.140979
0.090852
0.026156
0.137111
0.057706
0.003618
-0.055180
-0.110457
0.007696
-0.018531
-0.012353
0.070785
0.089290
-0.007960
-0.008036
-0.014914
-0.012194
-0.079284
-0.056936
-0.026473
-0.022671
-0.072129
-0.059731
0.009445
0.023107
-0.007465
0.049925
0.047772
-0.005424
-0.010180
-0.000187
0.020591
-0.050448
-0.062618
0.030668
0.052211
0.045771
0.099797
0.092816
0.006688
-0.027531
0.009373
0.073189
-0.043028
0.018882
0.089951
0.035049
0.002221
-0.030003
0.047103
-0.016367
0.039005
0.085895
-0.007732
0.035859
0.075949
0.030701
-0.021558
0.003203
0.033394
0.013460
0.103173
0.034921
-0.099004
-0.058470
0.006988
-0.049016
0.000819
0.089381
0.046609
0.075017
0.073942
0.015199
0.084511
0.027498
0.013817
0.064561
0.016143
0.090294
0.052942
0.001783
0.006922
0.041821
0.022443
0.025500
0.115705
0.007897
0.014893
0.057513
0.036109
0.015459
0.074763
-0.079192
-0.069943
0.059944
-0.119857
-0.003112
-0.064061
0.109422
-0.021317
0.003469
0.105804
0.004781
-0.031315
-0.017580
0.043893
-0.006511
0.018332
0.046508
0.048990
0.024371
-0.086173
-0.038060
0.001582
0.078222
0.117902
-0.002165
0.035661
0.016554
-0.018287
0.052887
-0.010424
-0.101947
-0.039289
0.038665
-0.062808
0.034536
0.032225
0.083020
0.196794
0.061640
0.078037
0.023601
0.034264
-0.006902
0.000810
0.064207
0.012218
0.115277
0.091737
0.100758
0.085232
0.068687
-0.068541
-0.076693
0.017739
-0.031312
-0.074619
-0.125276
-0.051564
-0.038517
-0.006088
0.051085
0.020948
-0.006101
0.028275
-0.043701
-0.044345
-0.103942
0.054375
0.000622
-0.079978
-0.018945
-0.064321
-0.111982
-0.098508
-0.036241
-0.052209
0.017411
-0.068651
-0.091853
-0.057764
-0.125790
-0.073517
0.077498
0.005777
-0.029459
0.036820
-0.032245
0.065983
-0.005716
0.000544
0.088145
0.057421
0.002109
-0.089319
0.055065
0.008784
-0.012353
-0.067544
-0.102606
-0.052352
-0.017937
0.000584
0.034357
-0.065295
-0.044808
-0.012683
-0.032593
-0.043146
-0.033355
0.044529
-0.008826
0.052845
0.070982
0.023677
-0.041755
-0.017649
0.006998
0.001226
0.033686
-0.013029
0.056233
0.077112
-0.022817
0.010981
-0.005097
0.028397
-0.027052
-0.007413
0.029912
-0.018645
0.041315
0.024683
0.045091
0.104570
-0.009183
-0.005868
0.080130
0.040158
0.040878
0.042080
0.025537
-0.024977
0.090213
-0.041917
-0.028139
0.039022
-0.043240
-0.016950
-0.056240
-0.019649
0.048112
0.019521
0.067550
-0.068362
-0.066765
-0.033709
-0.030317
-0.001956
0.032226
-0.117967
0.012366
0.045331
-0.023938
-0.102554
-0.123513
-0.011831
0.017183
0.059919
-0.047716
-0.029941
-0.048361
0.044006
-0.074617
-0.081182
-0.092536
-0.120726
-0.132065
0.026204
0.031047
0.006877
0.130925
0.091163
-0.004793
-0.045858
0.004532
0.005504
-0.017699
0.007841
0.016283
-0.035902
-0.051236
0.038623
0.046839
-0.004494
-0.023752
0.036919
0.044171
-0.004248
-0.039856
-0.015407
-0.065856
-0.076704
-0.093228
-0.000538
0.026462
0.073801
0.011284
-0.061688
0.033565
-0.098153
-0.160382
-0.068031
-0.131989
-0.052701
-0.039166
-0.032523
-0.020693
0.004285
-0.039705
-0.002356
0.019967
0.117360
0.081780
-0.023039
0.039156
0.000619
-0.017109
0.039151
0.000142
0.057945
0.013596
0.073726
-0.009324
-0.067718
-0.005257
0.006150
0.028335
0.026790
0.041892
-0.000330
0.006945
-0.008370
-0.027907
-0.013393
0.060264
0.025531
-0.026823
0.005303
0.023693
0.006038
0.011308
0.035764
-0.030797
0.038314
0.000816
-0.111092
0.023169
0.012380
-0.025686
0.031163
-0.008595
-0.045825
0.048453
0.013390
-0.021560
0.108256
-0.010529
0.056540
0.011055
0.036711
0.046529
0.100329
-0.023020
-0.007386
-0.081757
-0.031703
-0.044836
-0.076662
0.056852
-0.023271
-0.041321
0.001959
-0.000478
-0.038316
0.061019
0.060937
0.086247
0.107940
-0.001206
0.000391
0.019437
0.084432
-0.011740
-0.073705
-0.108696
-0.084621
-0.049470
-0.055451
-0.053117
-0.032467
0.029487
0.076693
-0.003710
0.094647
-0.041341
-0.046527
-0.048802
-0.077147
-0.005914
-0.010502
-0.035384
0.018001
-0.056955
-0.108214
-0.012936
0.015446
-0.017015
0.046201
0.028281
0.020966
0.060812
-0.011298
-0.006394
0.141714
0.086412
0.088194
0.036256
0.032025
0.006432
0.101194
0.067417
-0.133675
-0.038747
-0.008829
-0.042117
0.071597
0.042225
0.045511
0.017860
-0.024826
0.004245
-0.005749
0.021457
0.068890
0.052026
0.013314
0.075125
0.006452
-0.054920
-0.006283
0.023554
0.008287
-0.066328
-0.036078
0.037341
0.078279
0.106257
0.063588
0.047409
0.022872
0.014687
0.022519
0.060770
0.027503
0.036631
0.021456
0.040889
0.043807
0.053902
-0.036208
-0.049697
0.045994
-0.022768
0.057355
0.051395
0.045173
-0.015008
-0.123149
0.031023
-0.028030
-0.051779
-0.000100
0.020811
0.090808
0.015405
0.000509
0.003281
0.015749
-0.025673
-0.026957
-0.009038
0.011566
-0.032014
-0.001869
0.052815
0.006047
0.114571
0.127153
0.017650
0.031489
0.099753
0.054838
-0.030548
-0.042812
0.037046
-0.014030
-0.017097
0.117869
0.038106
-0.038938
0.006649
0.033056
-0.006755
0.032247
0.023679
-0.032300
-0.060224
-0.005286
-0.060031
0.016370
0.017741
-0.015103
0.049693
-0.053213
0.065294
0.052071
0.013537
-0.037201
-0.067592
-0.033066
-0.056825
-0.056741
-0.059317
0.014483
0.116495
0.015009
0.037599
-0.004724
-0.072553
0.089514
0.030333
-0.007461
0.050701
0.027728
0.052743
0.020516
0.078068
-0.002265
0.040708
-0.012436
-0.064244
0.080532
-0.010213
0.026593
-0.134985
0.007701
-0.080402
-0.111154
-0.116514
0.015091
-0.058218
0.012455
0.050315
-0.053425
0.017493
0.025349
-0.007743
-0.037046
0.008199
-0.060803
-0.006094
0.007509
-0.094743
-0.041613
-0.020293
-0.086295
0.035920
0.075214
0.018902
0.023774
-0.068324
-0.120601
-0.066561
0.004089
-0.061370
-0.051385
-0.019775
0.051206
0.046976
0.014745
-0.026547
0.019397
-0.028021
0.069137
0.109122
-0.029758
0.020854
0.008291
-0.076372
-0.048164
0.019966
0.012688
-0.006823
0.008178
0.001705
0.032259
0.042180
0.024909
0.068376
0.053718
0.057945
0.067300
-0.028846
-0.011837
-0.087576
-0.078624
-0.048189
0.002534
0.018875
-0.095078
0.029477
0.015975
0.040501
0.142239
0.059087
0.096843
0.067460
-0.031795
-0.049009
-0.065664
-0.025552
0.030335
-0.034096
-0.015207
-0.001065
-0.039827
0.050374
0.146454
0.092550
0.082056
0.016032
-0.049398
-0.019534
0.025783
0.013248
0.120463
-0.007210
0.007170
0.003225
-0.129460
-0.026669
0.027987
0.013340
-0.021640
0.074949
0.040799
0.031090
0.029086
-0.031408
0.013809
0.063315
0.008185
-0.098991
-0.041349
0.068593
0.058378
-0.046584
-0.055026
-0.053568
-0.038786
0.094118
0.064260
-0.045359
0.046258
0.021731
0.008198
0.037405
-0.008482
0.069392
-0.008003
-0.125234
0.038818
0.017909
0.095231
-0.054994
-0.110208
-0.043693
-0.060139
-0.136631
-0.036495
0.060154
-0.028778
-0.057139
0.011141
-0.015769
-0.041000
-0.037139
-0.095070
-0.071855
-0.053848
0.022392
0.007579
0.054690
0.000436
0.054848
-0.032430
-0.057708
-0.046672
-0.078259
0.004470
-0.029370
0.042998
0.004964
-0.053277
-0.018660
-0.013443
0.009228
-0.019014
0.043143
-0.000828
0.031073
0.001320
0.066450
0.016812
0.017529
0.036363
0.061297
0.015804
-0.052495
-0.032175
0.008969
0.013173
-0.099393
-0.020178
-0.040248
0.104043
0.112691
0.013017
0.023353
-0.057474
0.055616
0.055144
-0.086071
0.061150
0.077596
0.054385
0.030808
0.078441
0.052505
-0.057419
-0.015677
0.047193
0.073480
0.042028
0.061513
0.003217
-0.010968
0.157021
0.062713
-0.005242
0.002692
-0.123150
-0.079423
-0.030388
0.025168
0.098288
0.071337
0.030044
0.096399
0.028961
-0.014183
0.004573
-0.022573
-0.014430
-0.008420
0.069764
0.005984
0.020590
0.077257
0.014097
-0.000003
0.045682
0.004073
-0.038952
-0.019141
-0.011214
0.033750
0.076854
0.048712
-0.040614
0.003906
0.032123
-0.039126
-0.023897
0.037753
-0.050598
0.093412
0.089493
-0.043914
-0.045914
0.012996
0.134025
0.064559
-0.073430
-0.016592
0.093366
0.007743
0.050400
0.047586
-0.056220
0.047420
0.091422
0.011472
-0.023205
0.014813
0.029330
0.012275
0.080744
0.009927
-0.138436
-0.022102
-0.068818
-0.036422
0.032007
-0.009738
0.051147
0.060118
-0.029240
-0.025980
-0.017290
0.041173
0.066022
-0.081193
0.010900
0.032631
0.018368
-0.042861
-0.017863
0.053841
0.005962
0.034221
0.007016
0.036452
0.005660
-0.028709
-0.009825
-0.048351
0.019923
0.040809
0.016919
0.166991
0.001028
0.030965
0.049036
0.071600
0.044058
-0.013552
-0.044010
0.031896
0.057090
0.112730
0.015336
0.006175
0.044203
0.088829
0.043681
-0.035816
-0.074013
-0.064827
0.017341
0.104593
0.053093
-0.009805
-0.005002
-0.005340
-0.004908
0.115014
-0.086358
-0.117305
-0.052235
-0.029592
-0.004992
0.056717
-0.027467
-0.020129
-0.033562
0.030551
0.036866
-0.029941
-0.007913
0.040327
0.036525
0.098159
-0.005885
0.020872
-0.014503
-0.038811
0.029132
0.047857
-0.031104
0.007835
0.051381
0.018674
-0.040331
-0.060303
0.017077
0.061101
0.079188
-0.011902
0.073259
-0.005118
-0.018149
0.015507
0.076783
0.060162
0.048310
0.010206
-0.008035
-0.073656
-0.058455
-0.051683
0.025112
-0.018002
0.032838
0.076565
-0.014884
0.006564
-0.044483
-0.121146
-0.056759
-0.039489
0.004802
-0.060872
-0.031407
0.087901
0.082883
-0.056386
-0.030617
-0.008884
0.084820
0.023894
-0.030615
-0.021461
0.061252
-0.036318
0.006313
0.001541
0.055146
0.066444
0.006865
0.075576
-0.012988
0.009611
-0.096226
-0.056004
0.039370
-0.007968
0.035059
0.076260
0.066466
0.043217
0.041731
0.025576
-0.044607
-0.130419
-0.017918
-0.016657
-0.090044
-0.016341
0.117081
0.088745
0.048761
0.063760
-0.042974
-0.021656
0.068202
0.065023
-0.097175
0.076370
0.005493
-0.031853
0.091868
-0.072439
-0.014588
-0.062555
-0.021646
0.031531
0.009970
0.000916
-0.004350
0.066506
-0.011740
0.035315
-0.192336
-0.047862
-0.025581
-0.086739
-0.082811
-0.057876
0.007698
0.010940
-0.101038
0.058996
-0.017637
-0.004495
0.039077
0.078493
0.054597
0.037869
0.026121
-0.080739
-0.027013
-0.037862
-0.087843
-0.054897
-0.074145
-0.019655
0.031375
0.048740
0.003672
0.016790
-0.060508
-0.103587
0.000786
0.057679
-0.040206
-0.061822
0.004452
-0.007705
-0.004633
0.060655
-0.029077
0.074171
-0.038220
0.019148
-0.060555
-0.045898
0.098518
0.092793
0.030991
0.056921
0.043913
0.055004
-0.031490
0.038583
-0.002070
0.048959
0.017957
-0.001909
0.015578
-0.009116
0.059562
-0.015498
-0.116943
-0.122195
-0.054724
-0.020530
0.038596
0.074371
0.053120
-0.055959
0.137805
-0.002480
0.042035
0.033063
-0.035942
-0.079046
-0.099224
-0.001808
-0.030517
-0.128721
-0.043101
0.036894
-0.080876
0.024183
0.033198
0.033601
0.080129
-0.013325
-0.053522
-0.036177
-0.038357
-0.076279
-0.005971
0.049303
0.004737
0.044265
-0.010299
-0.028698
-0.046740
-0.108019
-0.062917
-0.074526
-0.007746
0.085287
0.078801
-0.024927
-0.022836
-0.037426
0.008984
-0.086432
0.064472
0.107293
0.033973
-0.004173
0.012962
0.038733
0.033502
0.002269
0.042004
0.014566
-0.031656
0.041911
0.022594
0.022556
0.051068
0.042114
0.000615
0.056114
0.049548
0.004620
0.038570
-0.021000
0.027514
0.095338
0.047303
0.052327
-0.006409
0.078918
0.041046
0.031218
-0.038984
-0.030189
-0.055402
-0.054847
-0.028062
-0.065675
-0.088062
0.070383
-0.016242
-0.045379
-0.019966
-0.016431
0.027767
-0.004189
0.050335
0.073650
0.046748
-0.011151
0.051175
0.087028
0.163133
-0.039053
-0.016523
0.018334
0.052961
0.046463
-0.044587
-0.082019
-0.091417
0.010559
-0.053808
-0.031260
0.091218
0.030569
0.093860
-0.056539
-0.013151
0.025563
-0.079989
-0.060659
-0.011127
0.057189
-0.054553
-0.099590
-0.078664
0.009605
0.010107
0.042020
-0.016664
-0.102242
-0.035608
-0.023093
0.040211
-0.045744
0.056285
0.001049
0.003379
-0.021243
-0.090805
0.084113
-0.020498
0.010101
0.007514
-0.052690
-0.011873
0.005144
-0.057005
-0.062307
-0.043873
-0.076959
0.021827
0.121645
0.056070
-0.002873
-0.070552
0.037398
0.055385
0.074277
0.043769
0.076601
0.050581
0.024516
-0.041024
-0.024819
-0.048271
0.064643
0.002686
0.028413
0.089402
0.101379
-0.024180
0.061524
0.103076
-0.090081
-0.114789
0.027124
0.013726
0.023749
-0.000169
0.000970
0.004685
-0.111812
-0.005104
0.005083
0.023806
0.014749
-0.006751
-0.073816
-0.034793
0.030661
-0.013372
-0.047963
-0.035173
-0.073756
0.096901
-0.099613
0.051146
0.040271
0.047871
0.092410
-0.057435
-0.030996
0.016916
0.040207
0.018324
0.021008
0.062123
-0.023876
-0.053958
-0.005920
-0.020938
-0.128775
0.018129
0.019045
-0.054934
0.003393
-0.025470
-0.059976
-0.028852
-0.048823
-0.012121
-0.012424
0.100217
-0.014580
-0.025183
-0.021415
-0.086628
0.005958
0.076915
-0.051919
-0.042457
-0.054878
0.014768
0.022203
-0.091435
0.003797
-0.023225
-0.014767
-0.000250
0.018730
0.119306
0.129123
0.137442
-0.069142
-0.004458
0.061051
-0.062908
-0.009795
0.026663
0.022944
-0.053868
-0.008393
-0.005483
0.009624
-0.051733
-0.001913
-0.046134
-0.021612
0.038807
-0.032892
-0.037083
0.051273
0.051858
-0.041034
-0.091546
-0.030077
0.066754
0.011077
0.030430
0.051749
0.133026
0.016353
-0.034905
0.025429
-0.115176
-0.017458
-0.023905
0.031704
0.077633
0.036353
-0.066137
-0.002003
-0.058661
0.060398
-0.043265
-0.016626
0.032679
-0.102063
-0.035631
-0.032143
-0.022844
0.038519
-0.054756
-0.087300
-0.037782
-0.017339
-0.026100
-0.000501
-0.015671
0.035207
-0.006106
-0.078086
-0.155830
0.018866
0.042890
-0.034568
0.082459
0.116314
0.082888
-0.063356
-0.068137
0.081278
-0.054381
0.037076
-0.072006
-0.058373
0.070162
0.045884
-0.060142
0.037706
0.032668
0.167637
0.080158
0.115609
0.029279
-0.003967
0.012202
0.088747
0.032376
-0.056161
0.027665
-0.143378
-0.039915
0.045815
0.043759
-0.032999
-0.060017
0.030415
-0.019833
-0.016416
-0.065828
-0.033160
0.009905
-0.048921
-0.027276
0.072557
0.055371
0.108528
0.047151
0.031359
0.009251
-0.056304
0.001277
0.074018
0.046148
0.027802
-0.011188
-0.025605
-0.020062
-0.009982
-0.047547
-0.032899
-0.003294
0.015125
-0.025830
0.009574
0.037940
-0.027005
0.003003
0.083817
-0.034832
0.010418
0.072754
0.008074
0.054424
0.018270
-0.030538
0.016387
0.005607
-0.051926
-0.086024
-0.069303
-0.061188
0.054067
0.089007
0.007047
0.014639
0.041314
-0.035394
-0.024654
0.015748
0.025262
0.037155
0.022419
-0.034207
-0.049856
-0.031685
-0.084741
0.049694
-0.033051
0.047134
0.071743
0.051172
-0.075010
-0.032833
-0.027801
-0.005945
-0.043229
0.004145
0.092748
0.088300
0.066152
0.026471
0.049415
-0.013171
0.044229
0.056196
-0.010541
0.025087
0.064083
0.112151
0.017971
0.103678
0.104152
0.006415
-0.070535
0.017562
-0.009629
0.028863
-0.029835
0.076053
0.126301
0.048086
0.057388
0.045175
0.005500
-0.025405
0.050208
-0.011064
-0.040575
-0.044772
-0.013964
-0.057660
0.000481
-0.079314
-0.006446
0.020187
0.001040
-0.001761
0.054075
-0.044468
0.096614
0.050562
-0.052422
0.019330
0.031666
0.022269
-0.069137
-0.043219
0.085762
-0.011621
-0.094639
0.015864
0.059120
0.059174
0.020091
0.046100
0.110448
-0.008243
-0.035698
-0.062370
-0.035059
0.034432
-0.034211
0.039368
-0.015496
-0.089114
0.027873
0.036032
0.009248
0.004331
0.015799
-0.002649
-0.081475
-0.054561
0.018126
0.025843
0.003871
-0.015545
-0.028067
0.074204
0.056476
-0.013812
-0.000060
-0.057363
-0.032313
0.026166
0.052548
-0.020624
-0.035605
0.015749
-0.063916
-0.141333
-0.081019
0.017255
-0.009956
0.082240
0.036452
-0.018470
-0.045604
-0.010988
-0.037036
0.000295
0.039961
0.082436
-0.014425
-0.070610
0.030384
-0.018583
-0.120872
-0.058416
-0.044262
0.055382
-0.020629
0.057193
0.043017
0.011550
0.019431
-0.056457
-0.020170
0.004383
-0.045666
-0.085026
-0.084719
-0.073984
0.090842
0.029367
0.074673
0.091443
0.019510
0.019512
0.044236
0.019578
-0.009450
0.180987
0.046838
0.062487
0.122166
-0.063033
0.035482
0.025443
0.065030
0.069388
0.017373
0.041716
0.076144
-0.007490
-0.054289
-0.016633
-0.012780
-0.043970
0.048504
-0.047373
-0.004267
-0.010119
-0.076936
-0.002768
-0.033428
-0.011348
-0.053991
0.084246
0.207053
-0.051895
0.038503
-0.056415
-0.052074
0.072642
-0.090918
-0.002637
-0.053161
-0.069294
-0.018962
-0.021588
0.014881
0.037148
0.036860
0.006773
0.009143
-0.026532
-0.099272
-0.100227
-0.022869
-0.111325
-0.037218
-0.028449
-0.008356
-0.028282
-0.005155
0.048505
0.103542
0.132144
0.042233
-0.034158
0.040548
0.029365
0.072338
0.034482
0.013834
0.033593
0.087159
0.012664
0.036037
0.038040
0.058332
0.091941
0.036628
0.053592
0.000819
-0.035180
-0.054526
-0.143857
-0.006216
-0.059370
0.040539
-0.039727
0.050809
0.006379
-0.051192
0.018910
0.009738
0.038240
0.045247
-0.030286
-0.002227
0.007108
0.046745
-0.008805
0.071384
0.062210
0.015163
0.158272
0.098161
0.025905
0.159647
0.026349
0.033721
0.002001
0.093334
0.022651
-0.052013
-0.095257
-0.045315
-0.010556
0.107132
-0.017494
-0.022512
-0.025458
-0.009471
0.013705
-0.072121
0.081060
-0.003117
-0.006424
0.030400
-0.047911
-0.015758
0.020557
0.067953
-0.032114
0.069010
0.063746
0.075748
0.074396
-0.076892
0.067456
0.020908
-0.078288
0.048402
-0.032281
0.027779
-0.005404
0.006127
0.080160
-0.091409
-0.050886
-0.008548
-0.104773
-0.002258
0.078687
-0.030535
-0.093043
-0.074205
-0.001264
0.082766
-0.016094
0.069680
0.128481
0.110923
0.044392
-0.001077
-0.036848
0.060788
-0.015387
0.054075
-0.051665
-0.079902
-0.027653
-0.002400
0.007182
0.036034
0.085856
0.088561
0.014647
-0.039800
-0.043374
-0.041007
-0.002982
0.087090
0.029272
0.005234
0.033099
-0.007911
0.046113
0.024243
0.038572
-0.028676
-0.038685
-0.079775
0.047170
0.005808
0.004698
0.037511
-0.010042
-0.007455
-0.062587
-0.021518
-0.013359
-0.020401
-0.099251
-0.023252
-0.044744
-0.026507
-0.069380
0.082911
0.056059
0.000253
0.016978
-0.006399
-0.093057
-0.040617
0.007806
0.069135
-0.047359
-0.042527
0.065631
0.106729
0.024494
0.004796
0.028961
-0.006424
-0.079084
-0.024961
0.013647
-0.024306
-0.051569
-0.069867
0.068858
-0.014575
-0.052429
0.002317
0.098921
0.043622
-0.050167
0.040402
-0.039305
0.030511
0.023848
0.004957
-0.035926
-0.049779
-0.015542
-0.005123
0.063891
0.060549
0.010347
-0.026516
0.130079
0.183329
0.032510
0.020286
0.087267
0.005980
0.013696
0.003097
-0.071805
0.000907
0.005022
-0.037514
-0.020401
0.066868
-0.015398
-0.072033
0.031291
-0.037850
0.003160
0.008487
-0.009715
-0.066681
0.003002
-0.050132
-0.068737
0.016779
0.003372
0.096505
0.073583
0.044890
0.036035
-0.030994
0.005835
0.013967
-0.036502
0.057840
0.007854
-0.049988
0.004594
0.005361
-0.011221
-0.050633
-0.106315
0.035502
0.060841
0.000655
0.023100
-0.012418
-0.048908
-0.010141
-0.112458
-0.018376
-0.051457
-0.092186
-0.021718
-0.018267
0.001784
0.058121
-0.014358
0.048951
0.021822
0.003173
0.024374
0.043426
-0.084720
0.029608
-0.008352
-0.033210
-0.040244
0.055323
0.043770
0.068440
0.072232
0.028002
0.004047
0.001798
0.034776
0.154613
0.025904
0.086003
0.005168
0.021250
-0.053964
-0.099162
0.029480
-0.018870
0.029377
0.055913
0.095917
0.055059
-0.026903
-0.012616
-0.041613
-0.126462
-0.067402
0.009411
-0.021636
-0.056553
-0.047569
0.000907
0.038220
-0.005209
-0.020055
-0.025806
-0.142209
-0.057970
0.039449
0.037938
0.068541
0.065469
0.080685
0.043507
0.077900
-0.036725
-0.001892
-0.068329
-0.096628
0.005356
0.043937
-0.036770
-0.012295
-0.036888
-0.020271
-0.008310
0.100067
0.057744
-0.082620
0.012823
0.016650
-0.000457
0.003160
-0.033116
-0.063323
-0.047322
-0.003821
0.104912
0.115310
0.134406
0.138159
0.063621
0.050570
0.009353
0.012489
-0.025684
0.003785
-0.055536
-0.045637
0.010576
-0.073933
0.054889
0.009449
0.022621
0.044296
-0.025937
0.059472
-0.015662
0.049364
-0.011099
-0.011882
0.053290
-0.076937
-0.031125
-0.011776
0.036860
0.043208
0.024446
0.005106
0.000636
0.037202
0.047991
0.102318
0.023675
-0.099641
0.002239
-0.035909
-0.051348
-0.045637
0.035984
-0.029670
0.020818
-0.004036
0.066176
0.137858
0.019473
0.095381
0.034138
0.036282
0.092395
0.100296
0.112708
0.018213
-0.018534
0.144404
0.099599
0.111840
0.052643
-0.017248
-0.027009
-0.007250
0.077327
0.115292
0.050806
0.048560
-0.024261
0.079751
0.132200
0.079704
0.015795
-0.003419
0.047178
0.027617
0.025980
0.087346
0.028030
0.007501
0.017289
-0.008215
0.037472
0.125231
0.024718
0.102150
0.143127
0.080287
0.048976
0.032308
0.073540
0.044285
-0.015914
0.005407
0.059562
-0.002952
0.008214
-0.036961
0.002590
0.020597
0.012948
0.044099
-0.003354
0.078616
0.093817
0.005128
0.006069
-0.026064
-0.015923
-0.016375
-0.032970
-0.007260
-0.013445
-0.036256
-0.041965
0.048208
0.038425
0.124767
0.040819
0.010015
0.063734
0.021994
0.014049
0.032891
-0.028060
-0.024453
-0.047209
0.010519
-0.014178
0.021339
0.072523
-0.049309
-0.037943
-0.018706
-0.037991
-0.005703
-0.047030
-0.037415
0.000590
0.021435
-0.038082
-0.009453
-0.074278
-0.045941
0.013636
0.054836
-0.003214
-0.001517
-0.029475
0.013357
0.066723
-0.032311
0.001887
0.012593
-0.147541
-0.088347
-0.014598
-0.077086
-0.045137
-0.083252
-0.032562
0.014039
0.097916
0.068734
0.007082
-0.004240
-0.019045
0.093887
0.060601
0.061198
0.046552
-0.003173
0.086634
0.054975
-0.020533
-0.013933
0.020448
-0.007042
0.014226
0.006366
0.032694
0.072063
0.073502
-0.014106
0.006658
0.042926
0.043930
-0.058589
-0.038839
0.056085
0.052937
0.054816
0.032006
0.010980
0.032273
-0.070686
-0.041187
0.004605
0.009474
-0.000464
-0.015027
0.060401
-0.001108
-0.004316
-0.042950
0.005383
0.003421
-0.005145
-0.013017
-0.043549
0.003224
-0.007841
-0.080652
-0.008924
-0.093915
0.042282
0.051389
0.042490
0.004735
-0.000941
-0.027682
-0.005183
0.029743
-0.031559
-0.032109
-0.015726
-0.128911
-0.089561
-0.008414
0.037792
-0.063322
0.045509
-0.005073
-0.038007
0.079440
-0.033886
-0.039188
-0.048739
-0.051420
0.045158
0.003949
-0.033767
0.011386
-0.025220
0.019733
0.038876
-0.030221
-0.017381
-0.072774
-0.116100
0.011832
-0.063131
-0.077264
0.040325
-0.005440
-0.054298
-0.048549
-0.132444
-0.062756
-0.098294
0.025933
0.021311
0.068864
0.098392
0.026941
0.006078
0.082721
-0.021628
-0.064928
-0.067676
-0.053424
-0.115661
0.005130
0.037983
-0.043452
0.026627
0.034142
0.028027
-0.020205
-0.058178
-0.020105
-0.062561
-0.060179
0.001400
-0.061190
0.056179
0.082672
-0.036788
0.091922
0.015680
-0.064828
-0.109485
-0.048163
-0.020049
-0.004240
-0.011062
-0.009173
0.033660
0.024634
0.016514
0.015248
-0.052099
-0.079568
-0.002933
-0.020612
0.001251
-0.018626
-0.081939
0.053585
0.020717
-0.025125
0.037822
-0.056688
-0.052074
0.000233
0.044652
0.030899
0.050834
-0.075836
-0.005827
-0.024763
-0.053392
-0.006082
-0.032042
-0.039639
-0.041413
-0.157997
-0.031049
-0.014484
-0.024947
-0.002182
-0.010029
-0.038382
-0.047786
-0.022738
-0.003203
0.040372
0.019525
-0.011365
-0.005414
-0.013268
-0.028515
0.008587
0.041749
0.006522
-0.011447
0.026726
0.031564
0.000023
-0.016154
0.054532
0.009544
0.014585
-0.055820
0.057353
0.030334
-0.059050
-0.040200
-0.026027
0.055488
-0.065446
0.002183
0.020183
-0.020671
0.079406
0.077604
0.014709
0.068550
0.017546
0.061487
-0.007292
0.018970
0.065210
-0.018794
-0.076992
-0.057081
0.018417
-0.046489
0.001598
0.030092
-0.077262
0.011678
0.051411
-0.012698
0.091683
-0.030062
-0.124123
-0.022601
-0.004590
0.013569
0.026089
-0.039858
0.080144
0.060381
-0.004764
-0.010274
-0.068618
-0.083628
-0.023837
0.040747
-0.025501
-0.046170
0.064882
-0.006483
-0.015849
-0.080191
-0.078111
-0.017606
-0.101349
-0.057091
-0.019715
0.020307
-0.016872
0.005311
0.044971
-0.035573
0.079916
-0.007453
-0.024846
0.089208
0.099141
0.101927
0.032226
0.038721
0.091062
0.072893
0.040499
-0.004226
-0.008349
-0.027523
-0.090616
-0.034098
0.080500
-0.001404
0.029143
-0.023981
0.065769
0.042993
-0.059344
0.003756
-0.039954
-0.031694
-0.051187
-0.118470
-0.017143
0.041833
0.009896
0.041723
-0.044458
-0.113537
0.037894
0.009318
0.045469
0.001407
-0.065532
-0.076441
0.034222
-0.027959
0.004098
-0.002813
0.089061
-0.030230
-0.052955
0.039199
0.009944
-0.090290
0.009744
-0.046370
-0.011145
0.066989
-0.021496
0.080612
-0.020988
-0.074872
0.028452
0.129149
0.046046
0.040562
0.038933
-0.100389
-0.071220
-0.018042
-0.051081
0.067359
0.070350
0.111509
0.033338
0.061528
0.028086
0.060631
-0.000638
0.040753
0.016805
-0.038252
-0.051174
0.001982
0.047794
0.039950
0.011069
0.046747
0.007915
-0.061754
-0.036589
-0.090696
0.006492
0.009459
0.057523
0.095949
0.030148
0.013665
-0.062572
-0.014975
-0.066527
-0.015014
0.038577
0.025762
-0.022312
0.039299
-0.006020
-0.031725
0.060543
0.003035
0.024966
0.037623
-0.036409
-0.025178
-0.070486
-0.090816
-0.025989
0.035692
0.061037
-0.009751
-0.008936
0.037693
0.088229
0.051287
-0.031362
-0.000917
-0.098417
-0.053130
-0.014563
-0.038345
-0.013588
0.020756
0.022545
0.050866
0.047672
0.034993
0.101359
0.079679
-0.001061
0.101278
0.004883
0.014446
-0.043930
-0.036642
-0.041612
-0.024983
0.015449
0.053461
0.066068
0.001274
0.029039
0.052368
-0.068829
0.058379
0.079293
-0.015617
-0.000589
-0.037941
-0.094124
-0.024803
0.044407
0.077961
-0.004984
-0.000810
-0.066724
-0.084642
0.032517
-0.027777
-0.061108
0.024496
-0.027689
-0.011946
0.010286
0.042363
-0.033614
0.001351
-0.024826
-0.031283
0.036869
-0.072986
-0.034344
0.052035
0.075179
-0.007861
0.099913
0.031932
-0.061507
0.094017
-0.002000
0.034543
0.036865
0.032003
-0.021317
-0.011139
-0.086849
-0.074801
-0.013245
-0.062475
0.027472
-0.008480
-0.058108
-0.009956
-0.034457
-0.020626
-0.060855
-0.101935
0.019064
-0.119741
-0.045279
-0.053288
-0.089296
-0.044958
0.004918
-0.037090
-0.019408
0.060760
0.007069
0.079814
-0.006276
0.009223
0.015913
-0.000884
-0.067097
-0.080345
0.082035
0.014219
-0.009498
0.023353
0.045042
-0.008475
-0.095707
-0.073174
0.054112
0.026991
-0.027984
0.045813
0.063622
-0.000006
0.021195
-0.069177
-0.004973
0.034367
-0.086985
-0.002338
0.024732
-0.009810
0.016366
0.040256
-0.025237
-0.014723
-0.017058
0.040879
-0.020098
0.020373
-0.037664
-0.076144
0.077720
0.078158
0.088829
0.026381
0.023544
0.028411
-0.033132
-0.049119
-0.044358
0.012453
0.001532
-0.069614
0.061858
0.074386
-0.038231
-0.066313
0.065941
-0.043612
-0.037519
-0.013347
-0.014495
0.058300
0.047147
-0.010536
0.020233
-0.002440
-0.005294
0.047781
0.022642
0.013121
0.010214
-0.021068
-0.045479
0.058457
-0.088013
-0.103333
-0.034061
-0.055494
0.038326
0.069867
0.074080
-0.060911
-0.016916
-0.032803
-0.097312
0.018865
-0.014976
-0.069369
-0.025225
0.001680
0.118156
0.102041
0.043354
0.085891
0.068703
0.028445
0.075475
0.090673
0.124495
0.101819
0.007218
-0.083749
0.087713
-0.075748
-0.108265
-0.033379
0.036733
0.116397
0.074407
-0.014634
0.014581
0.054510
0.009117
0.026684
0.080579
0.040652
0.066288
0.049726
-0.050628
-0.053443
-0.022092
-0.046219
0.007840
-0.006590
-0.007679
-0.017948
-0.072826
-0.061838
-0.027744
0.014476
-0.080057
0.025199
0.103736
0.035675
0.029894
0.026302
0.011483
-0.083130
-0.131518
-0.022287
-0.003283
0.064421
0.040071
-0.053844
-0.063168
-0.043562
0.029884
0.008029
-0.091300
-0.129838
-0.037563
0.045601
-0.016914
0.033171
-0.024722
-0.038037
-0.038589
0.007835
0.012636
-0.100382
-0.105491
-0.086253
-0.056046
-0.067469
0.088885
0.034079
-0.008408
-0.017826
-0.005620
-0.012417
0.026463
0.046702
0.073110
0.018001
-0.081649
-0.096180
0.034714
0.040856
0.055792
0.024276
0.001558
-0.034776
-0.057438
-0.052203
0.040281
-0.063330
0.032266
0.058801
0.031268
0.065549
0.035817
0.052774
-0.042093
0.070844
0.007008
-0.036870
0.018485
-0.007195
0.028399
-0.033323
0.012950
0.061753
0.054001
0.065672
0.054934
-0.054645
-0.019801
0.012874
0.040191
-0.009202
-0.116246
-0.035281
-0.054325
-0.013986
0.021790
0.051954
0.097503
0.042860
-0.053590
-0.057157
-0.092370
0.003375
-0.077048
0.041725
0.043591
0.020593
-0.043977
-0.001094
0.042157
-0.022032
0.015598
0.061760
-0.004316
0.015347
-0.030704
0.068281
0.209056
0.089124
0.020504
-0.083723
-0.050919
0.030729
0.018951
-0.102836
-0.056447
-0.042999
-0.053994
0.000261
-0.005563
0.029915
0.001065
0.066040
-0.065952
-0.062248
0.015671
-0.035841
-0.068429
-0.001972
0.039609
0.011878
-0.006514
0.056751
-0.035617
-0.038920
0.025889
-0.032044
-0.065907
-0.041230
-0.025111
-0.050685
-0.038022
-0.170280
-0.026466
0.003593
0.068393
0.033970
-0.078754
-0.049326
-0.025276
0.009566
-0.124006
-0.072555
-0.061206
-0.063190
-0.092905
-0.017025
-0.065253
0.000921
-0.024511
-0.085089
-0.120464
-0.068736
0.003942
-0.005758
-0.016028
-0.047841
-0.083464
-0.034453
0.004855
-0.066644
0.095212
-0.056617
-0.026185
0.003920
-0.041729
-0.107728
0.099277
0.148355
0.038675
0.093882
0.084076
-0.049442
0.065762
-0.008366
-0.028187
-0.049913
-0.044090
-0.018013
-0.000614
0.045363
0.060500
0.031864
-0.002200
-0.033446
-0.075493
0.068616
-0.004917
-0.054025
0.102107
0.054778
-0.013382
-0.027936
-0.011653
0.047730
-0.009277
0.001131
-0.019989
-0.053984
0.020772
0.008295
-0.093198
-0.055420
-0.075212
-0.058438
-0.028262
-0.043226
0.001178
-0.043177
-0.038776
-0.149046
0.018423
-0.012592
0.000868
0.072722
-0.034813
-0.075745
-0.079940
-0.012722
-0.144976
-0.096551
-0.037661
-0.041934
-0.033962
0.052508
0.072885
0.056559
0.101203
0.139072
0.053036
0.009349
-0.069342
-0.063786
-0.060726
-0.056365
0.026902
-0.006565
0.033344
0.050024
-0.003430
-0.042765
-0.039482
-0.008218
0.015395
0.030965
0.102868
-0.053677
-0.011096
0.074321
-0.006726
-0.021431
0.001050
0.090349
0.077915
0.031973
0.088346
0.093803
0.047572
0.056502
0.075396
0.004152
-0.032233
0.068257
-0.061280
0.032851
0.131343
0.014421
-0.055383
0.053415
-0.167038
-0.040218
0.043785
0.006638
0.107201
0.067865
0.061457
0.056811
-0.062428
0.038618
0.063526
0.007072
0.021536
0.006468
0.036913
-0.012667
0.015154
-0.014191
-0.103083
-0.152661
-0.106041
-0.088210
-0.072949
-0.061492
-0.057191
-0.028892
-0.014665
0.025815
-0.095882
-0.011319
0.069667
0.078816
0.002508
-0.026167
0.027531
0.012885
-0.015255
0.063243
0.080272
0.054699
0.059318
0.013617
0.007493
0.103993
0.050861
0.031276
0.037077
-0.010689
-0.009095
-0.027633
0.006376
0.037440
-0.004514
-0.032931
-0.048441
-0.070557
-0.106045
-0.066279
0.013384
-0.057720
0.031284
0.084477
-0.006120
0.054331
0.003207
-0.024218
0.067042
0.064001
0.127335
0.020881
0.005290
-0.001104
0.048335
-0.056159
-0.121405
-0.051465
-0.012161
0.055024
0.037485
-0.047149
-0.010315
0.028449
0.015972
-0.040373
-0.009482
-0.054404
-0.011104
0.037229
-0.085823
-0.032049
-0.019155
-0.020934
0.031444
0.121815
0.055960
-0.000512
-0.004275
0.072740
0.068051
0.030041
0.006380
-0.021291
0.020653
-0.060045
-0.005143
0.041326
0.000753
0.073701
-0.041513
-0.032257
-0.033252
0.034004
0.002297
0.040429
0.048208
-0.004933
0.000951
0.018935
0.091160
0.012609
0.029316
0.012279
0.031951
0.014998
-0.048022
-0.049847
0.029654
0.098889
0.075387
0.074306
0.007417
-0.082470
-0.101193
-0.009209
0.015932
0.015891
-0.004556
-0.056229
-0.024775
0.019065
-0.014549
-0.005157
0.087873
0.101850
0.086850
0.064812
-0.004291
-0.003558
0.033606
-0.117437
-0.064765
0.049222
0.042976
-0.009888
0.071257
-0.051717
-0.020025
0.013214
-0.072147
0.033698
-0.058730
-0.072227
0.020500
-0.035975
0.022201
-0.031355
-0.017825
0.039136
0.047839
0.168140
0.029648
0.025868
0.070033
-0.021705
-0.086804
-0.059935
-0.047997
-0.008428
0.017579
-0.040900
-0.069923
-0.072307
-0.013260
-0.016504
-0.002788
0.023652
-0.050671
-0.047279
-0.039055
0.028601
-0.002993
0.011017
0.074273
0.039283
0.046879
0.028444
0.074861
0.016436
-0.028244
0.040563
0.015406
-0.046387
0.069575
-0.010308
-0.005192
0.072260
0.054942
0.017308
0.036789
0.017594
-0.082973
-0.004572
-0.042487
-0.082476
-0.007538
0.074558
0.035310
-0.088434
0.014112
-0.029849
-0.029138
-0.001222
-0.050442
0.039981
-0.015970
0.061986
-0.024123
-0.011042
0.014091
-0.000536
-0.029010
0.117956
0.128806
-0.003360
0.038661
-0.004297
0.000040
-0.023876
-0.032282
-0.000682
0.048063
-0.030075
0.008962
0.006268
0.107634
0.166927
0.052639
0.022469
0.004973
0.038672
-0.140759
-0.033914
-0.053904
-0.004247
0.112405
0.091349
0.097616
0.016198
0.052749
-0.013566
-0.050147
0.067760
-0.027862
0.059780
0.050866
0.026467
0.063944
0.016339
-0.029868
0.006890
-0.006980
-0.003262
-0.005493
0.028711
0.059794
0.110899
0.077036
0.066566
0.136727
0.063688
0.070833
0.005299
-0.042710
-0.044654
0.007340
0.019677
-0.040495
0.054088
0.028612
-0.026602
0.034123
0.045104
0.051622
0.024392
-0.087936
-0.039041
-0.028789
0.043221
0.056761
-0.086387
0.047703
-0.024508
-0.014307
0.034845
-0.018822
0.044080
0.002914
0.049678
-0.005448
-0.099165
-0.029336
-0.036211
0.001250
0.021978
0.071859
0.003086
-0.007139
0.048555
0.000133
0.013335
-0.003096
-0.023111
0.008481
0.016309
0.104372
0.093638
0.034349
0.046222
-0.091624
0.060289
-0.064548
-0.017273
0.004537
-0.100055
-0.000060
-0.004604
-0.005473
0.009963
0.021402
-0.055933
0.076779
0.103775
-0.021177
0.017469
-0.083645
-0.068856
-0.137789
-0.029891
-0.024027
-0.032913
0.050917
0.053443
0.008546
-0.000497
0.077313
0.096021
0.018752
0.044717
-0.002567
-0.061276
0.036285
0.006065
-0.062241
-0.072803
-0.005085
-0.117340
0.005348
-0.021117
0.013571
0.095195
-0.078684
0.017891
0.013419
0.022882
-0.002839
-0.024381
0.076132
0.026986
-0.016188
-0.072609
0.030521
0.000215
-0.039047
-0.019568
0.046144
0.008786
0.018951
0.065225
0.023820
0.068664
-0.002785
-0.004702
-0.032889
0.051726
-0.023726
0.020268
0.053075
0.101444
0.069982
0.092185
0.060226
-0.026737
-0.030488
-0.102329
-0.004503
-0.072317
0.051680
0.091288
0.029265
0.066725
-0.049293
-0.004853
-0.038034
-0.042664
-0.014576
0.005967
0.010773
-0.060514
-0.060286
-0.035292
0.016690
0.011906
-0.043406
-0.069874
-0.064242
-0.025227
0.072474
0.028940
-0.035957
0.015655
0.073297
-0.020436
-0.003258
-0.002708
0.028523
0.005754
0.093535
0.017672
-0.048312
0.030378
-0.051626
-0.111812
-0.086166
-0.007109
-0.007843
0.050059
-0.032782
-0.070137
-0.003441
-0.012033
-0.027818
0.023019
-0.002659
0.016486
-0.041579
-0.047701
-0.124740
-0.003135
0.020336
-0.004855
0.016753
0.023176
0.008588
0.049147
0.094530
0.024545
-0.037710
-0.030329
-0.110939
-0.081410
-0.026180
-0.115278
-0.006896
-0.010560
0.051763
0.019100
-0.012573
0.122990
0.103510
0.066378
0.055224
0.044469
-0.008740
0.005089
-0.052798
-0.021288
-0.032625
-0.076832
-0.045804
0.112826
0.071529
0.086471
0.120452
0.012880
-0.004337
0.033528
-0.019672
0.036342
0.050147
0.017559
0.006268
0.023962
-0.042300
0.006966
0.049805
0.079142
0.021432
-0.046492
0.011651
0.072223
0.000236
-0.004616
-0.009027
-0.083943
0.104171
0.010289
-0.039635
0.020405
0.002037
0.065140
0.015059
0.014004
-0.057367
-0.087286
0.015054
0.041177
0.044328
0.043222
0.062058
-0.016174
-0.020915
0.011076
0.068963
0.016160
0.098342
0.068690
0.026734
0.016880
0.039797
-0.027644
0.016266
0.085010
-0.113120
0.026564
0.028931
-0.015612
0.014395
0.042778
0.018355
0.088276
0.097014
-0.018539
-0.051826
-0.024796
0.126101
0.120915
0.065395
-0.033708
-0.044110
0.006069
-0.093587
-0.006993
0.019057
-0.100662
-0.018249
0.037691
-0.000629
-0.000632
0.039199
0.005027
-0.035116
0.043849
-0.023593
0.025769
0.016276
-0.025469
-0.030797
-0.004212
0.020639
0.027557
0.006736
0.042920
0.032317
-0.034556
-0.099466
-0.028837
0.108453
0.068284
0.078947
0.049424
0.047576
0.010004
0.017943
0.054489
0.022994
0.066103
0.084810
0.009727
-0.035407
0.008392
-0.055855
-0.029311
-0.042844
-0.059735
-0.053965
-0.060846
-0.035131
-0.021782
-0.013661
-0.020400
0.052448
0.009426
-0.038152
-0.072867
-0.078460
-0.063847
-0.057296
-0.003315
0.026563
0.007469
0.036917
0.010382
-0.015279
-0.049007
-0.033622
-0.058347
0.062128
0.106553
0.007795
0.010611
-0.043980
-0.034616
0.026714
0.068552
-0.028519
-0.020321
-0.025311
0.050246
0.070530
0.017527
0.026638
0.011304
0.095647
0.059376
0.061561
0.018268
-0.117214
-0.042265
0.035391
0.063734
0.037192
0.023196
0.055367
0.037042
-0.033437
-0.048584
-0.020066
0.070799
0.042454
-0.019876
0.070910
0.003184
-0.004864
-0.022089
0.040573
0.083582
0.067822
0.063330
-0.078086
-0.065825
0.004206
0.027065
-0.064483
-0.045464
0.033968
-0.027100
0.028909
0.007287
0.008935
0.006706
0.036868
-0.062662
-0.012747
0.121534
0.080659
-0.042025
-0.103622
-0.016927
0.008729
-0.012263
0.019984
0.040259
0.039995
-0.050337
0.010930
-0.068875
-0.039262
-0.028709
-0.132105
0.049781
0.082589
-0.035268
-0.013358
-0.087917
-0.105763
-0.043662
-0.049137
0.014432
0.002027
0.091699
0.023279
0.051619
0.008640
0.056852
-0.001518
-0.160780
-0.090333
-0.056053
-0.040672
-0.082297
-0.032143
-0.010881
0.015522
0.031421
0.047862
-0.007321
-0.004206
0.020574
0.062406
0.127769
-0.020666
0.087741
0.055706
0.021993
0.118350
0.037246
0.057665
-0.014635
0.056156
0.051172
-0.001219
-0.001053
-0.047500
0.004268
0.069817
0.009848
-0.078875
0.025093
0.086571
-0.023924
0.030401
0.024898
0.062993
0.026040
0.017498
0.009632
0.100502
0.017393
0.033183
0.024892
-0.017753
-0.005992
0.004085
0.038402
0.088228
-0.102709
0.115903
0.079337
-0.080948
0.010856
0.052641
-0.008164
-0.019306
-0.010898
-0.044410
-0.018499
0.092881
0.105012
-0.045066
-0.008014
-0.021282
0.039701
0.038615
0.005052
0.079678
0.077532
-0.009793
-0.016979
0.022765
0.067288
0.095812
0.000338
-0.021548
-0.042108
-0.017805
0.071300
0.052995
0.106041
-0.005484
0.056278
-0.015680
-0.020963
0.049226
-0.108814
-0.015258
0.040462
-0.011000
0.016400
0.024781
-0.010270
-0.057773
-0.000585
-0.051342
-0.017906
0.031630
0.014099
0.008588
0.055305
0.068524
-0.022999
0.074480
0.086757
0.079678
0.029935
-0.030362
0.002909
0.028136
-0.032469
0.052095
0.025675
-0.005069
0.086516
0.010228
-0.037733
0.030102
0.008693
-0.077032
0.060371
0.051599
0.062729
0.139877
0.069768
0.030793
0.011674
-0.032567
-0.041113
0.040125
-0.051418
-0.017878
0.074729
-0.081912
-0.023346
0.025204
-0.010098
0.079505
0.146029
0.055505
-0.020620
0.007667
-0.060682
-0.045668
0.046164
0.004128
-0.030210
-0.017066
0.053734
0.060416
0.087308
0.060882
0.110729
-0.034104
0.002569
0.000991
-0.026690
0.040463
-0.103160
-0.043717
-0.014257
-0.050044
0.098546
0.009347
-0.007761
-0.058168
-0.067845
-0.005579
0.051045
-0.012490
0.091754
0.098552
-0.094262
-0.065930
-0.064953
-0.046458
-0.043373
-0.007983
0.023196
0.029833
0.000070
0.053094
0.014625
-0.099361
-0.021404
-0.019299
0.022160
-0.016328
-0.029491
-0.000867
0.039495
0.077680
0.109025
0.002098
-0.012319
0.100140
-0.077887
-0.051257
0.021632
0.089018
0.090611
0.133700
0.058294
-0.077368
0.011689
0.020089
0.036435
-0.012400
0.017354
0.127851
0.114600
0.061833
0.116872
0.107824
0.091023
0.027342
-0.002786
-0.005972
-0.031220
-0.059431
-0.013999
-0.007287
0.019481
-0.005290
-0.039976
-0.029593
0.039786
0.047191
-0.038751
0.003047
-0.036876
-0.048783
0.031257
0.107684
-0.005466
-0.053604
0.013548
-0.024882
-0.015543
-0.094462
-0.044988
0.019416
0.025690
0.058654
0.136472
0.108592
-0.009906
0.054283
0.037473
-0.034945
-0.046893
0.009275
0.075441
-0.048197
0.035967
0.038890
-0.044529
0.035325
0.100845
0.076618
0.121749
0.081983
0.076346
0.000694
-0.008478
-0.006652
0.063016
0.022679
-0.012790
0.004283
0.004654
0.038266
-0.035419
0.024963
-0.083884
-0.032647
-0.013370
-0.046835
0.025708
0.081161
0.044033
0.102943
0.054063
0.006060
0.099130
-0.045033
0.028013
0.000157
0.005258
0.069991
-0.000347
-0.022113
-0.077409
0.024914
-0.007802
-0.055433
0.127637
0.123734
0.080161
-0.002485
-0.027004
0.075034
0.015384
-0.003351
0.001730
0.043555
0.089473
0.001284
-0.031810
0.129769
0.032500
-0.037275
0.012511
0.016058
0.103846
0.001614
0.072395
0.038062
0.065732
-0.029192
0.029159
0.085086
-0.048067
-0.039552
0.083890
0.078114
0.055754
0.052511
0.025056
0.022396
0.021488
-0.023546
-0.034796
-0.013089
-0.074876
-0.081635
0.009321
0.087415
-0.071152
-0.017606
0.012470
0.012053
0.054903
0.059880
0.108164
-0.030674
-0.002502
-0.046267
0.099873
0.108358
0.053859
0.096328
-0.016648
0.068250
0.037828
-0.019044
0.147256
0.042405
-0.037060
0.018266
-0.027916
0.042602
0.024351
0.025914
0.078609
0.007686
0.043845
-0.058983
-0.007939
-0.028381
-0.020803
-0.058734
-0.031756
0.087270
-0.034453
0.035506
-0.053565
0.032301
0.012892
-0.019066
0.079794
0.033708
-0.023886
0.001640
0.062229
0.046765
0.012308
-0.062130
-0.009214
0.009524
0.090787
-0.016520
-0.048141
-0.037806
-0.103307
-0.056191
-0.009260
0.036784
-0.055834
-0.049458
-0.041805
0.046491
-0.005121
-0.048260
0.008862
-0.053022
-0.086325
-0.033405
0.032115
0.009276
-0.046346
0.062328
0.173237
-0.025679
0.017105
0.077855
-0.012553
-0.043492
-0.108968
0.021823
0.035019
-0.049039
-0.027770
0.029191
0.086961
0.101913
0.104305
0.098948
0.139787
0.091511
-0.006544
-0.035965
0.043851
0.016822
0.025208
-0.027643
-0.044847
-0.039167
-0.031984
0.040573
-0.052757
-0.037711
-0.003213
0.050836
-0.028011
0.057563
0.023708
-0.030117
-0.052880
-0.051985
0.018701
0.070648
-0.021869
-0.081017
-0.077660
-0.012944
-0.057495
-0.013348
-0.027665
0.012604
0.039552
0.011998
0.003462
-0.013640
-0.017945
0.034617
-0.028431
0.026386
0.046737
0.033318
-0.015715
0.035080
-0.003622
0.069637
0.041002
0.036992
0.064202
0.058593
0.061091
-0.017738
0.000534
-0.046809
0.006485
-0.025852
-0.042133
0.156976
0.023662
0.007465
0.061892
0.058151
0.053989
0.054225
0.066035
0.014766
-0.035535
-0.015450
0.013682
0.018302
-0.017319
0.012812
-0.024757
-0.055051
0.002462
-0.038022
-0.049140
-0.024148
-0.031994
-0.045737
0.012224
0.023575
-0.013102
-0.004376
0.006052
0.025986
0.058720
0.062695
-0.021174
-0.010391
0.006559
-0.062381
0.009535
0.050508
-0.005433
-0.027821
0.004693
-0.001472
0.016342
0.014899
-0.023006
0.101621
0.065738
0.105122
0.140186
0.032866
0.060171
0.035342
-0.049001
-0.053932
0.007514
0.007579
0.066125
0.059399
-0.001933
0.078440
0.062168
0.039303
0.009272
0.027188
0.014958
-0.086347
-0.016806
-0.024075
-0.088593
-0.152438
-0.022821
0.024518
0.009826
0.088724
0.022922
0.037181
0.032123
0.045284
-0.022361
0.037014
0.007738
0.059772
0.074561
0.017355
0.042196
-0.017297
-0.007703
-0.067933
0.028542
0.006230
-0.019245
-0.008315
0.002367
0.094580
0.035153
-0.013631
0.040693
-0.052573
0.008118
0.108896
0.025674
-0.004294
-0.020754
0.003460
0.046501
-0.053941
-0.040427
0.085766
0.083768
0.030083
0.052262
0.003164
-0.021635
-0.016228
0.099706
-0.021767
-0.035542
0.042886
0.105775
0.092672
-0.048982
0.069669
0.074865
-0.013049
0.019171
0.043307
-0.026422
0.090073
-0.030228
-0.115954
-0.070890
-0.009449
0.011348
0.069340
0.060455
-0.037018
0.021584
-0.055762
-0.059815
-0.012499
0.010207
0.152419
0.045039
0.082459
0.055959
0.035235
-0.005676
0.021136
0.037798
-0.027392
0.013600
0.046828
0.005368
0.077671
0.055574
-0.015995
0.035106
0.030159
-0.013111
0.056073
0.005223
-0.038586
-0.009111
0.114028
0.115857
0.053378
-0.094860
-0.025093
-0.007547
-0.004882
-0.007130
0.009778
0.002757
-0.056165
-0.117548
-0.007746
0.113987
0.046971
0.006742
0.046249
0.102925
0.063486
0.032504
-0.015167
0.110438
0.051090
-0.046912
0.012513
0.031590
0.079676
0.073018
0.068803
0.097711
0.091412
0.034949
0.078629
0.006492
-0.020613
0.012020
-0.031322
-0.032291
0.062820
0.016890
0.006386
-0.076114
-0.095063
-0.078388
-0.064098
-0.079621
-0.073988
-0.024718
0.029420
0.062560
-0.048866
0.017552
0.085042
0.084778
-0.047019
