4.186486
0.947571
0.447614
0.212525
0.222349
0.186471
0.224425
0.359728
0.347752
0.420797
0.331054
0.353021
0.360323
0.303123
0.338425
0.323410
0.342563
0.261803
0.330983
0.384018
0.324318
0.254001
0.214578
0.237085
0.200064
0.229923
0.184049
0.062779
0.133635
0.233049
0.132139
0.173526
0.266681
0.120326
0.221780
0.329286
0.237673
0.220399
0.236549
0.171010
0.238981
0.315493
0.231908
0.228327
0.245211
0.277891
0.249152
0.285340
0.095887
0.135174
0.149495
0.236839
0.208571
0.148484
0.096836
0.127304
0.238926
0.213976
0.085531
0.119033
0.212045
0.234806
0.252256
0.066222
0.141515
0.122439
0.147086
0.166638
0.155737
0.198222
0.128531
0.209372
0.119646
0.235475
0.215568
0.157328
0.219843
0.145138
0.167464
0.140195
0.105584
0.151586
0.214347
0.231197
0.208026
0.254454
0.176968
0.124653
0.207629
0.122206
0.227760
0.228461
0.199642
0.078612
0.240714
0.182927
0.141170
0.120117
0.192085
0.171363
0.143538
0.128225
0.266816
0.150347
0.016203
0.081140
0.152485
0.217735
0.192023
0.169881
0.164938
0.121470
0.069937
0.180655
0.236383
0.126069
0.145115
0.101623
0.143736
0.157937
0.143572
0.100579
-0.002861
0.227621
0.161588
0.051846
0.066842
0.167813
0.096508
0.099692
0.187088
0.050972
0.164594
0.133278
0.039902
0.125529
0.182504
0.224728
0.181109
0.188142
0.190715
0.090090
0.066453
0.203274
0.135339
0.038492
0.042023
0.011159
0.159626
0.178026
0.083665
0.031210
0.100606
0.069978
-0.039358
-0.102735
0.065771
0.096931
0.093123
0.103211
0.188876
0.110762
0.104716
0.153824
0.083988
0.074785
0.168481
0.233712
0.206086
0.249637
0.090704
0.162059
0.156751
0.141198
0.165914
0.069691
0.117785
0.164899
0.089458
0.052107
0.066076
0.136680
0.231244
0.215547
0.118052
0.031749
0.014550
0.076685
0.022057
0.230403
0.123217
0.155387
0.196835
0.003021
0.072843
0.147316
0.114444
0.015789
0.137769
0.151523
0.196775
0.162339
0.108806
0.170029
0.158240
0.148869
0.168680
0.078113
0.150133
-0.030183
0.020548
0.034670
0.128531
0.126135
0.113782
0.077912
0.119417
0.153670
0.193333
0.183475
0.074030
0.013802
0.034091
0.183100
0.186015
0.178711
0.120981
0.116288
0.216516
0.173804
0.146154
0.219386
0.133539
0.097215
-0.063259
0.141522
0.167320
0.148711
0.263573
0.171494
0.101956
0.121583
0.093090
0.001925
0.042918
0.075890
0.148636
0.154969
0.144784
0.115468
0.154002
0.108365
0.283529
0.198660
0.128727
0.057876
0.069680
0.082089
0.152112
0.191962
0.100467
0.049721
0.068259
0.165270
0.001950
-0.019486
-0.021730
-0.016738
-0.015880
0.141525
0.131953
0.124991
0.074238
0.085834
0.174231
0.034537
0.050700
0.069457
0.079709
0.168380
0.128057
0.169367
0.095805
0.088763
-0.007359
0.091229
0.172431
0.079081
0.125959
0.052664
0.060306
0.028934
0.053757
0.069779
0.140365
0.230298
0.207625
0.256288
0.173087
0.137305
0.066155
0.244861
0.141904
0.221631
0.251697
0.142872
0.159483
0.020921
0.158718
0.033755
0.008005
0.115995
0.209801
0.149672
0.134717
0.141326
0.000411
0.117330
0.238553
0.117802
0.140603
0.179378
0.020337
0.094141
0.132739
0.108416
0.015125
0.063177
0.115150
0.260673
0.158537
0.137868
0.095136
-0.012031
0.083749
0.134478
0.033446
0.129167
0.097081
0.107919
-0.004881
0.033382
0.109280
0.119319
0.243397
0.233570
0.048644
0.043577
-0.053681
0.105799
0.121506
0.079092
0.079047
0.044703
0.103414
0.103508
0.135342
0.088412
0.043210
0.119143
0.117046
0.214424
0.213081
0.188973
0.209270
0.079908
0.014822
0.161807
0.045490
0.110593
0.038381
0.045961
0.093445
-0.023901
0.186713
0.073131
0.101166
0.197659
0.136176
0.244354
0.210494
0.077090
0.106081
0.144770
0.088872
0.065103
0.060629
0.051920
0.117532
0.130631
0.136722
0.087913
0.021597
0.054289
0.081950
0.248892
0.160818
0.105605
0.085526
0.057620
0.133630
0.138160
0.108585
0.074823
-0.013342
-0.053363
0.103206
0.125463
0.149703
0.058188
0.108881
0.017342
0.210540
0.118147
0.057799
0.151187
0.152450
-0.002007
0.062495
0.131973
0.020420
0.022413
-0.036312
0.024900
-0.013164
0.126107
0.154563
0.062882
0.013391
-0.005703
0.046001
0.062222
0.069801
0.083343
0.165084
0.059418
0.062906
0.027591
0.157506
0.074811
-0.053766
0.049029
0.034866
-0.031747
0.057726
0.052387
0.054549
0.066964
0.125046
-0.032907
0.091451
0.150073
0.185584
0.173309
0.078733
0.033228
0.086313
0.001315
0.098085
0.050962
0.003155
0.057367
0.007384
-0.071519
0.028157
0.089631
0.116790
0.109909
0.198528
0.100916
0.155248
0.114323
0.142623
0.109825
-0.041468
0.037182
0.020311
0.131333
0.102031
0.136120
0.019484
0.113677
0.123837
0.038426
0.074878
0.058574
0.042066
0.061522
0.073947
-0.040890
-0.030752
-0.039145
0.078550
0.041780
0.029369
0.090464
0.067910
0.054873
0.034135
0.063659
0.001604
0.087752
-0.032849
0.017337
0.025218
0.043997
0.033904
0.198437
0.167885
0.153282
0.198741
0.115223
0.114521
0.057095
0.101849
0.111774
0.154712
0.163788
0.189488
0.157783
0.089446
0.035972
0.146639
0.022248
0.126017
0.134010
0.076365
0.056159
0.063869
0.115897
0.237652
0.200323
0.064702
0.080792
0.091828
0.077609
0.083917
0.102900
0.201375
0.250336
0.123528
0.073062
0.175139
0.060893
0.053065
0.211446
0.048113
0.130126
0.129110
0.021077
0.029583
0.117680
0.153937
0.137002
0.114640
0.028560
0.073654
0.003846
0.140585
0.107289
0.159228
0.099286
0.067423
0.162637
0.099252
0.140260
0.164438
0.136762
0.186787
0.092282
0.104845
0.187972
0.127261
0.131751
0.073493
0.028324
0.026999
0.138721
0.004266
0.110857
0.126206
0.104417
0.072577
0.087840
0.043494
0.082579
0.061386
0.144986
0.171039
0.142012
0.001609
0.121111
0.033038
-0.006931
0.051397
0.034886
0.071382
0.069254
0.084752
0.045205
0.083948
0.086687
0.094190
0.076667
0.126504
0.052005
0.081792
0.033452
-0.009394
0.053805
0.086385
0.121847
0.111616
0.183144
0.156319
0.190819
0.065098
-0.016667
0.045687
0.078398
0.061242
-0.013367
0.147627
0.107970
0.059847
0.044273
0.040702
-0.012907
0.001101
0.029338
0.105381
0.218562
0.092872
0.019172
0.050171
0.049936
0.064300
0.110720
0.122867
-0.003748
0.056924
0.069708
0.081366
0.126648
0.115334
0.072088
-0.038403
-0.030793
0.117014
0.101804
0.032069
0.208542
0.022460
0.039772
0.062982
0.112236
0.081576
0.076973
-0.036920
0.074957
0.146260
0.051235
0.057399
0.076364
0.021447
0.155955
0.071693
0.145732
0.161600
0.128601
0.107313
0.071732
0.082524
0.127399
0.080635
0.134096
0.059659
-0.001081
0.053115
0.096699
0.088321
0.070674
0.118712
0.158133
0.035358
0.085914
-0.102952
0.004929
0.020403
0.087618
0.139786
0.044625
-0.002578
0.069195
0.088171
0.000183
0.080623
0.073427
0.062537
0.048826
0.076617
0.087118
0.109090
0.125142
0.028518
0.057884
-0.000003
0.008778
0.059365
0.077049
-0.002687
-0.030371
0.058206
0.144037
0.127592
0.082085
0.010195
0.092053
0.153567
0.003038
0.054610
0.144519
0.102369
0.084447
0.041904
0.075544
0.106735
0.090616
0.039308
0.059797
0.107219
0.098046
0.162917
0.023179
0.009754
0.098656
0.059683
0.059339
0.157141
0.116780
0.109491
0.107129
0.133413
0.118479
0.115441
0.173106
0.068607
0.014452
0.044360
0.066850
0.014963
0.063291
0.027038
0.070985
0.028739
0.035182
0.026762
0.211540
0.182476
0.119146
0.099135
-0.066881
-0.001684
0.094022
0.095113
0.138599
0.170548
0.137815
0.172969
0.129275
0.012648
0.122042
0.058929
0.066311
0.021856
0.071332
-0.063475
-0.104192
0.051370
0.166360
0.016838
0.009614
-0.024189
0.091953
0.113621
0.127050
0.069090
0.120063
0.083706
0.076126
0.117756
0.084983
0.092351
0.102763
0.118298
0.054889
0.077947
0.200815
0.148014
0.204487
0.086090
0.007702
0.144540
0.184734
0.069607
0.163156
0.035642
-0.020744
0.007954
-0.018113
0.153067
0.114944
0.160544
0.179439
0.157430
0.057215
-0.000219
0.085854
0.108567
-0.054207
0.060371
0.107659
0.067036
-0.001220
0.052014
0.004744
0.091975
0.101963
0.077457
-0.071477
-0.131473
-0.048175
0.128361
0.135948
0.117896
0.103892
-0.032582
-0.032046
0.046552
0.068475
0.139562
0.077324
0.048290
-0.035969
0.077420
0.071852
0.117200
-0.007066
0.082488
0.133003
0.071942
0.119447
0.147061
0.095851
0.119087
0.091719
0.019671
0.133333
0.081529
-0.048290
0.170838
0.209153
0.221416
0.152317
0.098202
0.046675
0.066876
0.089857
0.024462
0.131942
0.083602
0.061747
0.005255
0.101493
0.083248
-0.016445
0.076723
0.069500
0.195762
0.059694
0.002100
0.034966
0.134508
0.125968
0.102266
0.105113
0.123160
-0.001990
0.023928
0.052383
0.092703
0.121122
0.047073
0.146785
-0.019071
0.004071
-0.050440
0.111751
0.115778
0.189150
0.194794
0.108169
-0.009523
0.052036
-0.035096
0.074415
0.049028
0.093835
0.050032
-0.035263
-0.018004
0.194429
0.047818
0.147089
0.005771
0.031798
0.081229
0.081658
0.106557
0.127010
0.034113
0.095263
0.092868
0.047351
-0.016023
-0.031195
0.108214
0.061968
0.033425
0.153417
0.036631
0.018502
0.163216
0.154352
0.058268
0.051071
0.046913
0.093576
0.195630
0.079197
0.140071
0.053321
0.113340
0.067533
0.234160
0.169208
0.122856
0.105818
0.139046
0.045646
0.011693
0.026962
0.072315
0.038311
0.024033
-0.015210
0.046467
0.091113
0.108546
0.107296
0.031612
-0.013331
-0.015633
0.068767
0.006499
0.029949
-0.004326
0.009238
0.098370
0.095433
0.105274
0.095669
0.007391
0.097200
0.097146
-0.042806
-0.055008
-0.032423
-0.036103
-0.061657
0.101458
0.092487
0.076836
-0.032583
-0.009526
0.033234
0.013565
0.101159
0.004057
0.032571
0.067201
0.010521
0.030091
0.104145
0.041229
0.084530
0.097671
0.081135
0.050829
0.023495
0.116258
0.085575
0.148375
0.095651
0.214435
0.045402
0.016790
0.041083
0.186611
0.087449
-0.004701
0.043204
0.137846
0.085264
0.145851
-0.014921
-0.028862
0.093182
0.077168
0.017380
0.053431
0.078079
0.085365
0.066217
0.129278
0.056444
0.063357
0.002174
0.020179
0.124051
0.123121
0.069979
0.038704
-0.097102
0.044269
0.017546
0.041220
0.124561
0.043955
0.171677
0.087686
0.075382
0.115373
0.114671
0.050065
0.104010
-0.032732
0.071115
0.148583
0.121955
0.134769
0.039464
0.073096
-0.064319
0.000326
-0.000750
0.117601
0.154927
0.034699
-0.029591
-0.039501
0.085722
0.132778
0.184296
0.052954
0.274292
0.095573
0.119533
-0.031831
0.004262
-0.053877
0.037727
0.129541
0.199679
0.022509
0.080225
0.085157
0.066456
0.031113
0.155211
0.053906
0.028111
0.065610
0.121452
0.072491
-0.036460
0.094228
0.073950
0.200681
0.142635
0.067167
0.072965
0.115299
0.114696
0.150374
0.143027
0.153178
0.034373
0.021172
0.037275
-0.048926
0.055038
-0.005359
0.024355
-0.032636
-0.103827
-0.052003
-0.027992
0.114541
0.039937
0.143900
0.092899
0.088999
-0.013870
0.097973
0.182941
-0.089639
0.137527
-0.006748
0.048728
0.066971
0.060325
0.083381
0.056362
0.029322
0.022457
0.157285
0.053474
-0.010484
0.103897
0.064248
0.085260
-0.044522
0.109882
0.069084
0.105101
0.170096
0.146281
0.120756
0.120200
-0.123527
-0.003074
-0.035343
0.060832
0.079925
0.043119
0.092576
0.176361
0.193102
0.084485
0.099357
0.008761
0.056464
0.108309
0.082377
0.110134
0.092565
-0.017159
0.106465
0.024725
0.060811
0.158160
0.099116
0.116156
0.023666
0.016223
-0.056944
0.001082
0.006376
-0.028115
-0.030311
0.010740
0.068487
0.066973
-0.002349
0.092417
0.082813
0.149169
0.107440
0.040733
0.097170
0.077820
0.014292
0.063080
-0.053179
0.054829
0.094016
0.053091
-0.000919
-0.037422
-0.066075
-0.083470
-0.092491
0.096014
0.113784
0.058786
-0.007111
-0.140361
-0.124114
-0.015750
0.010187
-0.021984
0.053580
0.049761
0.019345
0.084139
0.116584
0.082072
0.039963
0.005789
0.046938
0.021001
0.115353
0.116516
0.069263
-0.017872
0.100230
0.154150
0.065096
0.000112
0.080879
0.061289
0.092481
-0.003013
0.068501
0.053567
-0.013081
0.082918
0.051782
0.009091
0.161455
0.131700
0.105191
-0.011332
0.078463
0.052608
0.113110
0.092652
-0.053100
0.030166
0.093557
0.134964
0.146775
0.057522
-0.023842
0.039966
0.023201
0.044736
0.145470
0.069581
0.109677
0.028983
0.040414
0.000388
0.004359
0.058004
0.159338
0.140593
0.102497
0.110305
0.127361
0.037010
0.024740
0.093532
0.047403
0.086631
0.070048
0.092381
0.129361
0.104652
0.035158
0.028148
0.050945
0.031513
0.089556
0.129186
0.079546
0.161661
0.076885
0.065334
0.077674
0.059323
-0.018241
-0.034819
0.103844
0.146975
0.133103
0.099979
0.024171
0.203045
0.186341
0.065091
0.065316
0.177771
0.062892
0.053213
0.122043
-0.067786
0.019682
0.018390
0.107346
0.090878
0.117759
0.159034
0.048392
0.118106
0.172296
0.066032
0.143955
0.057662
0.068573
0.025608
0.040091
0.134470
0.098968
0.063592
0.037452
-0.022711
0.022687
0.090735
0.096236
0.123723
0.107283
0.079044
0.102338
0.042635
0.082798
0.154759
0.127294
0.060670
0.047485
0.025715
0.145964
0.092582
0.067894
0.110006
0.045910
0.054651
0.032533
0.058716
0.104006
0.195502
0.083549
0.066532
-0.073967
0.008816
0.029974
0.014961
0.105603
0.092292
-0.016373
0.012561
0.023128
0.021628
0.125682
0.198236
0.025460
0.094260
0.025640
-0.017941
-0.020382
0.111115
0.016366
0.122839
0.168398
-0.013702
0.072050
0.109687
0.078262
0.057202
0.060654
0.074124
0.175269
0.221665
0.231713
0.089434
0.084997
0.080745
0.035512
0.007813
0.046972
0.111191
0.023219
0.002869
-0.012398
0.116428
0.104232
0.165029
0.178385
0.004436
0.045127
-0.071508
0.065789
0.087271
0.084878
0.270756
0.129070
0.034017
0.079435
-0.016645
0.083563
0.189311
0.107556
-0.001233
-0.008201
0.072957
0.061739
0.084718
0.173386
0.081353
0.047010
0.014719
-0.016009
0.049728
0.021094
-0.011297
0.046793
0.032894
0.142803
0.088333
0.086181
0.120552
-0.017652
0.005597
0.084818
0.052972
0.105177
0.141047
0.133931
0.021047
0.011630
-0.010561
0.146404
0.137938
0.072431
0.006950
-0.040786
0.031281
0.059013
0.002744
0.076553
0.069104
-0.005333
0.127791
0.022550
-0.018379
0.033937
0.144280
0.128224
0.118502
0.092435
0.097356
0.059178
-0.042989
0.003886
-0.013938
-0.010234
0.061283
0.205928
0.090220
0.020836
0.081471
0.110402
0.039666
0.062330
0.135481
0.037955
0.038917
0.107072
0.090328
-0.005119
0.006876
0.061854
-0.035455
0.114216
0.005128
-0.055663
0.029844
0.114447
0.045759
0.103542
0.011451
0.013408
0.030667
0.032734
0.049414
0.030936
-0.078800
-0.001683
0.167979
0.199411
0.163474
0.111692
0.016802
-0.072345
-0.020408
0.006331
-0.026272
0.168126
0.120203
0.101796
0.012437
0.008638
0.085639
-0.013259
-0.029219
0.162166
0.124098
0.121083
0.079318
0.106469
0.220651
0.123898
0.047222
0.038033
-0.029531
0.142366
0.183668
0.143399
0.160872
0.098771
0.137701
0.133716
0.063263
0.182499
-0.005535
0.037682
0.027991
0.035800
0.124818
0.104626
0.065781
0.137817
0.138263
0.138572
0.067776
0.000988
0.079489
0.076360
0.044897
0.005142
0.160426
0.096953
0.180085
0.023073
0.018046
0.003235
0.040642
0.129932
0.119631
0.087877
0.158088
0.155069
0.114270
0.059669
0.085522
0.142399
0.082300
0.000735
0.188704
0.157504
0.119200
0.141718
0.060031
-0.035882
0.014298
0.031897
0.100590
0.094827
0.083634
0.032423
0.123547
0.100690
0.139575
0.056818
0.132100
0.130056
0.148824
0.096375
0.057540
0.063351
0.022361
-0.002310
0.171054
0.113365
0.081861
-0.029587
0.020112
0.078096
0.121581
0.128097
0.139169
0.223924
0.194882
0.159667
0.010653
0.072377
0.082543
0.051305
0.059136
0.103452
0.101365
0.153411
0.054197
0.060617
0.004601
0.100991
0.061314
-0.013832
0.085834
0.038420
0.008951
0.004633
0.123388
0.032773
0.003241
0.104824
0.084707
0.089234
0.156830
0.147389
0.120165
0.160633
0.103896
0.001137
0.089245
0.055088
0.087022
0.030076
0.117385
0.061217
0.113336
0.175682
0.192393
0.054384
0.067622
0.000755
0.145844
0.132541
0.084248
0.096643
0.078912
0.073568
0.028576
0.130717
0.031151
0.076383
0.122692
0.037536
0.018059
0.071383
0.001467
0.124546
0.175767
0.028496
0.046998
0.040837
0.141799
0.146461
0.149032
0.077815
0.144276
0.128772
0.180722
0.054791
0.030517
-0.009766
0.020537
0.090402
0.171330
0.190506
0.118358
0.066292
0.040856
0.081902
0.163701
-0.008703
0.114276
0.111010
-0.015327
0.100142
0.177750
0.142695
0.102614
0.169240
0.078854
0.039565
0.100542
-0.005217
0.065234
0.120839
0.078882
0.044824
0.227276
0.191424
-0.006688
0.053084
0.047250
-0.032154
0.028724
0.044474
0.098821
0.055514
0.117563
0.073926
-0.009256
0.100675
0.044752
0.134915
0.138374
0.007671
-0.022617
0.023446
0.122846
0.045794
0.088981
0.105856
0.173336
0.174832
0.076498
0.203691
0.088851
0.103262
-0.020724
0.186035
0.072189
0.058671
0.029140
-0.028527
0.149831
0.062411
0.108919
0.115935
0.134900
0.083612
0.061956
0.180251
0.170251
-0.012063
-0.025449
0.006905
0.064888
0.113834
0.023760
0.007383
0.099082
0.046904
-0.008796
-0.026438
0.034349
0.118365
0.153765
0.122139
0.110742
0.119120
0.128601
0.067008
0.071276
0.089634
-0.015562
0.034306
0.207830
0.138025
0.107682
0.087829
-0.072370
0.048750
0.069821
0.052659
0.071728
-0.048330
0.022435
0.059837
0.066389
0.052717
-0.031383
-0.017720
0.000344
0.110445
0.167046
0.306921
0.181576
0.170363
0.090555
0.056154
0.030938
0.046493
0.067110
0.037510
0.090530
0.012939
0.130833
0.088461
0.026540
0.151330
0.109187
0.076943
0.062197
0.008044
0.147602
0.157408
0.108095
0.078845
0.010608
0.094517
0.102346
0.096073
0.083987
-0.095018
0.031330
0.028279
0.127662
-0.016108
0.032464
0.022775
0.104191
0.048382
0.057403
0.121064
0.106300
0.064242
0.098491
0.096518
0.064340
0.137864
0.136392
0.132499
0.162170
0.223258
0.124163
0.078649
0.035383
0.094248
0.144606
0.126574
0.097932
0.080437
0.115928
0.134774
0.095556
0.048323
0.172622
0.206272
0.158772
0.135974
0.089721
0.049985
0.066828
0.080767
0.110434
0.064981
-0.023369
-0.029669
-0.062814
0.038703
0.108329
-0.022985
0.031386
0.028860
-0.014809
0.025307
0.099657
0.143380
0.170523
0.103962
0.118206
0.012720
0.026501
0.072441
0.120850
0.053565
0.030387
0.045805
0.059915
0.075165
0.025291
0.060398
0.047163
0.110430
0.118528
0.087047
0.074383
0.020938
0.041577
0.063861
0.019393
0.040610
-0.094335
0.011178
0.077924
-0.038729
0.215797
0.093456
0.134500
0.034537
0.017017
0.076190
0.104272
0.093287
0.072348
0.041640
0.094813
0.108475
0.085465
0.110863
0.150825
0.149388
0.077699
-0.000873
0.095471
-0.022945
-0.002680
-0.065621
0.063086
0.051003
0.122024
0.109905
0.065354
0.112330
0.057196
0.124627
0.144594
0.067249
0.111974
0.122538
0.120983
0.081970
0.128872
0.028863
0.045526
0.041007
0.064200
0.031603
0.029278
0.097251
0.147725
0.075042
0.109032
0.023239
0.134276
0.091551
0.159548
0.119183
0.033800
0.046244
0.009923
0.029702
0.069814
0.172428
-0.011394
0.014031
0.109153
0.020254
0.070772
0.053176
0.030929
0.050683
0.064442
0.045417
0.066039
0.075579
0.076840
0.187736
0.148616
0.036847
0.128930
0.067315
0.040295
0.071004
-0.019952
0.097721
0.093207
0.121314
0.099404
0.161419
0.045020
0.039901
-0.007389
0.043287
0.020583
0.004686
0.084670
-0.011820
0.100762
0.088093
0.050941
0.039460
0.085463
0.202135
0.169637
-0.001582
0.083008
0.135676
0.161472
0.217338
0.106333
0.044293
0.057200
0.126127
0.080170
0.128959
0.072707
0.044789
0.094915
0.058056
-0.010515
0.017100
0.083133
0.046225
0.092422
0.099023
0.063686
0.067774
0.009843
-0.056460
0.147184
0.056322
0.050538
0.046162
-0.067831
0.052289
0.103516
0.035392
0.016999
-0.005684
0.012783
-0.091477
-0.046933
-0.044851
0.022735
0.062386
0.209848
0.141610
0.156486
0.112406
0.095723
0.004948
0.096909
0.189387
0.023180
-0.036479
0.027062
0.130159
0.047903
0.145272
0.113474
0.157687
0.184207
0.095333
0.103720
0.100976
0.114739
0.127248
0.136067
0.127935
0.121919
0.061163
0.114731
0.053958
0.113726
0.133730
0.110803
0.133238
0.046295
0.060830
0.156197
0.031429
0.099692
-0.016591
0.026138
0.022319
0.082348
0.131301
0.226550
0.151735
0.184705
0.014997
0.145576
0.055526
0.055002
0.053807
0.047168
0.040075
0.189096
-0.000867
-0.020113
0.126526
0.009716
0.033541
0.105312
0.146920
0.112284
0.130221
0.032410
0.075442
0.115843
0.140413
0.099482
0.096704
0.097624
-0.008870
0.125434
-0.012776
0.062184
0.105717
0.087268
0.211980
0.195117
0.120769
0.115735
0.109066
0.060985
0.059073
-0.056564
0.152344
0.063440
-0.031806
0.115149
0.054824
0.012406
0.119402
0.090952
0.099746
0.069714
0.123081
-0.049630
-0.032740
-0.003506
0.092756
0.116331
0.080999
0.067081
0.078876
0.102469
0.023879
0.013678
0.080670
0.091836
0.097467
-0.066172
0.151540
0.090535
-0.001913
-0.068169
0.046748
0.124410
0.147827
0.130652
0.066759
0.206157
0.108837
0.061456
0.099869
0.023500
0.018023
0.154649
0.059216
0.088658
0.086882
0.081989
0.161052
0.230904
0.122733
0.044000
0.024039
0.065920
-0.011564
0.107021
0.031066
0.060958
0.030116
0.095686
0.109918
0.123373
0.043148
0.062798
0.045411
0.055776
0.152068
0.111825
0.102505
0.016715
0.044432
0.157042
0.046376
0.109498
0.033120
-0.002498
0.090120
0.093757
0.061785
-0.008065
0.019422
0.048704
0.040394
0.091291
0.058643
0.137203
0.045639
0.098667
0.214986
0.038124
-0.002532
-0.017004
0.003462
0.070240
0.072161
0.033216
0.067790
0.045056
0.221558
0.168545
0.095175
0.125568
0.099099
0.007386
-0.040852
-0.007211
0.100629
0.180019
0.199236
0.098956
0.130764
0.110775
0.161273
0.110107
0.090762
0.175344
0.146152
0.103518
0.061491
0.023137
0.110765
0.111998
0.081943
0.083706
0.023073
0.144577
0.145527
0.123238
0.106112
0.063393
0.073930
0.121940
0.049302
0.067422
0.048925
-0.022002
0.121780
0.096466
0.135186
0.067495
0.036495
0.089900
0.117266
0.103298
0.207801
0.168322
0.146461
0.145673
0.094892
0.040943
-0.028894
-0.050948
0.101700
0.104648
0.089978
0.114863
0.070540
0.090648
0.050682
0.074963
0.051540
0.183744
0.034040
0.012856
0.072845
-0.036550
0.015849
0.117166
0.004377
-0.009045
0.107692
0.132484
0.008436
0.058769
0.037295
0.056666
-0.011463
-0.080525
0.055330
0.108767
0.190064
0.009607
0.029105
0.097314
0.053836
0.043215
0.149839
0.156546
0.025012
0.098717
0.050356
0.120359
0.090690
0.095054
0.030044
-0.030180
-0.049893
-0.024216
0.051736
0.083792
0.099371
0.049724
0.057086
0.101971
0.101433
0.022877
0.173610
0.112978
0.141640
0.069191
0.038837
0.123304
0.134738
0.133006
0.194078
0.151752
0.056579
-0.027917
0.013376
0.099858
0.071970
0.083022
0.114421
0.050905
0.010714
0.080323
0.116100
0.078808
-0.070147
-0.033037
-0.011905
0.117061
0.122929
0.003916
0.031683
0.064184
-0.004155
0.046938
0.125714
0.107103
0.000530
0.111987
0.129208
0.083986
0.071906
0.106831
0.028288
0.043965
0.099966
0.008270
0.038400
0.073478
0.113842
0.182713
0.103835
0.155791
0.095731
0.125438
0.173833
0.080846
0.141463
0.068838
0.104740
0.010768
0.037354
0.095039
0.136697
0.007739
0.012525
-0.014232
0.040976
0.071020
-0.033444
0.116177
0.034258
0.114267
0.261100
0.159349
0.121223
-0.081623
-0.045046
0.061651
0.093059
0.156396
-0.029885
0.155906
0.151721
0.105863
0.079999
-0.018448
0.005475
-0.002251
0.046001
0.021149
0.098675
0.121139
0.141148
0.159245
0.135809
0.107191
0.130784
0.046892
0.129382
0.141658
0.171399
0.061059
0.088078
0.005276
0.113845
0.159268
0.125102
0.102493
0.079870
0.038953
0.072199
0.038009
0.125946
0.087413
0.063935
0.119910
0.086518
0.000239
-0.026894
0.038915
0.199686
0.137976
0.028660
0.120190
0.052518
0.023154
0.076749
0.088357
0.055197
-0.003304
0.044081
-0.004721
-0.039842
-0.007453
0.032010
0.048547
0.099581
0.091491
0.056512
0.111687
0.006973
-0.005064
0.070364
0.010212
0.195271
0.089767
0.141747
0.099563
0.106285
0.112269
0.117470
-0.031990
0.041373
0.077030
0.074477
0.130047
0.061561
0.135553
-0.033813
0.069751
0.053566
0.025917
0.105099
0.058391
0.130420
0.057486
0.143720
0.063260
-0.043969
0.162578
0.058824
0.010638
0.006333
0.081149
0.015095
0.063534
-0.006582
-0.006468
-0.006792
0.075334
0.048707
0.113571
0.140637
0.124239
0.037670
0.112031
0.031592
-0.033718
0.132927
0.093397
-0.021949
-0.029015
0.139940
0.132907
0.133756
0.237385
0.092880
-0.028563
0.063187
0.051475
0.059408
0.046898
0.121503
0.097826
0.117154
0.153351
0.124053
0.154413
0.086966
0.092074
0.037143
0.030686
0.019302
-0.033771
-0.018272
0.114369
0.068281
0.042165
-0.073416
0.034463
0.118886
0.137436
0.150136
0.040067
0.066810
0.165429
0.020921
-0.067947
-0.032908
-0.107348
-0.032537
0.069122
0.047910
0.075454
0.083429
-0.036713
0.024061
0.067478
0.108090
0.207188
0.040392
0.145272
0.103886
0.095097
0.224208
0.162717
0.070041
0.058238
0.020632
0.084321
0.088538
0.206399
0.120571
0.103061
0.020358
0.015275
-0.073001
0.054477
0.110460
0.054023
0.051776
0.036384
0.045993
-0.006711
-0.052276
0.036831
0.034400
-0.071327
0.047221
0.178674
0.056286
0.013513
0.039798
0.073347
0.070981
0.033921
0.037647
0.031510
0.037972
0.038644
0.158160
0.198211
0.062680
0.148927
0.100145
0.072889
-0.026376
-0.049896
0.018273
-0.006353
0.018687
0.043725
0.133619
0.102612
-0.015810
0.030894
0.028726
0.215751
0.114073
0.092456
0.006543
-0.016792
0.043026
0.041811
0.004102
0.129391
0.002400
-0.072839
0.029210
0.055170
-0.079703
0.060461
0.169187
0.042212
0.033807
0.101365
0.108121
0.127396
0.125305
0.128320
0.082921
0.072767
0.075601
0.043970
0.176822
0.133365
0.112622
0.049592
0.170252
0.140329
0.019319
0.092828
0.081258
0.100919
0.124813
0.181506
0.159023
0.150746
0.129460
0.035849
0.114199
0.056104
0.068986
0.021908
0.039799
-0.033257
0.082667
0.075399
0.143160
0.144476
0.134630
0.130029
0.079342
0.051296
0.094049
0.119500
-0.012355
0.074194
0.019800
0.212633
0.245611
0.055230
0.094208
0.120646
0.071462
0.109844
-0.011770
0.078453
0.046036
0.064983
0.090277
0.123397
0.168377
0.112353
0.095893
0.030926
-0.003274
0.062735
0.112161
-0.079212
0.006393
0.055022
0.071893
0.128154
0.016277
-0.028705
-0.076505
-0.031996
-0.133997
0.068883
0.073701
0.121751
0.067799
0.101205
0.079255
0.092505
0.040844
0.093067
-0.025238
0.113540
0.153227
0.098900
0.086185
0.033425
0.143140
0.102227
0.037820
0.009389
-0.054335
-0.004943
0.083079
0.078443
0.072321
0.121796
-0.001163
0.046166
0.067132
0.063763
0.139906
0.116057
0.049369
0.099905
0.047641
0.123212
0.064305
0.074373
0.086995
0.044757
0.001851
0.029486
0.138968
0.069082
0.136058
0.057504
-0.022486
0.051836
0.030987
0.092481
0.033008
0.007928
0.013145
0.049634
0.145448
0.074460
0.071220
0.047010
-0.038354
0.074769
-0.035001
0.004015
0.105159
0.102694
0.164568
0.034343
0.056375
0.095027
0.093284
0.082139
0.086848
0.028954
0.093133
0.111180
0.037314
0.006265
-0.014065
0.027849
0.084086
0.163593
0.097890
0.148608
0.123191
0.161120
0.130981
-0.081329
0.099730
-0.003336
0.122186
0.060592
-0.065467
-0.029021
0.088693
0.060004
0.046279
0.023989
0.015384
0.056154
-0.004024
0.020205
0.173578
-0.018868
-0.004476
0.159002
-0.030150
0.019091
0.102087
-0.031430
0.011645
0.064992
0.055462
0.064673
0.023381
0.065552
0.104859
0.124656
0.022248
0.003497
0.108458
0.059653
0.106065
0.021675
0.056005
0.034557
0.040358
0.078750
0.122488
-0.003398
-0.017559
0.100508
0.096055
0.146007
0.088762
0.082982
0.010599
0.024808
0.146584
0.104097
0.101538
0.123575
0.010086
0.052013
0.155987
0.088982
0.032985
0.126606
0.014817
0.034814
0.023105
0.115607
0.140512
0.103163
0.063648
-0.047591
-0.042728
0.033158
0.124244
0.154056
0.126051
0.111623
0.019237
-0.011423
-0.071957
-0.041972
-0.018961
0.065247
0.070594
0.165134
0.169240
0.135458
0.099741
0.118961
0.059293
0.139389
0.091302
0.096752
0.050125
0.137872
0.071926
-0.073203
-0.012017
-0.053914
0.055328
0.104566
0.008003
0.075436
0.124447
0.020862
0.030497
0.028857
-0.018725
-0.009256
-0.030994
-0.037654
0.100206
0.118549
0.025734
-0.003327
0.038232
0.041721
0.040390
0.073152
0.105851
0.055185
0.057446
0.092963
0.149594
0.026887
0.135555
0.143307
0.144510
-0.002296
0.055347
0.009564
0.044160
0.052726
0.063552
0.078612
0.115288
0.080932
0.047071
0.032519
0.100903
0.099344
0.102782
0.188555
0.098478
-0.031358
-0.007675
0.140094
0.201021
0.164335
0.017227
0.097068
0.083446
0.026445
0.054702
0.087627
0.088907
0.145068
0.091854
0.101643
0.135707
0.208195
0.207509
0.139628
0.053021
0.130001
0.125336
0.025017
0.011485
-0.004033
0.071637
0.142467
0.128513
0.201410
0.162843
0.109162
0.045927
0.054016
0.068022
0.140630
0.076279
0.098671
0.052768
0.083370
0.129818
-0.004681
0.065518
-0.023386
0.019108
-0.057618
-0.058230
-0.032931
0.028369
0.188709
0.015557
0.083484
-0.073403
0.024375
0.082021
0.035729
0.066170
0.072867
0.097577
0.068924
0.139377
-0.009409
0.020961
0.106584
0.129538
0.093714
0.133107
0.016213
0.098841
0.189256
0.130839
0.111408
0.041319
0.009462
0.084155
0.222010
0.165419
0.161678
0.120609
0.129486
0.067224
0.090336
0.186901
0.101928
0.086136
0.055726
0.053620
0.151590
0.086870
0.142883
0.124679
0.108760
0.052218
0.115194
0.125647
0.142790
-0.006496
-0.027309
0.085082
-0.038171
-0.078009
-0.130751
-0.091291
-0.083239
0.012373
0.035687
0.055510
-0.016529
0.064264
0.101409
-0.009640
0.133044
0.082101
-0.060268
0.059434
0.053268
0.112105
0.109998
0.033688
0.127157
0.017331
0.015321
0.029317
0.149961
0.062570
-0.024339
-0.071911
0.125034
0.063017
0.117465
-0.050748
-0.018197
0.086120
0.058948
0.204831
0.117022
0.111326
0.187947
0.088289
0.105198
0.098851
0.140542
0.111621
0.079743
-0.057193
-0.061166
0.013133
-0.067868
0.043584
0.088131
0.192249
0.131560
0.117584
0.008558
0.073672
-0.022512
0.069403
0.004904
0.011239
0.010483
0.140294
0.054824
0.081498
0.024927
0.105025
0.115889
0.059811
0.059089
0.208064
0.116415
0.212269
0.115244
0.034607
0.120857
0.064025
0.091156
-0.014895
0.052344
0.096231
0.222010
0.105268
0.100577
0.087086
0.044626
0.144783
0.038664
0.072260
0.044391
0.114977
0.066773
0.038887
-0.028215
0.060857
0.019283
0.101110
0.109955
0.066153
0.179351
0.030760
-0.008698
0.123474
0.037124
-0.035824
0.000879
0.036216
0.086465
0.135282
0.141078
0.034241
0.105540
0.126810
0.091218
0.077780
0.037422
0.124498
0.127511
0.161867
0.081592
0.184092
0.124872
0.081643
0.059639
0.078902
0.164054
0.136414
0.078523
0.183328
0.056877
0.048579
0.012431
0.094278
0.048102
0.052611
0.059479
-0.055142
0.015813
0.099182
0.146960
0.106426
0.154186
0.158235
0.178014
0.134336
0.092523
0.123078
0.122847
0.194904
0.114738
0.066749
0.045262
0.111969
0.211977
0.125992
0.146622
0.106191
0.133299
0.204216
0.110290
0.028599
0.066589
0.031444
0.051138
0.098136
0.119883
0.056505
0.052173
0.077547
0.160623
0.134761
0.085793
0.119710
0.083834
0.103788
0.076576
-0.027245
-0.132825
-0.043129
0.024953
0.011043
0.130302
0.188713
0.150047
0.145341
0.080175
0.133282
0.091920
0.097075
0.163250
0.032383
0.081803
0.071272
0.067836
0.088443
0.017496
-0.019910
0.158571
0.156861
0.085690
0.028139
0.138175
0.052426
0.079620
0.118781
0.121694
0.070102
0.051869
0.174394
0.193798
0.076612
0.100887
0.102491
0.216108
0.194631
0.083059
0.053790
0.108069
0.130164
0.102783
0.050686
0.151847
0.051672
-0.071393
-0.034270
-0.032984
0.034230
0.127522
0.179499
0.118180
0.035398
0.077062
0.111879
0.155758
0.139320
0.138465
0.026837
0.144397
0.115156
0.086201
0.086569
0.096426
0.085530
0.200758
0.125973
0.042701
0.113078
0.143533
0.050984
0.098959
0.098462
0.059357
0.018507
0.162231
0.148932
0.144987
0.134930
0.121379
0.102199
0.085337
0.120426
0.108577
0.093964
0.102499
0.009862
0.074918
0.029395
0.040879
-0.049714
0.133216
0.101226
0.067752
0.103647
0.022087
0.066581
0.028084
0.038438
0.088416
0.114528
0.031364
-0.006667
-0.027297
0.118182
0.093182
0.187492
0.072028
0.036235
0.096540
0.101094
0.074305
0.069747
0.154608
-0.042936
0.014959
-0.044058
0.030014
0.073700
0.142270
0.146318
0.055141
0.098002
-0.018254
0.135196
0.226305
0.102564
0.114028
-0.046783
0.016305
-0.006653
0.051622
0.038435
0.031811
0.134080
0.127832
0.101485
0.066039
-0.099086
0.035369
0.004098
0.062365
0.144314
0.126028
0.021695
0.071191
-0.062727
0.058600
-0.000422
0.042280
0.036784
0.025889
-0.046191
-0.003674
0.109158
-0.010771
0.038566
0.078296
0.093741
0.147868
0.084357
0.010672
0.137037
0.150082
0.016244
0.042117
-0.011689
0.027427
0.026472
0.064171
0.033956
-0.002544
0.044856
0.056844
0.073930
0.058701
0.136287
0.096921
0.108854
0.062206
-0.048947
0.088196
0.193501
0.064744
0.129502
0.050179
0.184967
0.238935
0.079896
-0.014196
0.064039
0.065755
0.124870
0.043962
0.060143
0.056944
0.135371
0.090127
-0.011444
0.013327
0.090297
-0.040432
0.071332
-0.049824
0.134424
-0.034498
0.130219
0.082191
0.025556
0.028518
0.026674
0.105085
0.060560
0.128062
0.147921
0.182175
0.082389
0.067047
0.029177
0.051572
-0.014303
0.188280
0.154265
0.078981
0.128253
0.122490
0.057580
-0.010853
0.072816
0.069752
0.017421
0.082882
0.041106
-0.052875
0.081298
0.125074
0.031703
0.094437
0.014004
-0.004242
-0.110692
0.008221
0.087393
0.021969
-0.013294
-0.009474
0.076186
0.193978
0.052356
-0.080424
-0.020003
0.041492
-0.010414
0.224138
0.091306
0.121835
0.006653
0.169054
0.108246
-0.008081
0.033566
0.087685
0.171167
0.082918
-0.008401
0.038867
0.073031
0.129393
0.188603
0.082458
-0.008925
-0.059095
-0.008083
0.056070
0.162756
0.163184
0.149067
0.133367
0.046016
0.123209
0.042701
0.085562
0.163229
0.125961
0.034787
0.059289
-0.009815
-0.011297
0.100121
0.069315
0.000174
0.042005
0.068974
-0.010843
0.001168
0.004328
0.055915
0.041906
0.089832
0.027942
0.062397
0.110540
0.172169
0.200793
0.210249
0.007438
-0.031734
0.002737
0.136236
0.067922
0.108939
0.078863
-0.027219
0.050467
0.136301
0.106154
0.082738
0.166489
0.040779
0.081780
0.253433
0.173566
0.060586
0.066172
0.079076
0.162460
0.160059
0.066787
0.011256
0.115090
0.025234
0.014107
0.115712
0.025695
-0.078675
-0.003970
-0.057180
-0.030976
0.139561
0.155262
0.105712
0.112767
0.030592
0.137965
0.129743
0.071696
0.034027
0.085784
0.051495
0.111050
0.129836
0.108859
0.129307
0.086362
0.143178
0.056765
0.182581
0.108449
-0.048414
0.010497
0.135442
-0.005161
0.126437
0.118593
0.076583
0.114210
0.021576
0.087371
0.002836
0.074234
0.184388
0.068061
0.035880
-0.002475
-0.046170
0.039511
0.020022
0.126041
0.136751
0.139956
0.136881
0.002989
0.123416
0.040910
0.127135
0.137269
0.001046
-0.033469
0.080962
0.230566
0.178225
0.079280
0.015360
-0.028308
0.051650
0.073918
-0.077148
-0.016905
-0.024230
0.042221
0.069389
0.096528
0.207189
0.186795
0.070114
0.074153
-0.003728
0.080635
0.030840
0.212906
0.096237
0.125763
0.035236
0.109296
0.160341
0.092169
-0.007178
0.049663
0.060171
0.108003
0.025416
0.067803
0.070587
0.089556
0.078018
-0.011272
0.160542
-0.022639
0.101949
0.133205
0.167164
0.197099
0.171973
0.074432
0.088386
0.187750
0.107732
0.124444
-0.028967
-0.014718
0.060180
0.019788
0.098754
0.110439
0.065094
0.063813
0.109274
0.002078
0.092865
0.128044
0.018798
0.095352
0.059683
0.070544
-0.015981
0.042157
0.166422
0.047386
0.068145
0.068639
0.077216
0.159621
0.139865
0.159709
0.110371
0.136436
-0.002616
-0.005870
0.099059
0.066302
0.033984
0.126445
0.113189
0.218412
0.113701
0.173154
0.169033
0.074583
0.114455
0.063056
0.172726
0.170514
-0.000528
-0.041811
0.002203
0.079996
-0.004609
0.076531
0.073011
0.051389
0.107490
0.209066
0.208445
0.066407
0.063364
0.151951
-0.006307
-0.022851
0.106047
0.126961
0.237946
0.203418
0.110777
0.061464
0.153097
0.120147
0.043098
0.088283
0.089509
0.152601
0.060157
0.139305
0.173776
0.048116
0.065872
0.142083
0.111547
0.121793
0.187748
0.063641
0.134574
0.101707
0.001345
0.177403
0.086468
-0.002154
0.135842
0.060542
0.049981
0.064671
0.125434
0.140047
0.062447
-0.024024
0.008008
0.009245
0.135264
0.066198
0.135653
0.069434
0.082859
-0.021890
0.026740
0.164565
0.125547
-0.027207
0.113672
0.019952
0.007346
0.164697
0.088921
0.087655
0.125807
0.009315
0.076116
0.067818
-0.010172
0.067180
0.031677
-0.034653
0.066203
0.012260
0.108887
0.102737
0.012796
0.121259
0.037397
-0.082992
0.012209
0.038900
0.044662
0.088640
0.028998
0.174488
0.026587
0.159207
-0.024832
0.016276
0.050102
0.019737
0.112335
0.031886
0.097427
0.104960
0.003179
0.097297
0.062141
0.045999
0.067512
0.101386
0.087558
0.057762
0.000526
0.109195
0.142430
0.034256
0.026015
0.002033
-0.036400
-0.120354
0.016640
0.115879
0.105074
0.096771
0.043685
0.020907
0.000744
0.147336
0.049781
0.089686
0.130292
0.013211
0.040972
-0.028312
-0.003287
0.142582
-0.010698
0.068866
-0.083308
-0.002293
0.003825
0.006528
0.046499
0.106019
0.167105
0.130027
0.120234
0.127552
0.026722
-0.049428
0.076699
0.149088
0.161297
0.110688
0.115087
0.176613
0.171632
0.074697
0.050934
0.000514
-0.063633
-0.000766
-0.035173
-0.066631
0.035820
0.038603
0.069170
0.116543
0.120069
0.045272
0.043675
0.034159
-0.008329
0.063139
0.060366
0.034670
0.092336
0.068916
-0.063212
0.098607
-0.008745
0.017807
-0.041136
-0.033664
0.056836
0.153014
0.044408
-0.011059
-0.001578
0.029966
0.018058
-0.002512
0.110374
0.087779
0.070019
0.021827
-0.009273
-0.086358
0.036227
0.070949
-0.080632
0.021831
0.077047
0.106564
-0.050346
-0.003234
0.069266
0.092050
0.064596
0.032214
0.046643
0.027352
0.062046
0.126253
0.126252
0.173083
0.092173
0.035937
-0.059978
0.114186
0.198837
0.090790
-0.047826
-0.024171
0.067930
0.119295
0.040787
-0.003333
0.045355
-0.026876
0.156370
0.009181
-0.049004
-0.014130
0.065068
0.192226
0.204182
0.041726
0.099437
0.041631
0.033595
0.007666
-0.005873
0.120361
0.106864
0.151827
0.074315
0.094389
0.036616
0.074441
0.082141
0.126782
0.044426
0.123300
0.074908
0.092254
0.066975
0.021607
0.141716
0.103116
0.087591
0.064703
-0.003262
0.098286
0.116994
0.144258
0.089292
0.058728
0.088745
0.111806
0.073255
-0.062529
-0.028223
0.006037
0.002069
0.137034
0.092918
-0.025905
0.038964
0.008396
0.039376
0.204980
0.141176
0.152429
0.133682
0.043065
0.114187
0.014649
0.105939
0.177135
0.152903
0.207606
0.112407
0.127906
0.094480
0.170734
0.133648
0.072914
0.094668
0.126284
0.122375
0.049307
0.058529
0.139329
0.150916
0.180472
0.137891
0.001686
0.007623
0.085582
-0.049818
0.034686
0.026728
0.005019
-0.056372
-0.078302
-0.061898
0.047498
-0.068549
0.036496
-0.019675
0.073756
0.070175
0.185837
0.095287
0.036545
-0.026356
0.100127
-0.049816
-0.051508
-0.027687
-0.027616
-0.080968
-0.035393
0.073715
0.069635
0.034842
0.037994
0.049910
-0.079372
0.096548
0.035082
0.072780
-0.000880
0.004258
0.053170
0.000791
0.058649
0.025687
0.033661
0.020829
-0.026740
-0.127096
-0.043437
-0.013069
0.034516
0.110003
0.054195
-0.015012
0.050215
0.163373
0.031403
-0.008459
0.023440
0.002028
0.094157
0.075789
0.131587
0.222279
0.143713
0.122207
0.133608
0.046189
0.014093
0.085851
0.059672
0.043251
0.088893
0.136514
0.054035
0.039695
0.067752
0.044964
0.150061
0.118357
-0.007641
0.030674
0.026772
0.155402
0.046861
-0.047303
0.059799
-0.007921
0.004563
0.117170
0.041641
0.081325
0.095523
0.201365
0.156576
0.199622
0.141131
0.081980
0.088069
0.063496
0.173856
0.220656
0.203447
0.055468
-0.029513
-0.123364
0.056247
0.033749
0.097888
0.147233
0.151357
0.210903
0.142338
0.097547
0.183064
0.160491
0.183037
0.213393
0.077039
0.039302
0.038473
0.076938
-0.054748
0.068835
0.066524
0.109695
0.093308
0.109250
-0.014954
0.003087
-0.054563
0.061196
-0.061653
0.080956
0.079693
0.023181
0.204458
0.167982
0.160196
0.152516
0.088964
0.077505
0.099720
0.010283
-0.015296
0.005312
0.018254
0.053896
0.098327
0.143967
0.042114
0.117266
0.052759
0.030742
0.023155
0.051265
0.033270
0.038901
-0.011290
0.101835
0.168050
0.135148
0.082147
-0.018886
0.140062
0.054613
0.118476
0.009174
0.085914
-0.092590
0.123779
0.072624
0.044086
0.071174
0.110279
0.212099
0.090306
0.212817
0.030632
0.102919
0.137104
0.078978
0.200419
-0.019974
-0.087965
0.036852
-0.113882
0.006646
0.147061
0.097010
0.061195
0.093026
0.025415
0.098226
0.143252
0.064392
0.094454
0.118473
0.072636
0.084792
0.010042
0.125915
0.096048
0.049458
0.048223
0.105669
0.092182
0.071993
0.057832
0.131586
0.131201
0.103183
0.180084
0.198870
0.086638
0.078810
0.047030
0.056323
0.138919
-0.044773
0.056657
0.154228
0.192167
0.139175
0.114831
0.230474
0.191631
0.121098
0.219414
0.054181
0.021937
-0.021235
0.053095
0.007883
0.014191
0.065985
0.078517
0.077056
0.064891
0.067918
0.081998
0.136210
0.040710
0.013376
0.113456
0.012262
0.031779
0.106741
0.048298
0.038838
0.030472
0.183796
0.118478
-0.034402
0.045534
0.148630
0.097526
0.157100
0.009722
0.061727
0.018121
0.052081
0.165638
0.059472
0.049907
-0.037185
-0.034601
0.084291
0.114928
0.130600
0.058920
0.028860
0.063336
0.026351
0.088001
0.080099
0.044731
0.103690
0.009575
-0.023049
-0.001922
0.110247
0.084729
0.014062
-0.001652
-0.025880
0.100734
-0.018113
0.039012
0.006002
0.110523
0.064026
-0.004721
0.032080
0.128926
0.072420
0.079617
0.046069
0.022618
0.155429
-0.016231
-0.058372
-0.111945
0.048019
0.062239
0.088349
0.187459
0.113596
0.085367
0.041621
0.007897
0.001472
0.116323
0.080922
0.170288
0.182663
0.047108
0.090748
0.003524
0.129757
0.103241
0.124547
0.121008
0.111427
0.121426
0.017314
0.103985
0.064363
0.082025
0.018022
0.085441
-0.029011
-0.078617
-0.088343
-0.064586
0.045546
0.087151
-0.004544
-0.037635
0.022348
0.100540
0.059293
0.072761
0.114702
0.167549
0.114973
0.114443
0.119992
0.059945
0.094366
0.011276
0.011017
0.093776
0.077651
0.117614
0.028750
0.113448
0.142880
0.076595
-0.000038
0.048174
0.119880
0.154859
0.134829
0.160520
0.155161
0.137580
0.124498
0.143532
0.168976
0.148129
0.050359
0.137606
0.080854
0.008341
0.028195
0.143072
0.112366
0.004961
-0.007061
-0.069631
-0.117485
0.040168
-0.035195
0.060917
0.120712
0.132788
0.078930
-0.059856
0.015126
0.051082
0.024249
0.229246
0.113795
0.013297
0.010062
-0.008888
0.058763
0.073280
0.014285
0.053840
0.101748
0.098517
0.149485
0.039783
0.082944
-0.008457
-0.029485
-0.006844
0.140543
0.027143
0.013157
0.029016
0.021424
0.064200
0.078440
0.097832
0.144396
0.084219
0.062426
-0.021214
-0.022251
0.003390
0.045491
0.168704
0.099897
0.078651
0.002734
0.008465
0.075283
0.046782
0.131790
0.123519
0.067291
0.067946
-0.006318
0.073530
-0.123390
0.023781
0.050837
0.160890
0.215049
0.149270
0.074358
0.066488
0.045896
0.138131
-0.021965
0.060709
0.073567
-0.002434
0.040191
0.043897
0.087307
0.045687
0.060593
0.037189
-0.029467
-0.014261
0.034200
0.045778
0.040473
0.044762
0.024689
0.049177
0.004167
0.008205
-0.102917
-0.166751
-0.036270
-0.089104
0.093752
0.062327
0.025231
0.093795
0.105955
0.058973
-0.055207
0.009073
-0.031061
0.015231
0.004457
0.023057
0.043928
0.157110
0.044786
-0.037588
0.027959
-0.013253
0.039119
0.115143
0.076165
0.093648
0.174315
0.102329
0.094286
-0.041158
0.004667
0.144415
0.082490
0.139302
0.224760
0.092406
0.201067
0.200870
0.056774
-0.006766
-0.013448
0.066462
0.072413
-0.038373
0.131185
0.080235
-0.009267
0.065999
-0.004204
0.052937
0.129177
0.156502
0.203975
0.145431
-0.026934
0.015883
0.022801
0.046066
0.086545
0.029600
0.118495
0.174993
0.189199
0.028974
0.025127
0.135007
0.038989
0.030363
0.076872
0.077090
0.053930
0.052607
0.055580
0.072302
0.055078
0.063011
0.101995
0.051906
0.052735
0.052038
0.149423
0.035742
0.106610
0.079371
0.020525
0.162545
0.138353
0.024935
0.008483
0.137100
0.192081
0.183662
0.012816
0.176539
0.039899
0.124999
0.203237
0.136389
0.087653
0.073863
0.110691
0.170662
0.030211
0.098548
0.110130
0.052660
0.149532
0.064111
0.022928
0.170739
0.091449
0.005167
-0.005897
-0.058252
0.080962
0.108511
0.116995
0.010065
0.035699
0.089887
0.018602
0.119918
0.127563
0.042425
0.049370
0.046429
0.119198
0.007601
0.065891
0.148480
0.147936
0.045283
0.135164
0.061646
0.136973
0.096082
-0.056287
0.085616
0.133378
0.108928
0.069125
0.057166
0.081734
0.133297
0.134740
0.094995
0.203781
0.067085
0.040799
0.106697
0.090594
0.069421
-0.055204
-0.060834
0.032664
-0.023087
0.033383
0.137188
0.227052
0.111155
0.078835
-0.011055
-0.037005
0.026966
0.121934
0.037700
0.005122
0.073721
0.078520
0.048733
0.122205
0.069787
0.089101
0.012087
0.065482
0.183714
0.110327
0.113756
0.047944
0.003008
0.041342
0.014754
0.052582
0.008131
0.005489
-0.008845
-0.071518
-0.060186
0.032437
0.107648
0.124475
0.189330
0.080372
0.040273
0.094924
-0.024612
0.034704
0.083157
0.127683
0.067491
0.078459
0.022341
0.069607
0.007013
-0.027679
0.146348
0.093722
0.100864
0.143225
-0.057291
0.043839
0.119738
0.064758
0.028401
-0.085641
0.108377
0.183945
0.145298
0.167021
0.051411
0.070855
0.089724
0.143866
0.081893
0.103673
0.061943
-0.038947
0.071021
-0.016215
0.190198
0.001392
0.132179
0.097069
0.109870
0.081703
0.030150
0.133095
0.099457
0.091489
0.068305
0.150628
0.175351
0.091074
0.023759
0.069665
0.034437
0.069718
-0.004187
0.010507
-0.085453
0.041489
0.059957
0.031483
0.039853
0.036111
0.109830
0.078778
0.114789
0.021823
0.000407
-0.070203
0.071337
0.042159
0.001003
0.010881
0.018940
0.049373
0.121279
0.025259
-0.004693
0.127405
0.077006
0.081629
-0.094791
-0.092543
0.027142
0.093727
0.089185
-0.038683
0.016733
0.004058
-0.043749
0.031227
0.095597
0.002133
0.126123
0.036874
0.021374
0.115443
0.085877
0.041844
0.025724
0.076298
0.003731
0.040105
0.088069
0.054492
0.123443
0.055592
0.075276
0.085229
0.163024
0.102864
-0.047775
0.066005
0.127381
0.173380
0.172512
0.120482
0.059796
0.075968
0.036643
0.035779
-0.000344
0.022827
0.077798
0.107656
0.062629
0.025783
0.069669
0.102589
0.024286
0.107986
-0.033184
-0.122799
-0.076918
-0.140147
-0.047807
0.004235
0.020322
0.035399
0.002471
0.043326
0.005452
0.091883
0.133208
0.026655
0.006203
0.064865
0.049656
0.022546
0.017458
0.069335
0.055032
0.075148
0.106535
0.069702
0.079925
0.047364
0.056991
0.024949
0.088553
0.011332
0.046810
0.114019
-0.018802
0.028920
0.002447
0.091237
0.049932
0.087206
0.054128
0.140804
0.110040
0.131809
0.095655
-0.046863
0.011893
0.037859
0.035585
0.007173
0.132951
0.043997
0.058321
0.062399
0.051877
-0.089497
0.039503
0.007610
0.089170
-0.007230
0.147493
0.186555
0.157633
0.047525
0.107762
-0.052796
0.038555
0.045781
0.078635
0.016236
-0.045667
-0.044134
0.081009
0.111522
0.037918
0.188459
0.151626
0.004208
0.029601
0.070155
0.120803
0.075070
-0.071470
0.095998
0.111041
0.001465
0.052090
0.053665
0.075922
0.183418
0.117280
0.158839
0.117104
0.133185
0.130347
0.046203
0.011609
0.029143
0.054828
0.062164
0.067511
0.054738
-0.016542
0.188326
0.106254
0.115456
0.089475
0.016489
0.051428
0.187195
-0.035793
0.090592
0.118710
0.044567
0.049451
0.039246
-0.006531
0.154520
0.166526
-0.024883
0.074231
0.141456
0.076647
0.073009
0.032933
0.085599
0.088966
0.127761
0.119732
0.077028
0.061791
-0.053305
0.075775
0.183364
0.068585
-0.004927
0.047149
-0.018317
0.003807
0.091697
0.069025
0.081297
0.107556
0.091106
0.077610
0.098878
0.010849
0.076584
0.071608
-0.030424
-0.005535
0.037461
0.018396
0.141905
0.159757
0.105199
0.029868
-0.031049
-0.075619
0.006164
0.021010
0.096646
-0.005003
-0.032505
0.007559
0.024089
0.142117
0.106427
-0.037731
0.102710
0.050864
-0.052977
0.091583
0.109282
0.043281
0.000772
0.065683
-0.038157
-0.049483
0.151243
0.153709
0.084068
-0.089017
0.063912
0.137358
0.204079
0.158145
0.163193
0.056047
0.063113
0.133366
0.302432
0.144465
0.022687
0.029373
0.035594
0.170249
0.001973
-0.023423
0.113363
0.008476
0.070541
0.157076
0.173901
0.073625
0.078826
0.059992
0.123613
0.099749
0.107058
0.073274
0.053882
0.079151
-0.083212
0.013438
0.028628
0.087930
0.121307
0.013573
-0.003856
0.017494
0.018186
0.073102
0.101523
-0.130724
0.038756
0.041533
0.132029
0.059004
0.041942
0.047786
0.041895
0.032689
0.035243
0.136332
-0.022936
0.079551
0.042496
0.009568
-0.003981
0.078077
0.173904
0.122353
0.109703
0.061145
0.163999
0.167411
-0.005210
-0.038493
-0.057636
0.139295
0.037847
0.083399
0.133283
0.110660
0.179806
0.156273
0.069194
0.059054
0.056873
0.129263
0.069294
0.007299
0.003337
0.058920
0.049284
0.105177
0.141161
-0.003753
0.073163
0.048899
0.069616
-0.056343
0.050975
0.061362
0.057560
0.097122
0.055834
0.099160
0.019086
0.026692
0.175739
0.191774
0.002532
0.083471
0.091999
0.131961
0.109859
0.102195
0.164039
0.004049
0.115312
0.093849
0.044515
0.002479
0.051840
0.056787
0.149999
0.154038
0.067325
0.025201
0.103692
0.103127
0.070717
0.017555
0.046615
0.139545
0.142901
0.013707
0.181520
0.173047
0.091544
0.209578
0.118645
0.138851
0.090814
0.096302
0.061026
0.042043
0.071997
0.065986
-0.031743
0.035624
0.050709
0.071269
0.175568
0.077669
0.054785
0.030655
0.103803
0.023919
0.144448
0.069229
0.152383
0.146699
0.249817
0.121737
0.037600
0.022020
0.119936
0.080094
0.040609
-0.129316
-0.004147
-0.035542
-0.035281
0.102848
0.155270
0.120738
0.134332
0.110811
0.032964
0.140146
0.129752
0.013640
0.154244
0.021388
0.132064
0.169985
0.105439
0.103693
0.070076
0.184462
0.067554
0.156090
0.245167
0.109788
0.079415
0.108773
0.166786
0.012723
-0.026870
0.028571
0.140562
0.077268
0.083880
-0.010962
0.130602
0.046484
0.102580
0.080116
-0.048633
-0.071285
0.081815
0.016636
0.069993
0.056043
0.073067
0.082943
0.015305
0.117629
-0.005759
0.014903
-0.030305
0.049083
0.042101
0.086305
0.118520
0.114109
0.083936
-0.022600
0.039749
-0.017185
-0.007134
-0.050987
0.057641
-0.018141
-0.007359
0.075608
-0.052998
-0.029687
-0.061121
0.008076
0.060365
0.134280
0.077185
-0.027744
-0.167879
0.000401
0.019432
-0.082293
0.047569
-0.031409
0.047991
0.027083
0.018490
0.046027
0.023250
0.061563
0.125150
0.110020
0.114882
0.028094
-0.019744
-0.007252
0.087236
0.081514
0.121634
0.158447
0.235961
0.136576
0.066352
0.093923
0.119109
0.129022
0.012175
-0.042036
-0.002709
-0.063350
0.118904
0.091657
0.049253
0.050898
0.082093
0.100898
0.009230
0.043183
-0.013129
0.053036
0.106011
0.007001
-0.034176
0.048375
0.110415
0.036513
0.088654
0.045529
-0.089760
0.145423
0.103955
0.133334
0.007084
0.083244
0.016963
0.051340
0.091501
0.094330
0.081203
0.011882
0.002642
0.100541
0.082337
0.220578
0.085815
0.064601
0.131374
0.073039
0.046869
0.009792
0.075020
0.064516
-0.005640
0.049644
0.041697
0.102535
-0.037838
0.017724
-0.036636
-0.005479
0.176168
0.061608
0.038776
0.035150
0.000441
-0.006161
0.012113
-0.010606
0.075045
-0.038394
-0.109163
0.073964
0.066994
0.089235
0.041134
0.205516
0.132847
0.115880
0.149856
0.108363
0.064392
0.089304
0.083791
0.129140
0.169133
0.056691
0.040662
0.065031
0.011173
0.081986
0.072948
0.033604
0.053100
0.097889
0.119308
0.022297
0.066930
0.080060
0.057800
0.025036
0.050027
-0.078931
0.082768
0.100568
0.033026
-0.073040
0.006401
0.126716
0.147654
0.146346
0.119956
0.128049
0.108724
0.013690
0.011066
0.095209
0.110664
0.045885
0.044043
0.064254
0.030177
-0.032568
-0.012956
0.068109
0.098301
-0.017808
0.033087
0.107266
0.050333
0.056608
0.018612
0.022813
-0.002130
-0.104292
0.000803
0.107844
0.101289
0.061389
0.118861
0.076519
0.172324
0.070533
0.080369
0.026049
-0.022321
0.021532
0.105019
0.078097
0.050944
0.120522
0.066916
0.131456
0.205836
0.235258
0.025847
0.014284
0.109901
0.072575
-0.020059
0.025600
0.018917
0.054419
0.014144
0.034792
0.071691
0.102673
0.103414
0.085031
0.102874
0.024911
0.093218
0.168974
0.171240
0.038792
0.080731
0.037427
0.108560
0.020081
0.106202
0.087684
0.061014
0.066646
0.094023
0.164498
0.057195
0.115347
0.132976
0.087825
0.115392
0.138921
0.082543
0.063600
0.186989
0.167759
0.134738
0.083917
0.071765
0.099997
0.147636
0.158703
0.044540
-0.072528
0.093653
-0.007303
0.067618
0.048123
-0.028184
0.060790
-0.033119
-0.021730
0.141135
0.070025
0.099850
0.134342
0.094129
0.083423
-0.035420
-0.042020
0.122629
0.015103
-0.003457
0.063842
0.015051
0.112475
0.076357
0.010178
-0.025942
-0.020885
-0.058132
-0.047520
0.094947
0.104935
0.101328
0.003446
0.142216
0.140862
0.041523
0.115178
0.114765
0.182328
0.218211
0.008062
0.081856
0.086825
0.084697
0.051785
0.071753
0.088648
-0.042490
0.027049
0.206456
0.076653
0.131909
0.064760
0.156185
0.072119
0.227484
0.130189
0.088971
0.076393
0.237509
0.206951
0.152035
0.133582
0.050223
0.070368
0.089728
-0.019670
-0.059431
0.062823
0.094622
0.094988
0.036061
0.127276
0.184418
0.019501
0.032935
0.018593
0.063287
0.097095
0.110110
0.056428
0.027554
0.095517
0.070242
-0.188739
-0.054278
0.112788
0.135529
0.136760
0.023489
0.059871
0.094724
0.122966
0.138130
0.068241
-0.076667
-0.019085
-0.068667
0.077945
0.103470
0.044967
0.105204
0.139015
0.131701
0.142822
-0.014627
0.072274
-0.055171
0.032010
0.052334
0.083964
0.036073
0.014282
-0.006389
0.101457
-0.050241
-0.033006
-0.038878
0.011752
-0.106038
0.014428
-0.044154
-0.047025
0.032467
0.091492
0.255236
0.164410
0.131307
-0.046033
0.039719
0.021762
0.094422
-0.014095
-0.065916
0.080470
0.077655
0.062718
0.080099
0.130709
0.173455
0.083172
0.099319
0.100695
0.059861
0.121886
0.098993
0.014477
-0.016988
0.066321
0.072824
-0.006245
-0.091177
0.017535
0.018307
0.032475
0.086916
0.112302
0.068074
0.020539
-0.008386
-0.005738
0.024418
0.095449
-0.016179
-0.092748
0.019760
-0.001726
-0.006251
0.145739
0.022388
0.105535
0.046275
0.003181
-0.028327
0.036386
0.140858
0.100945
0.035135
0.080117
-0.084444
-0.001565
0.057374
-0.043047
0.003560
0.116681
0.054888
0.036726
0.033464
0.053014
0.117485
0.091793
0.014903
0.007827
0.013758
0.070030
0.102175
0.078959
0.082529
0.048683
0.065519
0.114522
0.098220
0.040552
0.059889
0.134229
0.043874
0.054932
0.055063
0.015514
0.088983
0.000154
0.030987
0.066988
0.105532
0.087168
0.100280
0.104818
0.034245
0.139579
0.201414
0.152284
0.026109
-0.040242
-0.051659
0.084213
-0.013968
0.013155
0.024373
0.018753
0.068628
0.093406
0.071321
0.177192
0.223765
0.110043
0.115448
0.089694
0.062821
0.191076
0.104973
0.101950
-0.027213
-0.049292
0.095075
-0.004198
-0.056497
0.097857
0.066805
0.098237
0.177320
0.101274
0.067705
0.061251
-0.047936
0.069102
-0.012421
-0.057885
-0.023005
0.012948
0.100182
0.021427
-0.048945
0.087681
0.038786
-0.012277
0.069894
0.064199
0.025748
0.126712
0.066353
0.000435
-0.011707
0.067796
0.066179
0.101525
-0.007488
-0.020605
0.075344
0.001072
0.110800
0.011133
0.060155
0.119849
0.045546
0.015496
0.071919
0.074823
0.026439
-0.086112
0.036831
0.050248
0.045960
0.136758
0.026226
0.079249
0.055224
-0.018780
-0.009049
-0.012821
0.052636
0.000556
0.084793
0.022102
0.041630
0.015356
0.023656
-0.028669
0.042292
0.064053
0.021942
0.008516
-0.095534
-0.016755
0.027292
0.127415
0.153903
0.139924
0.140625
0.173267
0.068431
0.083077
0.121222
0.127240
0.072349
0.172438
0.143013
0.148486
0.031842
-0.021678
0.104100
0.106541
0.017820
0.092851
0.202229
0.028818
0.101423
0.104618
0.103522
0.054391
-0.008031
0.107798
0.145055
0.020252
-0.015084
0.095865
0.027475
0.027925
0.067921
0.049745
-0.080601
-0.015935
0.056548
0.090362
0.052424
0.048402
0.048623
-0.027881
0.116230
0.093339
0.134455
0.089216
0.041860
0.139080
0.185972
0.057590
-0.016121
0.076137
0.058705
0.045797
0.115260
0.153801
0.005175
0.029410
0.094813
0.203663
0.186109
0.008098
0.059910
0.082317
0.010130
-0.027659
0.045847
0.085985
0.001341
0.107955
0.055043
0.046661
0.149310
0.032816
0.060421
0.081655
0.021658
0.025502
0.135127
0.049414
0.062578
0.132660
0.199205
0.048196
0.002414
0.041567
0.139695
0.044673
-0.027803
0.004821
0.045817
0.040890
-0.007313
0.001371
-0.066717
0.010331
0.027025
0.051972
0.052859
0.104718
0.123358
0.158795
0.047359
0.044099
0.133353
0.152631
0.119636
-0.046227
0.103688
-0.043159
0.057011
0.028237
0.098175
0.160810
0.083692
-0.095261
-0.030100
0.015616
0.065498
0.103290
-0.037819
0.012744
0.139276
-0.010755
0.048251
-0.009711
-0.023691
-0.055976
-0.084286
-0.030640
-0.020491
0.045094
-0.016666
0.043727
0.011074
0.021251
0.041743
0.093508
0.050081
0.049232
-0.012714
0.058677
0.094382
0.077674
0.045834
0.019538
0.037214
0.037577
0.042178
0.101797
-0.060652
0.006550
0.123249
0.119317
0.022264
0.072054
0.103779
-0.001280
0.014670
-0.069869
0.045644
0.071475
-0.002947
-0.047639
-0.104049
-0.014897
0.067740
0.049740
0.109580
0.079493
0.036171
-0.022955
0.032256
0.026648
0.134109
0.149459
0.095415
0.103385
0.126802
0.037319
0.002412
-0.019028
-0.093998
0.077736
0.056099
0.029197
0.053189
0.051978
-0.058539
0.022918
-0.016160
0.022667
-0.000414
0.113188
0.155309
0.129384
0.166581
0.089354
-0.000327
0.125936
0.125667
0.163070
0.137981
0.120209
0.067535
0.087038
0.075718
-0.093619
0.061147
0.138604
0.129129
0.110699
0.088410
0.152410
-0.034501
-0.019798
0.140329
0.068672
0.099941
0.172901
0.046454
0.075917
0.078915
0.058588
0.220438
0.180111
0.096865
0.116739
0.114862
0.049860
0.127960
0.113926
0.089530
0.261994
0.010168
0.028210
0.012261
0.034907
0.082909
0.051882
0.095293
0.083906
0.134183
0.126751
0.120012
0.168325
0.110517
0.068226
0.003902
0.034335
0.237105
0.031523
0.056766
0.212993
0.078952
0.072776
0.120409
0.060623
0.006261
0.055561
0.103022
0.120162
0.106162
0.088525
-0.020435
-0.042175
0.045794
0.101280
0.060168
0.086804
0.148258
0.026660
0.044196
0.011264
0.123220
0.066166
0.057180
0.091334
0.143319
0.096800
0.068703
0.071768
-0.006777
0.051751
-0.031164
0.070340
0.107448
0.156524
0.001538
0.028601
0.065927
0.110507
0.014717
0.027690
0.094262
0.029613
0.094089
0.133235
0.057956
0.084921
0.009868
-0.132217
0.044340
0.041912
0.030576
0.055851
0.269087
0.156243
0.088124
0.049136
0.038778
0.030699
0.040286
-0.010702
0.033270
0.107280
-0.006069
-0.058632
0.090099
0.060515
0.067273
0.066302
0.052941
0.119682
0.056180
0.070331
0.064176
0.043240
0.086847
0.169937
0.111268
0.038931
0.081817
0.106615
-0.006738
-0.043135
0.056824
0.042654
0.126685
0.035733
0.174212
0.074341
0.065995
0.094774
0.041776
0.177284
0.101555
0.137500
0.026167
-0.001671
0.145960
0.093423
0.062040
0.036945
0.001783
0.127367
0.036818
-0.022304
-0.033308
0.132493
0.131922
0.139884
0.263791
0.129267
-0.030336
0.106154
0.117740
0.066219
0.089133
0.076974
0.046847
0.000446
0.116210
0.133684
0.080072
-0.048049
0.108663
0.010227
-0.010951
0.054674
0.074438
0.039687
-0.003565
0.090228
0.095100
0.059626
0.062453
0.091848
0.020748
0.161577
0.004321
0.164229
0.022708
-0.006706
-0.008677
0.071203
0.078930
0.052414
0.051093
0.083106
0.094962
0.077162
-0.004798
0.022875
0.051247
0.143095
0.126575
0.043513
0.008792
0.097605
-0.049251
-0.008571
0.052797
0.074499
0.042634
0.032620
0.090589
0.001348
0.056891
0.041799
0.092686
0.084881
0.102962
0.186402
0.125528
0.165455
-0.028741
0.059928
0.103455
-0.014390
0.033050
-0.031627
-0.033731
-0.016745
0.053561
0.164920
0.225215
0.088666
0.018285
0.027090
0.076899
0.053939
0.070918
0.016895
-0.046305
0.100800
0.030220
-0.076435
-0.021168
-0.000154
0.051377
0.056653
0.105460
0.082004
0.031779
0.079273
0.049347
0.098868
0.040226
-0.038668
-0.034412
0.033383
0.024127
0.044923
0.025391
0.037180
-0.034765
-0.046459
0.082903
-0.006183
0.008939
0.061501
0.067821
0.065351
0.052667
0.022848
0.007805
0.008560
0.063266
0.134330
0.125929
0.064751
-0.054791
-0.126020
-0.096985
0.073354
0.139344
0.140935
-0.066228
-0.015917
0.012469
-0.007698
0.035438
-0.035640
-0.020099
-0.000653
0.064491
0.025358
0.038014
0.012376
0.079119
0.075110
-0.066246
-0.159660
-0.009889
0.102495
0.157508
0.169002
0.120478
0.103329
0.152372
-0.018903
0.060166
0.039101
-0.003277
0.020005
0.017509
0.114494
0.123553
0.057767
-0.013226
0.130213
0.083509
0.090866
0.023278
0.008045
0.069516
0.046711
-0.002324
-0.018966
0.023654
0.017640
-0.007728
0.004425
-0.033216
0.071692
0.163859
0.145646
-0.036159
-0.025167
-0.028151
0.077798
0.022922
0.100304
0.033837
0.058857
0.002686
0.002551
-0.045936
-0.027382
0.008664
0.004785
0.095441
0.049723
0.084056
0.173800
0.094040
-0.026963
-0.019545
0.103779
0.024174
-0.006629
0.058407
0.062832
0.075289
0.026271
0.128875
0.123107
0.201670
0.026821
0.096586
0.107645
0.136822
0.101893
-0.014760
0.019085
0.056299
0.175398
0.064556
0.060273
0.026991
0.070704
0.133814
0.090710
0.025748
0.034515
0.049644
-0.024061
-0.025598
-0.030984
0.013182
0.120824
0.090616
0.051305
0.184626
0.061835
0.182162
0.062734
0.078767
-0.004936
-0.041561
-0.016545
-0.059005
-0.051228
-0.022127
0.051567
0.134618
0.120835
0.156714
0.160791
0.060248
0.169277
0.129869
0.126815
0.125439
0.036236
0.027968
0.030970
0.120248
-0.018658
-0.019505
-0.053875
-0.079209
-0.038088
0.080696
0.029944
0.072863
0.102591
0.059548
0.150665
0.049776
0.105284
0.161022
0.194764
0.052769
0.106000
0.056678
0.074366
0.160962
-0.021868
-0.003972
0.034006
0.056108
0.150946
0.105898
0.015797
-0.021753
-0.096923
-0.065652
-0.019707
0.068699
0.058791
0.097976
0.029813
0.112238
0.075386
0.195918
0.164979
0.184135
0.049593
0.089026
0.003482
0.031630
0.078190
0.160404
0.214336
0.099280
0.099610
-0.045090
0.074399
0.086911
0.052587
0.134156
0.079613
0.112077
0.170521
0.050172
0.157344
0.016863
0.041636
0.141568
0.013765
0.047677
-0.041934
0.042958
0.032513
0.064979
0.148833
0.040417
-0.008586
-0.114712
-0.096960
-0.014195
-0.110190
-0.122877
0.026268
0.015243
0.042154
0.028223
0.151897
0.157114
0.032809
0.108807
0.026513
0.037239
0.084555
-0.042196
0.059491
-0.026018
0.036753
-0.001517
0.032395
0.049669
0.058160
0.016506
0.168017
0.154299
0.078372
-0.007814
0.078172
0.091650
0.027399
-0.008789
0.021900
0.061706
0.186908
0.149233
0.093264
0.049762
0.082782
0.069515
0.134873
0.077614
0.099346
0.000771
0.076251
0.101261
0.051320
-0.095328
0.002220
0.073427
0.080167
0.141711
0.155029
0.101092
0.055870
0.116504
0.032641
-0.108827
-0.034454
0.048283
0.051939
-0.005636
0.032058
0.018850
0.032649
0.066116
0.003628
0.081485
-0.027270
-0.121600
-0.029626
-0.000565
0.044317
0.011740
0.079179
0.104359
0.176973
-0.074384
-0.072492
-0.066524
-0.072515
0.000332
0.025380
0.004091
0.118403
0.125185
0.128834
0.035969
-0.061981
-0.019617
-0.005105
-0.087850
0.023145
0.104195
-0.035304
-0.002250
0.152577
0.049067
-0.052397
-0.075980
-0.014314
0.124308
0.109037
0.004607
-0.005310
0.148766
0.215740
0.052183
0.023425
0.095548
0.103884
0.197208
0.075621
0.152583
0.132318
0.113080
0.130224
0.027617
-0.013102
0.043079
0.047739
0.112260
0.048738
0.070272
0.056347
0.107828
0.190521
0.086194
0.040211
0.017752
0.083948
0.055368
0.102643
0.025900
0.066078
0.067039
0.022246
0.115084
0.122457
0.074650
0.120896
0.052788
0.121696
-0.012178
-0.076912
0.043774
0.071160
0.046036
0.060140
0.133926
0.086907
0.078141
0.149693
0.068350
0.080444
0.132532
-0.011062
0.090699
0.043158
-0.028230
0.118720
-0.024844
-0.007124
0.175830
0.117453
0.033063
0.069460
-0.028741
0.020939
-0.047946
0.066273
0.009658
0.016717
0.018297
-0.067682
0.096641
0.010912
-0.005676
0.013054
0.063091
0.144842
0.043885
0.073706
0.123301
-0.037894
0.103332
0.060614
-0.073313
0.042879
0.033910
0.006972
0.078260
-0.000054
0.090646
0.069251
-0.002263
0.031959
0.010274
0.048820
-0.031549
-0.010503
-0.122748
0.018989
-0.025405
0.013261
0.069769
0.091335
0.000895
0.053058
0.009200
0.161815
0.153719
0.136506
0.157240
0.100224
0.016787
0.057438
0.080606
0.085236
0.145214
0.086937
0.130327
0.006781
0.119502
-0.028202
0.021204
0.074706
0.079967
0.186274
0.026487
0.120381
0.164697
0.022876
0.035373
0.027727
0.076574
0.120428
0.092585
0.037913
0.086870
0.082668
0.068987
0.058296
0.040070
-0.021291
0.057398
0.041693
0.090797
-0.035047
0.025537
-0.015668
-0.054977
0.050952
0.151700
0.150253
0.106520
0.058091
-0.085788
0.012463
-0.002355
0.048422
-0.027131
0.146288
0.020624
-0.035204
0.069675
-0.004391
0.075577
0.095498
-0.006956
0.046729
0.093344
0.099655
0.135785
0.031331
0.040098
0.111626
0.062622
0.074364
0.123856
0.041681
0.006308
0.100785
0.124041
0.171342
0.085985
0.109929
0.117985
0.066547
0.009804
0.022986
0.019629
-0.057785
0.025479
0.064924
0.174269
0.120669
0.074819
-0.014051
0.056252
0.057270
0.040821
0.109480
0.089090
0.022395
0.057598
0.069033
-0.003096
0.026775
-0.015447
0.033278
0.008908
0.118347
0.108119
0.099742
0.191215
0.163228
0.107800
0.014827
0.024651
0.075825
0.108560
0.016727
-0.024491
0.102872
0.065164
0.073423
0.041095
0.006181
0.147772
0.007742
0.047377
0.074727
0.118485
0.007383
0.041473
0.049798
0.073918
0.054013
-0.071589
0.092008
0.170684
0.090518
0.022577
-0.052991
0.068484
0.091683
0.065606
-0.055713
-0.023837
0.013911
-0.001512
0.021389
0.055256
0.061849
0.119428
0.058633
0.015375
-0.072976
-0.003518
0.019591
0.049371
-0.000598
0.072531
0.049112
0.145661
0.062020
0.131804
0.027327
0.060566
-0.008054
0.137655
0.099761
0.067874
0.008630
-0.039308
-0.049672
0.090960
0.099782
0.059843
0.046946
0.011024
0.054450
0.100186
0.013703
0.099727
0.043041
-0.109815
-0.013747
0.004816
0.051777
0.057707
-0.008089
0.051461
0.068702
0.008936
0.061954
0.034767
-0.066998
0.111982
0.030557
0.131848
0.110400
0.121662
0.218071
0.074757
0.118277
0.063003
-0.001113
0.076250
0.227295
0.078444
-0.007504
0.040941
0.119079
0.187800
0.126402
0.133560
-0.030611
-0.082701
-0.067484
0.024939
0.014583
0.054828
0.106114
0.062276
0.026887
0.104231
-0.073532
-0.049422
0.025503
0.007916
0.117779
-0.055734
0.074725
-0.005739
0.098757
0.100776
0.092959
0.098635
0.106769
0.076350
0.075904
0.187876
0.025027
0.047022
0.115149
-0.014717
0.121101
0.052269
-0.025407
0.039871
0.077150
0.098330
0.148295
-0.007033
0.089504
0.139269
0.191042
0.117936
0.023376
-0.046761
0.039983
0.182378
0.264016
0.076353
0.050400
0.085229
0.035776
0.058408
0.022885
0.088805
-0.005866
0.053011
0.004016
0.179160
0.187834
0.079985
0.071753
0.070042
0.032719
0.015849
0.050558
0.075949
0.031975
-0.033999
0.118520
0.090889
0.038431
-0.030977
-0.094523
0.048938
0.032363
0.031691
0.049680
-0.012794
0.093358
0.120563
0.007738
0.093436
0.076769
0.062812
0.128874
0.057408
0.044435
0.110750
-0.000539
0.031155
0.045840
0.103195
0.063078
0.102191
0.064047
0.026747
-0.028855
0.027333
0.053903
0.034924
-0.026587
0.042020
0.044958
0.022528
0.006019
0.096791
0.120755
0.159475
0.020006
0.056852
0.055088
0.181571
0.055964
0.071190
0.035005
0.184244
0.164808
0.068098
-0.010894
-0.045800
0.085196
0.091796
0.199108
0.144254
0.053577
0.111402
0.116370
0.193981
0.192254
0.210085
0.091048
0.059495
0.048821
0.041415
0.112395
0.167779
0.094716
0.089911
0.192099
0.060657
0.094753
0.084600
0.009131
0.144705
0.042974
-0.071209
-0.038290
-0.037938
-0.066918
-0.037056
0.032250
0.054947
0.014319
0.055083
0.040854
0.061055
0.024599
0.108446
-0.041602
0.021691
0.032026
0.013296
0.079058
0.069891
0.024185
0.096332
-0.012826
0.015133
0.049090
0.075413
0.036414
0.049156
0.137328
0.140933
0.129243
0.162568
-0.047071
-0.038827
0.086725
0.050818
0.043741
-0.053106
0.018335
0.069262
0.055737
0.020410
-0.022851
0.021799
0.034845
0.042824
-0.025382
0.132733
0.045126
0.009199
0.149255
0.085956
0.022387
0.075405
0.066444
-0.036609
-0.034310
0.140482
0.096188
0.061626
0.099360
0.061597
-0.002458
0.016937
0.011423
0.012982
0.000096
0.046519
0.151341
0.110648
0.106958
-0.050164
-0.058359
-0.013484
0.032944
0.043370
0.138634
0.036646
0.000595
-0.116812
0.085720
0.054068
0.081297
-0.034311
-0.147862
0.043603
-0.018138
0.150494
0.027370
-0.066798
0.021638
-0.010941
-0.014772
0.047122
0.087406
0.111401
-0.069211
0.121434
0.094052
0.052390
0.042073
0.131442
0.084806
0.146338
0.140156
0.137851
0.185848
-0.045004
0.011357
0.078822
0.018429
0.083994
0.030164
0.057450
0.101028
0.099331
0.060368
0.068352
0.019753
-0.004963
0.109313
0.095130
0.086824
0.035522
-0.077000
0.103905
0.010096
0.079730
-0.015866
-0.024771
0.039568
0.030312
0.038444
-0.052611
-0.014989
0.001851
0.080388
0.130906
-0.003788
-0.000355
0.045320
0.049133
0.168317
0.124135
0.075464
-0.001080
0.033867
0.074701
0.016931
0.039198
-0.018364
0.070749
0.068945
-0.005083
-0.015263
0.098077
0.070707
0.273861
0.142607
0.117571
0.028214
-0.006328
-0.042509
0.001484
0.014581
-0.068056
-0.024327
0.047180
0.071795
0.136223
0.104621
0.038253
0.006531
0.088180
0.030333
0.008319
0.165417
-0.061648
0.107573
0.097938
0.046759
-0.005302
0.103954
0.064762
0.034169
0.059288
0.167736
0.172750
0.154398
0.095394
0.065067
0.134551
0.137150
0.064558
0.115290
0.124067
0.116518
0.141321
0.170993
-0.019423
0.002075
0.092868
0.105864
0.011807
0.059515
0.076978
0.081217
0.043141
-0.017753
-0.010971
0.087013
0.060233
0.045098
0.107793
0.248490
0.061202
-0.008542
0.026357
-0.043400
0.103239
0.113770
0.091306
0.108905
-0.016416
0.094912
0.021780
-0.075494
-0.078915
0.021020
-0.074021
-0.025552
-0.012077
0.047411
0.078278
0.075573
0.142953
0.073188
0.067214
0.120526
0.039194
0.060684
0.110415
0.002573
0.039117
0.055124
0.047516
0.069534
0.114482
0.027811
0.075739
0.018293
0.079489
0.048662
0.044716
-0.051183
0.077998
0.030779
0.079243
0.068974
0.122683
0.060944
-0.050187
-0.007671
0.072857
0.077391
0.083607
0.007431
0.035844
0.046902
0.046975
0.019079
0.105222
0.064383
0.195180
0.061235
0.051715
0.075962
0.058657
0.092662
0.062327
-0.056076
0.008970
0.048408
0.162705
0.164852
0.103430
0.103572
0.032708
0.036164
-0.042572
-0.040905
0.027927
0.042576
0.025796
0.053146
0.191076
0.142995
0.108312
0.106091
0.106073
0.010859
0.008966
0.041827
-0.018557
0.076274
0.108969
-0.050824
0.003362
0.052375
0.053202
0.035238
-0.068294
-0.097183
0.019089
0.032759
0.048122
-0.072445
0.016630
-0.042439
0.008192
0.010612
-0.159011
-0.020455
0.050152
-0.049729
0.015532
0.064871
0.084267
0.081078
0.116699
0.146158
0.073626
0.172923
0.062902
0.073229
0.008863
0.061495
0.090463
0.056344
0.037241
0.106538
0.129279
0.135152
0.128610
0.044022
0.085271
0.130367
0.113998
0.020375
0.037959
0.088541
0.029313
0.112907
0.028614
0.055813
0.098619
0.087485
0.151010
0.043590
-0.134297
0.045287
0.049912
0.093134
0.177992
0.196829
-0.070176
0.065537
-0.005038
-0.001731
0.128396
0.243144
0.066210
0.076045
0.122250
0.070893
0.022620
-0.097150
0.047249
0.084219
0.097022
0.137329
0.012502
0.127882
0.111042
0.102937
0.089439
0.035927
0.031882
-0.006269
0.001170
-0.006917
0.048745
0.101659
0.127860
0.036524
0.131765
0.075084
-0.023583
-0.012802
-0.052868
-0.049744
0.072986
0.038688
-0.000139
0.117412
0.005701
0.071399
0.078319
0.014661
0.118309
0.058279
0.066794
0.009025
0.147895
0.025909
0.044706
0.025814
0.052601
0.078013
0.097587
0.087824
0.112496
0.084244
0.023466
-0.032251
-0.081446
0.047266
-0.065253
0.017718
0.036772
0.012321
-0.081205
-0.032936
0.068643
0.009050
-0.021663
-0.016638
0.046387
0.026650
-0.058904
0.021941
0.029802
0.085827
0.110019
0.104806
0.051272
0.057736
0.008106
0.031051
0.084395
0.089742
0.146110
0.083396
0.073702
0.037683
0.056565
0.123064
0.155964
0.058012
-0.013923
0.099265
0.116392
0.188902
0.190781
0.034440
0.072374
-0.003804
-0.044335
-0.009804
-0.043940
0.066421
0.074187
0.091252
0.104850
0.072741
0.128656
0.150096
0.000145
0.032071
-0.023904
0.040340
-0.000168
0.076703
0.041298
0.075617
0.018124
0.153053
0.059187
-0.034979
0.036361
-0.056955
0.046660
0.060871
0.092382
-0.008402
0.044778
0.230372
0.055234
0.120065
0.094914
0.013490
0.038346
0.052344
0.012762
-0.035908
0.036009
0.007309
0.087579
0.075886
0.126854
0.014258
0.043353
-0.057732
0.049589
0.056410
0.079626
0.012392
0.043187
0.000389
0.143968
0.101698
0.080474
0.141917
-0.067260
0.127096
0.081219
0.077684
0.103423
-0.014570
0.024655
-0.050897
0.092686
0.083850
0.071017
-0.014624
0.030547
-0.025534
0.008407
0.122642
0.236931
0.169471
0.103356
0.090315
0.054627
0.001387
-0.010744
0.021841
-0.053989
0.060662
-0.034121
-0.061410
0.081036
-0.039783
-0.051561
0.034440
0.028810
0.175248
0.073353
0.059727
0.045399
0.070030
0.048548
0.202869
0.147420
0.173800
0.128932
-0.008760
0.046006
0.060014
0.173474
0.071286
0.084325
0.076731
0.218876
0.111186
0.118323
0.118406
-0.002154
0.012083
-0.063053
0.093933
0.257746
0.195024
0.165615
0.154791
0.139507
0.031872
-0.048536
0.001479
0.044532
0.121084
0.060601
-0.013462
0.064148
0.084639
0.083446
-0.013859
0.011947
0.059270
0.105270
0.065516
-0.001258
0.049863
0.057936
0.062337
0.044787
-0.039744
0.058302
0.051253
0.028036
0.025589
-0.010920
0.017196
0.152085
0.067772
0.100318
0.001295
0.040653
0.013990
0.002383
-0.004975
0.026225
0.130895
0.160097
0.174499
0.114642
0.104020
0.034771
0.146268
0.001688
0.059879
-0.001913
0.079371
0.131601
-0.024599
0.031927
0.005014
0.092657
0.032796
0.036627
-0.058692
-0.001118
-0.025780
-0.036765
0.125237
-0.010000
-0.012001
-0.087490
-0.042158
-0.072661
0.025400
0.069771
0.014101
0.198049
0.059291
0.048334
-0.088995
0.034877
0.090748
0.152959
0.083913
-0.003504
0.154974
0.017235
0.123263
0.101662
-0.054562
0.038266
-0.027605
0.037619
0.113118
0.092793
0.063162
0.042414
0.081757
-0.014833
-0.147408
-0.102145
0.137356
0.011848
0.076909
0.127029
0.182255
0.069479
0.001772
-0.021755
0.140231
0.077717
0.118698
0.078325
0.014650
0.038734
-0.018586
0.040775
0.015656
0.034226
0.048489
0.028915
0.112959
0.120539
0.076101
-0.049373
0.060918
0.043684
0.105926
-0.032152
-0.074873
0.058597
-0.003099
0.032557
0.095744
0.136635
0.018986
0.151003
0.014039
0.063414
0.074309
0.058538
0.142170
0.070144
0.082656
0.069620
0.105113
0.038319
0.096958
0.068308
0.118259
0.073292
0.208152
0.061764
-0.017781
0.094522
0.129322
0.071381
0.113433
0.146709
0.119561
0.017715
0.062036
0.025700
0.060471
0.066881
0.102975
0.109807
0.032952
0.073436
0.042483
0.074684
0.012170
0.124671
0.121144
-0.098332
0.050138
0.004155
0.054027
0.025600
0.008813
-0.044314
0.000147
0.051381
0.009906
0.009828
0.024674
0.036458
0.059763
0.058317
0.201568
-0.048394
0.092514
0.107319
0.086385
0.103106
0.117140
0.072650
0.071761
0.096133
0.143422
0.225943
0.169544
0.185469
0.125340
0.051147
0.040050
-0.057110
-0.055505
0.006586
0.049383
-0.046456
0.016405
0.043539
0.017930
0.084462
0.066255
0.009180
0.022173
0.073427
0.026482
-0.037437
0.065316
0.014111
0.061886
-0.081456
-0.045688
-0.043069
0.080746
0.203177
0.072448
0.099197
0.152909
0.056625
0.047560
-0.087279
-0.104383
0.022399
0.123426
-0.028033
0.098870
0.075582
0.200414
0.163393
0.081116
-0.033050
-0.034065
0.037853
0.077999
0.061173
0.050018
0.134058
0.086919
0.006562
0.067529
0.022706
-0.012231
0.100077
0.107499
0.103333
0.174455
0.192366
0.133413
0.038072
0.060110
-0.002478
-0.094019
0.034590
-0.037917
0.107242
-0.041789
0.018180
0.039447
0.114297
0.088243
0.090726
0.058856
-0.064241
0.033005
0.001941
0.113208
0.082106
0.140433
0.149904
0.081888
0.059202
0.107633
0.155043
0.087911
0.049550
0.201407
0.056618
0.116150
-0.048809
-0.118557
0.050265
0.100677
0.040954
0.118650
0.024890
0.049248
0.046189
0.096692
0.030627
0.105315
0.119076
0.068761
0.092297
0.047144
-0.001390
0.136355
0.030819
0.017623
0.058457
0.109924
0.086646
0.097205
0.074276
0.024658
-0.018672
-0.011819
0.056381
0.030464
-0.031217
-0.147378
-0.067278
-0.041584
0.020371
0.080707
0.101176
0.017713
0.046803
-0.008409
-0.017923
0.044075
0.233286
0.127570
0.033837
0.239878
0.073387
-0.002383
-0.038050
-0.047475
0.094184
-0.008634
0.005535
0.046972
0.046650
0.020079
0.102210
-0.051049
-0.053759
0.079377
0.055329
-0.053336
0.062901
0.020281
-0.033621
0.098891
0.016129
0.066943
0.134457
0.061754
0.161596
0.025118
0.060997
0.069876
0.065744
0.016232
-0.012822
0.006167
0.059571
0.071896
0.002433
-0.012312
0.008619
0.121529
0.174928
0.074575
-0.049718
0.016420
-0.037241
0.054784
0.168185
0.053657
0.051615
0.035275
0.104231
0.091481
0.045087
0.142533
0.208441
0.115045
0.186985
0.154034
0.173367
-0.003688
0.054632
0.007053
0.066653
-0.087625
0.022261
-0.097833
-0.003045
0.094118
0.036781
0.066560
0.015311
0.081547
-0.045348
0.092179
0.076161
0.037154
0.152330
0.121555
0.014959
0.051030
0.131013
0.134154
0.107445
0.037989
0.193236
0.041836
0.150544
0.046277
0.060853
0.003129
-0.084873
0.007464
0.034389
0.168274
0.028743
-0.034700
-0.053143
0.025934
0.029588
0.046193
0.022905
0.051599
0.094220
-0.072261
-0.018581
-0.149891
-0.021226
0.017988
0.049214
0.063562
0.068291
0.055152
0.022403
0.107861
0.122132
0.181819
0.228919
0.116793
0.081001
0.064079
0.114089
0.152408
0.023849
0.011306
-0.101370
-0.060894
-0.069675
0.014531
0.098487
0.086064
0.063255
0.018850
0.071807
0.067128
0.151708
0.065453
0.044684
-0.001012
0.082943
0.161079
0.089836
-0.037338
0.006314
-0.015818
0.110384
0.140846
0.060885
0.102195
0.036438
0.123890
0.030433
0.040576
-0.030036
0.069025
0.014130
0.114165
0.041222
0.066975
0.046357
0.117114
0.110538
0.113077
0.148933
0.041625
0.039976
0.101446
0.082768
0.098806
0.122102
0.070681
0.051224
0.130955
0.007274
0.068151
0.196889
0.015697
-0.005506
0.096078
0.093888
0.019488
0.108436
0.178459
0.125202
0.171720
0.142183
0.203596
0.015063
0.047650
0.045287
0.108883
0.159968
0.067914
0.043930
0.055212
0.122790
0.111869
0.104813
0.039564
0.149202
0.036237
0.088955
0.237119
0.209985
0.242535
0.163469
0.052969
0.060772
0.228579
0.168828
0.184698
0.173824
0.188523
0.139106
0.029374
0.023031
0.081194
0.036041
0.032285
0.072705
0.076811
0.105330
0.056753
0.091464
0.168850
0.146555
0.012670
0.009631
-0.037608
-0.058204
-0.007074
0.013744
-0.086776
0.030917
0.006636
0.014717
0.160235
0.136100
0.106448
0.059233
0.090654
0.034190
0.007441
0.075417
0.009039
0.038483
0.083124
0.004679
0.074450
0.055763
0.058101
0.084297
-0.162087
0.075952
0.169802
0.064253
0.040931
-0.000310
0.080755
0.144375
0.046309
0.143748
0.045025
0.089095
0.023824
0.106032
0.073161
0.095985
0.034697
0.049787
-0.025072
0.173893
0.113473
0.160853
-0.035343
-0.027416
0.062112
-0.036006
0.100367
0.124622
-0.026798
0.081478
0.009466
-0.058605
0.080458
0.043754
0.167318
0.160123
0.035707
0.043339
0.000982
-0.031842
-0.058964
-0.021970
0.028097
0.105644
0.079659
0.021569
0.071809
0.075620
-0.024592
0.099972
0.098908
0.045252
0.081279
0.150885
0.021807
0.040624
-0.060184
-0.009515
-0.007784
0.038544
0.035199
0.036778
0.010898
0.046475
0.091570
0.043510
-0.070412
0.092790
0.106904
0.138925
0.053904
0.129152
-0.014126
0.138715
0.090868
0.259069
0.126050
0.101282
0.107870
0.125685
0.059995
-0.023124
-0.004411
0.013437
0.008667
-0.029644
0.091171
0.092680
0.058370
0.092068
0.112727
0.118956
0.070281
-0.001494
0.125037
0.088856
0.106492
-0.008523
0.001854
-0.040913
0.001074
0.060089
0.081096
0.098687
0.086621
0.140587
0.192622
0.241596
0.142303
0.053616
0.172550
0.147738
0.021363
0.074527
0.033256
-0.028908
0.146803
0.051261
0.125079
0.149879
0.114339
0.159201
0.157709
0.040778
0.038259
-0.115590
0.018393
0.001839
-0.079631
0.039137
0.025469
0.055742
0.034502
0.114837
0.014625
0.126343
0.086882
0.140493
0.179136
0.063160
0.178593
0.108661
0.019044
0.108751
0.100326
0.017491
0.028931
-0.052652
0.056221
0.061216
0.212210
0.177062
0.029093
0.088344
0.157965
0.113671
0.147131
0.044302
-0.042185
-0.028717
0.010795
-0.033083
0.039622
-0.052667
-0.004864
-0.030575
-0.000714
0.095154
0.046156
0.160816
0.087570
0.131900
0.074095
0.059437
0.059117
0.067685
0.036630
0.063324
0.029589
0.152729
0.083177
0.078590
0.013474
0.039432
-0.034371
0.091453
0.085976
0.176379
-0.034257
-0.024489
0.020340
0.181581
0.078084
0.180734
-0.034016
0.059803
-0.021162
0.094330
0.116021
0.072623
0.009780
-0.001207
0.038563
0.029364
0.008284
0.016952
0.041120
0.096762
0.113716
0.051180
0.077900
0.104971
0.069399
0.200793
0.089760
0.069963
0.061092
0.109630
0.083127
0.019485
0.037359
0.056696
0.097937
0.142952
0.066053
0.016842
0.010080
0.090866
0.063203
-0.081831
-0.010027
-0.036278
-0.022545
0.114199
0.155894
0.249211
0.118503
0.063470
0.180257
0.075562
0.137245
0.117785
0.234659
0.103315
0.048989
0.051099
0.071125
0.055144
0.057057
0.028667
0.070408
0.166017
0.072556
0.032851
0.129862
0.096469
0.054636
0.089669
0.004489
0.073201
0.091553
-0.001345
-0.038878
0.052048
0.074117
0.092924
0.128535
0.100924
0.240972
0.093981
0.057293
0.001453
-0.087438
0.049765
0.070513
0.028180
-0.053541
0.099834
0.098214
-0.005099
0.065015
0.063883
0.056709
0.057630
0.063547
0.022142
0.006960
0.003957
-0.050260
-0.034951
0.032622
-0.030965
0.020787
0.073918
0.154237
0.211517
0.072820
-0.004086
0.023134
0.033317
-0.096719
0.002177
0.056126
0.099025
-0.011498
0.077546
0.006502
-0.018521
-0.023873
0.072486
0.058045
-0.143551
0.066029
0.048204
0.038569
0.090019
-0.030657
-0.014598
0.034372
0.051117
0.045188
0.026094
0.059792
0.115869
-0.075415
0.102426
0.005350
0.126396
0.134434
0.072369
0.050191
-0.056841
-0.024025
0.033056
-0.006324
-0.079922
0.092559
-0.045227
0.015454
-0.020703
0.089686
0.109635
0.121506
0.047476
0.012645
0.032967
0.098968
0.055667
0.021067
0.015102
0.092435
0.105055
0.166441
0.049457
0.062611
0.006178
-0.042044
0.071884
0.115940
0.093361
0.059563
0.049957
0.079490
0.168894
0.156151
0.146280
0.167069
0.094916
0.102923
0.042942
0.028180
0.052120
0.026074
0.044264
0.167476
0.094985
-0.020618
0.143402
0.046398
0.047845
0.140509
-0.000237
0.016081
0.073339
0.103513
0.062532
-0.049926
0.010335
0.089082
0.096166
0.096853
0.088553
0.041311
0.074895
0.082495
0.023105
0.041773
0.107856
-0.104013
-0.004570
0.020504
-0.082477
-0.021497
0.094465
0.034240
0.040170
0.050180
0.086657
0.110708
0.046084
0.021172
0.087127
0.046206
0.053093
0.064312
0.143410
0.076889
0.144112
0.140615
0.149906
0.101780
0.031772
0.048022
-0.012076
-0.005653
0.048946
0.156567
0.107947
0.129418
0.140593
0.105814
0.026759
-0.025992
0.071640
0.004097
0.026498
-0.042817
0.014069
0.007634
0.132798
0.098059
0.124729
0.016702
0.254735
0.114735
-0.009106
-0.052687
-0.030651
0.001713
0.074486
-0.013827
0.014098
-0.017667
0.046334
-0.021085
0.118019
0.057854
0.033516
0.077676
0.094250
0.103291
0.116017
0.015394
0.089910
0.121238
0.022739
-0.044612
0.030540
0.039396
0.028802
0.082872
0.091404
0.096728
0.151317
-0.007027
-0.035755
0.039516
0.090396
-0.019028
0.107215
0.043096
0.018163
0.026930
0.008461
-0.020627
-0.110627
-0.071141
0.130684
0.018218
0.032034
0.055474
0.107359
0.107150
0.063665
0.015302
0.064122
0.076461
0.172464
0.075045
0.028834
0.066017
0.157650
0.055792
0.128471
0.076526
0.048299
0.072349
0.042083
0.025976
0.085794
0.117099
0.114275
0.153686
0.148751
0.078180
0.028420
-0.005218
0.050632
0.019839
0.099019
-0.010682
0.131904
0.122308
0.193446
0.124821
0.155037
0.159955
0.048931
0.021655
0.086387
0.229567
0.177124
-0.012013
-0.058930
0.061212
0.070260
0.148590
0.062131
0.003228
-0.055990
0.007291
-0.044068
0.023639
0.080973
0.071544
-0.116327
0.031165
0.103717
-0.034472
0.109001
-0.020011
0.010131
0.096113
0.089636
0.086171
0.049835
0.021742
-0.039651
0.060933
0.039431
0.060047
-0.002544
0.034040
0.064516
0.044237
0.093468
0.131000
0.046283
0.073316
0.111069
0.099793
0.105861
0.059585
0.052343
-0.076892
0.039175
0.119168
0.146904
0.124017
0.085309
0.077491
-0.050465
0.091633
0.051578
0.072831
0.056819
-0.021145
-0.092870
0.141359
0.138858
0.081812
0.022323
-0.074554
0.043444
0.088171
0.050020
0.109155
0.047587
-0.039193
-0.026985
-0.072095
0.021203
0.088994
-0.018063
0.016274
0.081259
0.073503
0.048493
0.027278
0.073080
0.145747
0.015469
0.027199
0.032119
-0.137466
0.049155
0.009949
-0.041873
0.107819
0.045749
0.086872
0.129471
0.077547
0.064937
0.031954
-0.021583
0.084908
0.066852
0.048165
0.110466
0.082878
0.167661
-0.012841
-0.085037
0.015002
0.072512
0.059333
-0.088732
0.004477
0.003082
0.002305
0.074078
0.001279
-0.015556
0.028467
0.009587
0.034248
0.046918
-0.000878
0.065630
-0.050959
0.077945
-0.018037
0.100604
0.063115
0.146463
-0.000666
-0.060282
0.114435
0.130651
0.007747
0.053802
0.068415
0.057752
0.070951
0.042114
0.139809
0.125215
0.101384
0.161116
-0.011858
0.010163
0.024955
-0.053377
0.120910
0.018725
0.021454
0.085594
0.001884
-0.015729
0.078466
0.071839
0.059560
0.059338
0.093125
0.076914
0.050405
0.060515
0.074758
0.078916
0.054464
0.104973
-0.026301
0.097097
0.116248
0.036138
0.025926
0.103357
0.188613
0.096139
0.099799
0.073374
0.137983
0.051500
-0.011832
0.150879
0.053474
0.051521
-0.086936
0.062508
0.060878
0.170286
0.021678
0.080673
0.050305
-0.006283
0.047201
0.052744
0.048837
0.176915
0.125184
0.085291
0.085606
0.131212
0.120666
0.078307
0.026122
-0.066328
0.036558
0.131583
0.051109
0.073853
-0.038772
0.071198
0.111397
0.207224
0.142978
0.039612
-0.019162
-0.062231
0.067415
0.057649
0.016016
0.101516
0.090643
0.013952
0.076027
-0.011221
0.106745
0.062607
0.124887
0.032054
0.157287
0.098790
0.053389
0.056872
0.119828
0.104865
0.119513
0.077483
-0.032536
0.059217
0.084950
0.027362
0.033678
0.132633
0.101762
0.107994
0.022594
-0.028861
-0.020420
0.131156
0.127184
0.132644
0.042824
-0.024392
0.040506
0.099792
0.018488
-0.009895
0.078595
0.077095
0.006174
-0.023630
0.027404
0.035440
0.147934
0.157084
0.081464
0.033588
-0.017168
0.015896
0.056493
0.063726
0.087240
0.112809
0.079106
0.056229
-0.007821
-0.083952
0.069415
0.123400
0.062599
0.034460
-0.098428
-0.008390
-0.059303
-0.061744
0.021648
0.150684
0.087457
0.093116
0.096080
0.135052
0.192411
0.093219
0.128036
0.083419
0.092138
-0.014535
-0.006518
0.135918
0.102007
0.100298
0.142745
0.023412
0.054731
-0.078865
0.050355
0.066051
0.058188
0.160901
0.102873
0.045712
0.192853
0.023822
0.079178
0.123796
0.013748
0.077622
0.097351
0.103757
0.016410
0.052255
0.066072
0.058585
0.200091
0.089699
-0.031198
-0.084218
-0.029937
0.105301
0.117848
0.083257
0.115098
0.093080
0.058784
0.073345
0.160650
0.031043
-0.027787
0.020126
-0.032824
0.083162
0.168414
0.003317
-0.009672
-0.013312
-0.027454
-0.006903
-0.042552
-0.030703
0.103446
0.082261
0.176543
0.059109
0.051517
-0.014400
-0.034200
-0.035132
0.077586
0.021851
-0.069400
0.016186
0.067333
0.038735
0.034124
0.064350
0.113277
-0.004784
-0.047833
-0.076879
-0.046128
0.050199
-0.026722
-0.038079
0.041196
-0.063674
0.002752
0.094908
0.123295
0.001463
0.122102
0.032756
-0.032959
0.016893
0.063329
0.086512
0.007072
-0.082115
0.058152
0.080789
0.140904
0.037697
0.129357
0.105319
0.073454
-0.035319
0.055323
0.042555
0.051767
0.006595
0.060957
0.094342
0.034571
0.063008
0.181974
0.176590
0.110826
0.124807
0.163804
0.047195
0.043737
0.122256
0.150070
0.010147
0.115393
0.137350
0.173508
0.121630
0.061053
0.056513
0.135498
0.162825
0.168001
0.173679
0.017562
0.033812
0.028247
0.031151
0.039223
0.036730
0.111684
0.109789
0.088223
0.058804
0.093493
0.071997
0.135020
0.167162
0.128880
0.091450
0.081091
-0.021753
-0.003644
0.013000
0.100289
0.117840
0.045683
-0.032915
0.036539
0.018511
0.026572
0.024602
-0.021541
0.046498
0.127004
0.061576
0.062303
0.082206
0.107258
0.032224
0.069617
0.046507
0.013617
0.075024
0.028064
0.050524
0.054455
0.081903
0.199686
0.135536
0.085655
0.075799
0.033906
-0.067684
0.070128
0.129439
0.076383
0.097176
0.069835
0.022842
0.045129
0.124089
0.071263
0.007779
0.065561
0.097784
0.067002
0.017256
0.093717
0.079110
-0.035167
0.032152
0.099386
0.073889
0.053822
0.049809
0.103188
0.163516
0.107356
0.067945
0.082684
0.030187
0.103675
-0.009260
0.011166
0.008275
0.069812
0.117957
0.125208
0.127293
-0.081249
0.218202
0.057154
0.100712
-0.032692
0.031722
0.073883
0.278079
0.073703
0.189636
0.042965
-0.056247
0.023513
0.000079
0.127603
0.045026
0.194012
0.096269
-0.008094
-0.036349
0.023864
0.005330
-0.038439
0.090625
-0.027668
0.016534
0.130996
0.009871
0.045536
0.033160
0.009253
0.010523
0.019232
0.054423
0.029389
0.183099
0.081746
-0.011038
0.076961
0.051079
0.069078
0.045211
0.029373
0.059138
0.097145
0.075295
0.076025
0.022355
0.100207
0.096641
-0.042082
0.034800
0.035572
0.020195
0.054685
0.109725
0.004360
0.068206
0.027155
0.034509
0.066336
0.042686
0.054150
-0.004324
0.021389
0.004106
-0.069719
0.014924
0.103811
0.069237
0.082099
0.045681
0.040018
-0.055778
-0.028473
0.050065
0.072440
0.078472
0.065811
-0.030027
0.079418
0.067091
0.005823
0.080131
-0.034687
0.069823
0.098521
0.080458
-0.047253
-0.008875
0.072012
0.079270
0.097428
0.095446
0.036977
0.016958
0.038153
0.044199
0.032738
0.053090
0.058208
0.082708
0.076925
0.001785
-0.080500
0.003533
0.005115
0.098866
0.109508
0.059348
0.146013
0.058082
-0.017699
-0.051533
0.063640
0.023245
0.012440
0.004862
0.017368
0.097663
0.183368
0.044361
0.052226
0.176595
0.099109
-0.000379
0.108989
0.122806
0.115485
0.048546
0.169369
0.129846
0.083614
0.147170
-0.060593
0.165894
-0.001127
0.047778
0.136199
0.060658
0.071025
0.121560
0.104517
0.066364
0.007725
-0.028002
-0.036824
0.093339
-0.020330
0.031991
0.025444
-0.036538
0.034942
0.087623
0.097703
0.046676
0.112962
0.041105
0.002795
-0.002566
-0.044654
-0.047868
-0.069727
0.107140
-0.031695
0.030875
0.068980
0.075435
0.155324
0.072629
0.104543
0.043903
-0.003889
-0.007289
-0.023494
-0.024503
0.039344
0.087946
-0.030282
0.114028
0.095413
0.123726
0.164194
0.075516
0.148739
0.104325
0.074085
0.122131
0.103963
-0.009655
0.115862
0.146033
-0.020658
0.042676
0.097845
0.024068
0.068988
0.063701
0.165187
0.010916
-0.015753
0.107068
0.195041
0.089784
0.028736
0.100483
0.160313
0.059792
0.101249
-0.004082
0.080643
0.080048
0.109554
-0.012175
0.109069
0.056867
-0.022180
-0.026262
-0.003517
-0.014435
-0.004394
0.077572
0.116309
0.121130
0.095602
0.110964
-0.015402
0.001481
-0.014843
-0.023554
-0.040602
0.079978
0.102895
0.193456
0.046121
0.152699
0.138645
0.190224
0.042842
0.037025
0.070682
0.107693
0.088779
0.139289
0.057174
-0.005930
0.072296
0.065225
0.050242
0.017569
0.057263
-0.006013
-0.017184
-0.090044
-0.005954
0.100541
0.022339
0.023604
0.112078
0.050897
0.021716
-0.002430
-0.068920
0.079574
0.098585
0.019462
0.107792
0.084967
0.026366
0.036862
0.017353
0.028148
0.025823
0.030165
-0.063911
0.014611
-0.073201
0.071592
0.145901
0.049780
0.139303
0.139935
0.065826
0.007398
0.110575
-0.026113
0.140328
0.094290
0.073792
0.025925
0.045972
0.103423
0.027478
0.124137
-0.005470
-0.039766
-0.033079
-0.029513
-0.011424
0.031481
0.073847
0.096823
0.119549
-0.032309
-0.017016
-0.047761
0.125878
0.150248
0.029812
0.135663
-0.068463
-0.075156
0.001175
0.018470
0.026924
-0.034446
0.005902
0.028499
-0.011565
-0.070508
0.019910
0.031497
0.050888
0.093530
0.083947
0.143882
0.003855
0.085811
0.057485
0.117930
0.026455
0.008280
0.048187
-0.056723
-0.020872
0.064163
0.055283
0.078967
0.066776
0.108250
0.134000
0.074216
0.123623
0.060312
-0.063800
-0.057140
-0.024221
0.018162
0.182268
0.106223
0.113906
0.109439
0.036529
0.040631
0.078290
0.087032
0.213096
0.093314
0.107847
0.137911
0.188040
0.187783
0.028781
0.199211
0.239180
0.124983
-0.021253
0.080345
0.001310
0.107437
0.144776
-0.009762
0.034072
0.065472
0.068212
-0.039638
0.016158
0.147617
0.252860
0.197375
0.092660
0.079420
0.000432
0.079115
0.041322
0.044735
-0.026241
-0.028685
-0.126444
-0.091255
0.044746
0.021453
0.020170
0.013862
0.019715
0.184887
0.158290
0.109088
0.008615
-0.015272
0.025062
-0.014433
0.046630
0.205128
0.140456
0.072899
0.085986
0.048691
0.040503
0.068309
0.064102
-0.007977
0.077893
0.097308
0.085913
0.025380
0.117580
0.081857
0.038935
0.075036
0.019153
0.021260
0.042018
0.042715
-0.001673
0.065143
-0.029421
0.059761
0.029164
0.035076
0.140530
0.032399
0.141598
0.045700
0.100485
0.017183
0.103549
0.066626
-0.024973
-0.018214
0.013742
-0.012733
-0.025515
-0.015149
0.142740
-0.007760
0.017801
0.016050
0.004984
0.023007
0.044447
-0.058775
-0.052390
-0.006949
0.044188
-0.032372
0.026049
-0.060199
0.152591
0.025581
0.060532
0.001652
0.085724
0.001545
0.049507
0.075005
-0.049167
0.041228
0.009122
0.017796
-0.014213
-0.030350
-0.023682
-0.005688
0.002143
-0.052959
0.052502
0.104997
0.091142
-0.045766
0.055970
0.114071
-0.007508
0.036887
-0.087752
0.001703
0.099356
0.094493
0.011999
0.042645
-0.112969
0.086954
0.012905
-0.119311
0.114864
0.063152
0.044658
0.042462
-0.012965
0.090035
0.061552
0.138478
0.164545
0.125956
0.074995
0.141686
0.016832
0.032317
0.015840
0.061658
0.039429
0.185661
0.147481
0.009588
0.004112
-0.025171
-0.000883
-0.116128
-0.031507
0.007765
0.090554
0.108478
0.127786
0.058503
-0.034684
0.070169
0.135840
0.132785
0.149873
-0.081692
-0.061413
0.017657
0.201889
0.150360
0.101014
0.036968
0.036077
0.134603
0.123955
0.087742
0.034555
0.086274
0.086505
0.053871
-0.066858
-0.077574
0.022380
0.037968
0.108840
0.005546
-0.051026
0.023227
0.070939
0.048427
0.138807
0.009764
0.138831
0.034236
0.093121
0.080206
-0.034665
0.044253
0.145865
0.136902
0.170041
0.075918
0.047037
0.096242
0.077604
0.049640
-0.027297
0.059072
0.155194
0.060848
0.027019
0.007742
0.054538
0.086582
0.063173
0.062376
0.130507
0.103805
0.027469
-0.007044
0.044611
0.077753
0.019340
0.020090
-0.030312
-0.048719
0.053351
0.060209
0.045950
0.105293
0.100076
0.003488
0.141115
0.170585
0.148756
0.051176
0.089752
-0.004197
0.147432
0.109407
0.106595
0.046424
-0.024594
0.038748
0.065892
0.076234
0.136835
0.122854
0.125367
0.089871
0.183789
0.145899
0.085929
0.190239
0.136307
-0.000096
0.040951
-0.002005
0.085088
0.039426
0.116686
-0.022881
-0.027621
0.024854
0.144703
0.217978
0.123840
0.132696
0.001260
0.005455
0.139953
0.106989
0.018358
0.062442
0.018894
-0.012889
-0.016835
0.092749
0.062228
0.100074
0.058046
0.108610
0.005689
0.024449
0.033111
0.069738
-0.006089
0.009619
-0.011393
0.055866
0.019892
0.029026
0.153301
0.069364
0.058597
0.090952
0.037567
0.135671
0.031602
0.184052
0.067853
-0.045680
0.003033
0.125638
0.199569
0.168555
0.121095
0.083419
0.074259
0.110880
0.018839
0.064035
0.052678
0.038637
0.063008
0.158915
0.025436
-0.028007
-0.012704
-0.001348
0.072896
0.043467
0.052293
0.003119
0.009081
0.128961
0.072990
0.048209
0.041580
0.013819
0.017508
-0.003704
-0.007172
0.067919
0.104106
0.075133
0.194040
0.081715
0.167516
0.005527
-0.053485
0.084230
-0.051472
0.059819
0.139657
-0.016682
0.032229
0.065089
-0.004450
0.038399
0.078062
0.142146
0.065286
-0.050795
0.045277
0.105163
0.056727
0.015669
0.167377
0.125853
0.144044
0.087592
-0.019940
0.083721
0.122623
0.024834
0.061730
0.081119
0.119155
0.138839
0.203885
0.100648
0.085943
0.092163
0.034341
0.054051
0.016643
0.082318
0.106546
0.067583
0.036702
0.072387
0.113803
0.110615
0.042611
0.048134
0.005088
0.105207
0.097484
-0.037084
0.051218
0.172962
0.102864
0.168817
0.079966
0.102129
0.185841
0.102126
0.182202
0.143603
-0.089779
0.070164
0.070081
0.063597
0.081695
0.006042
0.090919
0.082795
0.089693
0.021105
0.016192
0.111151
0.013871
0.053381
0.084629
0.094542
0.125656
0.129526
0.069748
0.097716
0.024434
0.041725
0.132193
0.130250
0.009653
0.052419
0.051895
0.028622
0.094950
0.142362
0.028832
-0.025733
0.070166
0.104111
0.125083
0.097776
0.102409
0.130474
0.091971
-0.023977
0.050183
0.064780
0.034905
0.032558
0.036528
0.138250
0.209595
0.086532
0.111274
0.059755
0.010107
0.000509
0.023843
-0.056919
