3.061893
1.015155
0.679327
0.354016
0.328721
0.309855
0.354181
0.314868
0.273711
0.354057
0.308301
0.211845
0.207153
0.325002
0.246458
0.269528
0.268511
0.256482
0.227068
0.308377
0.236782
0.148053
0.330927
0.171790
0.058749
0.173463
0.107139
0.130049
0.250519
0.121807
0.195820
0.136096
0.119179
0.088287
0.144029
0.152309
0.153623
0.257736
0.196048
0.210161
0.191695
0.169023
0.240589
0.211997
0.224108
0.101290
0.107637
0.147559
0.093933
0.117640
0.124661
0.188027
0.128837
0.151269
-0.031082
0.095185
0.195267
0.076958
0.137621
0.115281
0.197891
0.135566
0.227642
0.177732
0.087022
0.058425
0.024907
0.061344
0.099526
0.139126
0.131064
0.171733
0.177288
0.196854
0.115570
0.167843
0.084156
0.141253
0.232237
0.168616
0.206104
0.058956
0.125420
0.056632
0.168558
0.112412
0.096242
0.116921
0.167581
0.203593
0.146647
0.227887
0.162654
0.159301
0.168898
0.214909
0.192387
0.106757
0.132756
0.152160
0.238154
0.168771
0.115257
0.086637
0.155543
0.148469
0.141124
0.172216
0.057432
0.128117
0.078460
0.096072
0.138305
0.101335
0.053993
0.113276
0.233859
0.096435
0.072786
0.160868
0.196304
0.174656
0.139374
0.144804
0.078254
0.071411
0.094265
0.100647
0.127128
0.156744
0.059202
0.066410
0.241184
0.116811
0.127281
0.107580
0.066999
0.081998
0.059463
0.134358
0.154259
0.109786
0.118745
0.094056
0.106508
0.181969
0.151396
0.126271
0.131041
0.205714
0.203048
0.162273
0.164053
0.122672
-0.052750
0.091139
0.066011
-0.023359
0.053691
-0.009543
0.008460
0.119103
0.043417
-0.021536
0.136615
0.000991
0.062286
0.035331
-0.031185
0.030444
0.038149
0.053256
-0.003593
0.033728
0.032700
0.065899
0.170075
0.128424
0.040893
0.158351
0.165212
0.082314
-0.011772
0.015456
0.019650
0.085399
0.088559
0.037899
0.049198
0.169146
0.177851
0.072422
0.136707
0.114034
0.179450
0.188479
0.143751
0.195001
0.020562
0.068019
0.081405
0.164009
0.136817
0.122361
0.048406
0.051895
0.082712
0.043389
0.027198
0.129641
0.029864
0.050075
0.081764
0.037954
0.003758
0.035123
0.079829
0.122312
0.053630
0.114846
0.198990
0.134643
0.072724
0.025963
0.124373
0.059358
0.081151
0.063717
0.079653
-0.038898
0.070450
0.030460
0.114198
0.072764
0.134152
0.193566
0.180033
0.120698
0.151483
0.173089
0.181572
0.167095
0.103130
0.139556
0.107670
0.115729
-0.007758
-0.023247
0.026818
-0.000511
0.104150
-0.021719
0.057930
0.237812
0.106792
0.217865
0.091185
0.017036
0.118810
0.076283
0.136843
0.070193
0.053114
0.061933
0.046550
0.091226
0.035385
0.110750
0.145284
0.054312
0.196751
0.082642
0.055394
0.148634
0.018754
0.112147
0.140993
0.061978
0.105865
-0.054614
-0.005703
0.041001
0.002809
0.052484
0.096989
0.040146
0.076657
0.050997
0.096236
0.020531
-0.033332
0.058356
0.006980
0.063675
0.024568
0.033335
0.018616
-0.017132
0.068855
0.040389
0.002442
-0.042554
-0.044366
-0.023611
0.112773
0.114008
0.015911
0.203296
0.081890
0.081932
0.169002
0.034797
0.061313
0.137091
0.050780
0.077989
0.071745
0.071498
0.154528
0.117828
0.051309
0.108582
0.047270
0.028832
0.092639
0.077480
0.075055
0.055104
0.039958
0.001556
0.071854
0.110366
0.074597
0.132097
0.089408
0.162323
0.057057
0.084279
0.064044
0.152664
0.069446
0.136992
0.172799
0.160687
0.136754
0.151445
0.153725
0.003399
0.056182
0.104757
0.069976
0.114283
0.143599
0.113844
0.053613
0.102995
0.160470
0.105786
0.084233
0.074184
0.029961
0.036994
0.088875
0.127601
0.069699
0.047269
-0.016761
0.023425
0.025834
0.098310
0.150731
0.143074
0.144329
0.113928
0.140422
0.140970
0.208830
0.181070
0.134852
0.110067
0.204974
0.114704
0.044438
0.092348
0.131031
0.107765
0.046510
0.022445
0.069934
0.059363
0.102577
0.112213
0.112378
0.142112
0.093035
0.049961
0.130524
0.059007
0.019383
0.025078
0.016505
0.078524
0.124011
0.121129
0.034414
0.007645
0.055366
0.177475
-0.014249
-0.076042
0.115292
0.039048
-0.002564
-0.025844
0.058289
-0.040950
0.013933
0.127017
0.100934
0.014908
0.087517
0.004491
0.080794
0.084341
0.091096
0.102806
0.176375
0.123231
0.103546
0.194740
0.116727
0.081677
0.075664
0.030731
0.114764
-0.018256
0.066256
0.106822
0.022759
0.099037
0.054022
0.029890
0.035253
0.023896
0.099534
0.147724
0.058564
0.073559
0.074174
0.034541
0.000878
0.051814
0.076200
0.020198
-0.015295
0.019338
0.066692
0.036477
0.135099
0.113431
0.032264
0.008018
0.018251
-0.028108
0.028247
0.020329
-0.035153
0.071577
0.095329
0.048949
-0.066173
0.062139
0.072557
0.090609
0.209192
0.227973
0.152649
0.113006
0.087549
0.057482
0.041564
0.108425
0.075254
0.148048
0.172599
0.109639
0.114892
-0.061421
0.038603
0.126988
0.105564
0.106520
0.051601
0.167892
0.105288
0.046446
0.105930
0.111162
0.043655
0.025898
0.031009
-0.022242
0.037676
0.059227
-0.001062
0.102162
0.073163
0.042389
0.116273
0.055380
0.015008
-0.021580
0.077715
0.071957
0.090900
0.002627
0.126328
0.064474
0.011035
0.098899
0.096546
0.051485
0.146622
0.183959
0.102537
0.031328
0.068752
0.095982
0.022579
0.039665
0.121820
0.030035
0.096369
0.067569
0.065765
0.146540
0.132203
0.078028
0.026911
0.052930
0.038264
0.057391
-0.028878
-0.054668
-0.082429
-0.029408
0.035497
0.066727
0.108853
0.093631
0.041057
0.026987
0.090767
0.068691
0.109532
0.057429
0.131157
0.089501
-0.014763
-0.056998
0.039945
0.071538
0.110508
0.116154
0.157972
0.095007
0.037002
0.103673
0.122724
0.094757
0.013481
-0.015680
0.038130
0.031853
0.047574
0.086015
0.077937
0.117190
0.050796
0.050765
0.064831
0.007594
-0.018933
-0.045760
0.055501
0.061405
0.121580
0.129994
0.100470
0.058776
0.075049
-0.006924
0.017362
0.040560
0.050834
0.119839
0.187041
0.097481
0.099953
0.053727
-0.023490
0.051690
0.056603
0.104135
0.066779
0.051516
0.087325
0.020050
0.117332
0.152834
0.022166
0.130926
0.128284
0.111903
0.070165
0.105736
0.117194
0.123542
0.124024
0.116658
0.055166
0.117977
0.069677
0.040349
-0.003510
0.153561
0.081640
0.077391
0.117750
0.117946
0.106235
0.025558
0.019438
0.059149
0.124156
0.034221
0.076116
0.061843
0.060120
0.059340
0.051810
0.144695
0.183584
0.032085
0.083546
0.047107
0.019480
0.009373
0.087173
0.079896
0.069028
0.009258
0.123823
0.063622
0.048703
0.009662
0.010647
0.057954
0.083008
0.122066
0.126464
0.060501
0.094880
0.047842
0.199556
0.235311
0.081224
0.092361
0.097297
0.098324
-0.034963
0.046020
0.160120
0.081403
0.053216
-0.038506
-0.035358
0.114091
0.145162
0.067436
0.128663
0.090178
0.126235
0.118569
0.056748
0.061073
-0.026005
-0.060597
-0.009654
0.070399
0.064628
0.031580
-0.040953
0.066445
0.056579
0.095553
0.108444
0.103420
0.030543
0.011248
0.052159
0.076241
0.196269
0.115220
0.088343
0.049953
-0.000288
0.075674
0.102111
0.128351
0.091652
0.061465
0.104045
0.135118
0.068600
0.076914
-0.006823
0.020158
0.092123
0.043234
0.160758
0.117316
0.056702
0.196346
0.066551
0.049856
0.066639
0.063580
0.088944
0.063648
0.007151
-0.006279
0.096553
0.026774
0.071293
0.102211
0.194329
0.135401
0.118067
-0.018051
0.006020
0.047959
0.104039
0.175472
0.127173
0.138348
0.095883
0.009916
-0.077866
-0.003078
0.023144
-0.025956
0.148057
0.176571
0.189431
0.114221
0.067182
0.096296
0.039404
0.152945
0.096041
0.087966
0.160431
0.000532
0.015724
0.024811
0.132099
0.037433
0.048340
0.121919
0.125890
0.069777
0.054574
0.149773
0.151296
0.113779
0.143758
0.180231
0.092981
0.055826
0.199722
0.153898
0.062513
0.023996
0.046138
0.067984
0.095839
0.203975
0.160747
0.198387
0.166240
0.012820
0.071717
0.183191
0.168081
0.182129
0.144979
0.029920
0.102965
0.083524
0.114965
0.039104
0.012030
0.080985
-0.000847
-0.005239
0.125142
0.048240
0.107003
0.171968
0.079878
0.121756
0.037468
0.049394
0.098499
0.071436
0.106956
0.136871
0.117641
0.006503
0.117990
0.188519
0.089016
0.195980
0.076034
0.146691
0.097635
0.112684
-0.044428
0.028368
0.056838
0.080155
0.097700
0.035200
0.043970
0.091896
0.111318
0.037294
0.044839
0.118420
0.196821
0.114354
0.080500
0.028584
0.192789
0.141457
0.125270
0.077100
0.059167
0.083637
0.046696
0.108122
0.078365
0.052422
0.048057
0.155861
0.074455
0.089458
0.047733
-0.017107
0.093614
0.045791
0.032571
0.026710
0.093470
0.077539
0.045674
0.072497
0.045727
0.073038
0.133700
0.058967
0.027071
0.151829
0.098664
0.125090
0.150390
0.147129
0.121840
0.051990
0.028316
0.024384
0.040842
0.079554
0.175440
0.103873
0.148319
0.144752
0.096006
-0.021608
0.072613
0.082757
0.051003
0.137586
0.110965
0.180846
0.162042
0.053403
0.096654
0.080147
0.111797
0.056319
0.117082
0.071370
0.035255
0.105577
-0.029292
0.053629
0.107051
0.073714
0.047949
0.064316
0.014799
-0.004484
0.038617
0.072317
0.091778
-0.025811
0.079041
0.003395
0.009635
0.085325
0.079870
0.146347
0.078273
0.012074
0.103598
0.114318
0.067014
0.133083
-0.002635
-0.049349
-0.013535
0.004897
0.124228
0.114506
0.002567
0.029841
0.052070
0.064446
0.039740
0.005648
-0.111420
0.009817
0.010351
0.030683
0.073082
0.020867
0.049496
0.157672
0.071559
0.156817
0.087121
0.063951
0.074132
0.073478
0.138288
0.202740
0.146802
0.038412
0.056480
0.082477
0.038888
0.019665
0.024873
0.092735
0.064956
0.053157
0.140023
0.154493
0.141808
0.074765
0.026415
0.105625
0.085476
0.040639
0.075003
0.024122
0.019497
0.104018
0.018486
-0.017712
0.099445
0.011883
0.022610
0.000253
-0.013909
-0.001121
0.019920
0.021777
0.097474
-0.020371
0.043244
0.189602
0.113126
0.119853
0.051476
0.046360
0.044871
-0.040356
0.140296
0.097014
0.040992
0.004021
0.040541
0.102690
0.032042
0.075709
-0.011829
0.037434
0.002055
0.043914
0.104466
0.103582
0.138616
0.074328
-0.019031
0.036981
0.154617
0.078551
-0.026031
0.044146
0.088653
0.041744
0.071719
0.081483
0.051628
0.073764
0.109209
0.118214
0.056599
0.183284
0.144515
0.089175
0.017009
0.011288
0.088824
0.042849
-0.034632
-0.001370
0.008720
0.061756
0.031138
0.040869
0.077204
0.079372
0.009282
-0.107562
-0.006389
0.000291
-0.049106
0.060586
0.044911
0.043554
0.090450
0.069488
0.054161
0.099327
-0.008987
0.036634
0.043066
-0.043792
0.027344
0.032336
0.108781
0.028906
-0.038337
-0.046903
0.066375
0.046397
0.026323
0.070231
0.081914
0.028881
0.087146
0.080637
0.046784
0.085616
0.028070
0.046176
-0.023190
0.047173
0.026746
0.099280
-0.012141
0.117594
0.183075
0.025508
0.063574
0.053345
0.029540
-0.071463
0.018924
0.057939
0.005290
0.196653
0.037111
0.083448
0.014908
0.000328
0.086116
0.057520
0.056683
0.070359
-0.003553
0.094921
0.036477
0.083322
0.026527
0.052245
0.073201
0.107983
0.089268
0.053831
0.064029
0.051162
0.153359
0.100914
0.083507
0.075955
0.026714
0.000530
-0.013661
0.024187
0.028845
0.057972
0.068669
0.127237
0.033613
0.130639
0.041933
-0.138477
-0.122187
0.017656
0.035725
-0.104435
-0.032288
0.010792
-0.040930
0.064255
0.043960
0.057235
0.051177
0.014560
0.046394
-0.038254
-0.063830
0.000234
0.050994
0.054597
-0.041997
0.045802
0.180975
0.139091
-0.003454
-0.040002
0.091261
0.115059
0.004646
0.043492
0.001417
-0.029598
0.043440
0.035942
0.062960
0.050989
0.088031
-0.019629
0.023683
-0.008450
-0.036320
0.074753
0.161635
0.152357
0.168583
0.125667
0.015482
-0.025283
-0.050122
-0.038455
0.157490
0.147162
0.059831
0.019455
-0.094593
-0.065784
0.038034
0.127468
0.134823
0.008784
0.088873
0.022620
0.012989
0.019894
-0.074334
0.063454
0.093548
0.066524
0.092813
0.140307
0.034708
0.099347
0.199494
0.205796
0.152642
0.038160
0.007911
0.056573
0.062033
0.128382
0.114629
0.088296
0.031027
0.057917
-0.010890
0.007487
0.106795
0.044774
0.099673
0.052314
-0.014551
0.040007
0.062840
0.111876
0.071084
0.102154
-0.014737
0.088064
0.034633
0.117256
0.183538
0.031650
0.050168
0.021036
0.068771
0.093092
0.112501
0.135234
0.081698
0.108756
0.114804
0.101782
0.101837
0.151330
0.103507
0.059066
0.089434
0.090467
0.092712
0.025220
0.046153
0.040057
0.122144
0.073823
0.124839
0.144386
0.028485
-0.036584
-0.029707
-0.004827
0.024028
0.052184
0.035862
-0.041557
0.139656
0.023086
-0.006172
0.031789
0.004222
0.089282
0.165301
0.111456
0.086170
0.143499
0.089806
0.054117
0.017432
0.078694
0.073718
0.036031
0.037977
-0.033458
0.087249
0.069285
0.071823
0.122315
0.052376
0.080094
0.183973
0.072717
0.054946
0.006766
-0.039234
0.105426
-0.002623
-0.017564
0.036174
0.024664
0.164558
0.095569
0.045551
0.116801
-0.016995
0.060856
0.040185
0.022273
0.051118
0.014483
0.036001
0.072689
0.144834
0.012370
0.040984
0.006445
0.021054
0.101198
-0.092220
0.070303
0.049293
-0.067917
0.007975
0.058916
0.066198
-0.039855
-0.012743
-0.008908
-0.129334
0.046397
0.072116
0.018800
0.017641
0.002224
0.035187
-0.018834
0.131064
0.078508
0.066718
0.103449
0.067597
0.060026
0.037630
0.007520
0.052229
0.038193
0.072086
0.043270
0.145483
0.022082
0.082394
0.022144
-0.001318
0.093377
0.108668
0.116597
0.091757
0.051127
0.096259
0.147937
-0.008583
0.048740
0.052374
0.080049
0.002164
-0.006830
0.089255
0.033656
0.049086
0.152444
0.053033
0.036110
0.069275
-0.072904
0.032684
0.138256
0.117209
0.089822
0.156861
0.141511
0.038068
-0.024799
-0.031268
-0.008875
0.081143
0.085640
0.100300
0.175845
0.060462
0.077909
0.020759
0.015945
0.081088
0.067317
0.042135
0.049964
-0.005056
-0.010673
-0.070913
0.026191
0.119728
0.047038
0.085673
0.123008
0.042803
0.066567
-0.045492
-0.028840
-0.007085
0.055728
0.022199
0.056938
0.062403
0.059656
0.085285
0.109244
0.034385
0.005061
-0.066678
-0.015060
0.119067
0.039528
0.090720
0.032297
0.082287
0.117946
0.064963
0.077265
0.143207
0.094888
0.070854
0.086615
0.091848
0.129081
0.103325
0.008245
-0.038706
-0.008108
-0.027357
-0.037287
0.055376
-0.022849
0.025831
0.004406
0.055192
0.189491
0.165832
0.200740
0.121274
0.085933
0.139526
0.068636
0.035181
0.075161
0.033240
0.088377
0.059440
0.009207
0.099273
0.027602
0.021656
0.050610
0.081540
0.045465
0.037321
0.007328
0.050240
0.114276
0.019742
0.051081
0.113984
0.117331
0.070896
0.049332
-0.051954
0.042614
0.012281
0.077384
0.149017
0.026338
0.098131
0.136576
0.083927
0.000654
0.013211
0.041418
0.055055
0.158689
0.038476
0.087833
0.158555
0.070276
0.084632
0.079334
0.131546
0.082792
0.034953
-0.006934
-0.054902
0.007304
0.120137
0.031006
0.089715
0.105254
0.071487
0.085387
0.041179
-0.016290
0.074563
0.121795
0.034362
0.110802
-0.035866
-0.042673
0.071276
0.091468
0.064279
0.151893
0.038070
0.113955
0.107951
0.205875
0.193285
0.026388
0.070427
0.128661
0.041256
0.088808
0.098569
0.019133
0.016363
0.076875
0.006273
0.072025
0.049073
-0.022547
0.024360
-0.034918
0.003523
0.160867
0.020880
0.022400
0.058837
0.075244
0.144170
0.064196
0.058303
0.104074
0.083193
0.102926
0.034011
0.054229
0.067175
0.089510
0.129681
0.061157
0.020167
-0.018561
0.037069
0.064884
-0.057674
0.072351
0.078715
0.011808
0.120244
0.019718
-0.001655
-0.060550
-0.129250
-0.012571
0.048626
0.024754
-0.049900
0.045341
0.052304
0.157744
0.095455
0.049645
0.030895
0.092561
0.063885
0.027778
0.094930
0.102550
0.000325
0.057012
-0.003790
-0.004725
0.107424
0.074241
0.041989
0.118602
0.026344
0.054593
0.014210
0.053834
0.026172
-0.017364
0.007153
-0.044730
-0.000212
0.070389
0.036898
0.010323
0.058442
0.097213
0.024682
-0.029679
0.076876
0.019810
-0.003034
0.104247
0.101001
0.066165
0.065602
0.024861
0.019743
0.018098
0.054995
0.026030
0.056918
0.088310
0.106741
0.095097
0.098964
0.073588
0.048554
0.006384
0.020680
0.069471
0.150073
0.141344
0.062656
0.036635
0.013337
-0.008854
0.070922
0.008801
0.060849
0.073719
0.083697
0.086900
0.025204
0.061967
0.110559
0.030525
0.058753
0.062552
0.028927
0.038649
0.040977
0.083161
0.124814
0.034183
0.013091
0.057889
-0.045069
-0.008750
0.083292
0.127999
0.219513
0.150090
0.152608
0.110951
0.094274
0.046841
0.039593
0.059151
0.011008
-0.026764
-0.001676
-0.036239
0.024921
0.147479
-0.005990
-0.048376
0.055193
0.035845
0.035225
0.010230
-0.028583
0.050086
0.057742
0.086112
-0.044732
-0.006315
0.093111
-0.010067
-0.046060
0.106914
0.006746
0.021538
0.101568
0.079789
0.156367
0.070402
0.049412
0.058257
0.023037
0.080614
0.075026
0.043240
0.000180
0.054134
0.021072
-0.104801
-0.002974
-0.005699
-0.003592
0.073397
0.056052
-0.002506
0.003381
0.100853
0.101309
0.059929
0.122271
-0.028665
0.057909
-0.009693
0.025777
0.079828
0.132700
0.076582
0.014351
0.084493
0.091505
0.102646
0.069304
0.068484
0.050667
0.142353
0.025856
-0.009833
0.043653
0.104342
0.118601
0.070197
0.041267
0.046271
0.049511
0.048733
0.005671
0.037818
-0.026789
-0.009118
0.056269
0.020289
0.155666
0.060024
-0.054222
-0.002279
0.118924
0.156403
0.080690
0.064671
-0.005707
0.058049
0.076109
-0.024079
0.015891
0.035900
-0.012417
0.024247
0.070210
0.020442
0.002566
0.110030
0.078874
0.099706
0.061712
0.015627
0.096235
0.110518
0.094300
0.091183
0.113919
0.092071
0.128039
0.109267
0.063383
0.095819
0.037542
0.009059
0.011650
0.119252
0.014202
0.045383
0.100655
0.083423
0.041200
0.075572
0.052433
0.001493
0.064795
0.092696
0.086316
0.083488
0.035210
-0.008917
0.061261
0.013028
0.112618
0.181019
0.021571
0.012981
0.064321
0.052051
0.010382
0.004562
0.024109
0.077109
0.142653
0.100431
0.065025
0.026411
-0.000159
0.031068
0.006087
-0.034341
0.029732
0.009166
0.039306
0.012305
0.062209
0.075396
-0.025795
0.193524
0.153465
0.108527
0.071483
0.123449
0.074787
0.111809
0.035933
-0.027637
-0.078404
0.046290
0.000248
0.079332
0.085405
0.084657
0.033673
0.048150
0.084609
0.115805
0.089287
0.149925
0.086322
-0.050891
0.020912
-0.014276
0.061076
0.120540
0.070801
0.077463
-0.004139
0.009314
0.083853
-0.011979
0.012633
0.002288
0.044308
0.028594
0.035379
0.031985
0.071185
0.121602
0.160403
0.070903
0.126127
0.038067
-0.018869
-0.081133
0.002658
0.024203
0.059297
0.036547
0.011989
0.082187
0.066681
0.031961
0.002657
0.062269
0.100771
0.070740
0.171954
0.120858
0.053823
0.028326
0.025050
0.052551
0.054091
-0.038953
-0.023267
0.029113
0.047771
0.112036
0.007163
-0.028039
0.033529
0.021018
-0.003882
0.010719
-0.041547
0.013517
0.094140
0.163054
0.082452
0.054064
0.122854
0.101829
0.021474
0.169256
0.123385
0.022683
0.029442
0.078532
-0.002288
0.079049
-0.013933
0.078266
0.082751
0.047813
0.029921
0.062897
-0.037323
0.018447
0.029806
-0.003212
0.059869
0.136566
0.139020
0.118420
0.082704
-0.034497
0.002742
0.042369
0.012106
0.049980
0.142658
0.091057
0.052423
0.046990
-0.042335
-0.087434
0.101613
-0.067237
0.058189
0.090646
-0.003839
0.029550
0.038832
0.123265
0.085672
0.180881
0.105217
0.022839
0.004931
0.021144
0.024249
0.064719
0.057418
0.125217
0.148871
0.066962
0.081647
0.066882
0.037915
0.022702
-0.004575
0.039234
-0.059254
-0.049759
0.031292
0.042378
0.116403
0.107135
-0.014881
-0.014205
0.075873
0.044333
0.068264
0.009730
0.013547
0.056074
0.010340
0.013973
0.106016
0.016590
0.034425
0.055875
0.058335
0.122927
0.061604
0.045553
0.041074
-0.007401
0.022509
0.058202
0.057527
0.035611
0.036630
0.135830
0.125938
0.103625
0.170027
0.096414
0.081967
0.172439
0.086238
0.017679
0.053814
0.030540
0.117586
0.146394
0.050167
0.099202
0.044147
0.041899
0.049154
0.105275
0.167478
0.022341
0.008557
0.009334
-0.024127
0.029165
0.086025
0.161184
0.125151
0.119905
0.174624
0.041978
0.122095
0.042694
0.110592
0.189817
0.044593
0.007847
0.051889
0.018994
0.104673
0.167572
0.136350
0.077385
0.064224
0.143478
0.124368
0.047673
0.029568
-0.009926
0.018390
-0.020201
0.010869
-0.016911
-0.072704
0.195361
0.180837
0.105630
0.068093
0.076095
0.097476
0.090334
-0.038413
-0.008823
0.105811
0.176603
0.087543
0.086697
0.071708
0.012085
-0.026682
0.060504
0.098488
0.083659
-0.061286
0.173129
-0.000602
0.010607
0.057650
0.075662
0.042334
0.050118
0.083530
0.007524
0.089732
0.072535
0.146390
0.162122
0.078927
0.043949
-0.030150
0.051763
0.028623
-0.017105
0.000462
-0.014598
-0.002372
0.084050
0.071555
0.014124
0.125332
0.049899
0.103060
0.193080
0.006245
0.083173
0.047894
0.084773
0.079365
0.065681
0.023582
0.028039
0.018243
0.115567
0.096042
0.023101
0.023117
0.037570
0.015916
0.134483
0.158977
0.065916
0.070414
0.110264
0.056533
0.023522
0.099935
0.095745
0.124587
0.062828
0.009302
0.113698
0.076983
0.019840
-0.030632
-0.083052
0.029456
0.075481
0.078245
0.014007
0.019557
0.046661
0.124597
0.005360
0.027760
0.002018
0.066892
0.057604
0.014351
0.088443
0.081598
0.056509
0.083063
0.085951
0.122659
0.070476
0.060328
0.052223
0.039195
0.112468
0.106189
-0.041410
0.040900
0.045857
0.107444
0.083178
0.056493
0.091979
0.010512
-0.009272
0.061138
0.085099
0.132595
0.108732
0.039968
-0.031429
0.041015
0.051492
0.027849
0.006916
0.111243
0.032733
0.018813
0.050137
0.090701
0.182807
0.134263
0.036117
0.101030
0.028315
0.038899
0.001365
-0.026189
0.021905
0.081412
0.047655
0.077582
0.043529
0.050819
0.005215
-0.065172
0.078993
0.079916
0.065586
0.076964
0.032486
0.054022
0.027120
0.037272
0.117012
0.068387
0.073204
0.022380
0.046538
0.117432
0.022257
0.034398
0.020822
-0.009436
0.007274
0.000715
0.032560
0.068864
0.066274
0.038048
0.043829
0.173425
0.088169
0.057544
0.138795
0.133780
-0.031713
0.007845
0.071384
0.025837
0.079844
0.123349
0.099336
-0.007994
-0.053159
-0.056460
0.012787
0.070655
0.053269
0.057984
0.091906
0.076224
0.096475
0.097464
0.059601
0.002976
0.036839
0.007255
0.005265
-0.055146
0.099343
0.030273
0.009199
-0.018610
-0.053998
0.005243
0.041787
-0.015660
-0.001756
0.007859
0.030614
-0.049443
0.045437
0.049067
0.032969
0.007238
0.010473
0.048049
-0.033140
-0.025737
-0.026813
0.006448
0.089418
-0.036241
0.126293
0.115306
0.101937
0.124404
-0.034367
0.040109
0.049869
0.086174
-0.006592
0.008843
0.037277
-0.010006
0.032682
0.003294
-0.100412
0.082445
0.040669
-0.022656
0.081260
-0.025785
0.054192
0.120708
0.012030
0.081352
0.046259
0.158029
0.196136
0.124225
0.094240
0.042309
-0.042763
0.018549
-0.010906
0.099202
0.103448
0.134492
0.089732
0.020411
0.085160
0.122457
0.020743
0.037280
0.083620
0.074365
0.050813
0.085074
0.121683
0.038066
0.116413
0.089991
0.133983
0.110535
0.131275
0.040983
0.086919
0.090449
0.114972
0.129193
0.103963
0.140428
0.062644
0.146238
0.022324
-0.020452
0.028279
0.017113
-0.012873
0.014837
-0.055447
-0.078222
0.101787
0.002546
0.083297
0.058494
0.090127
0.135203
0.126021
0.187319
0.053324
-0.016678
-0.024256
0.138877
0.121048
0.110082
0.114655
0.064869
0.008949
-0.011947
0.096116
0.017698
0.005504
0.050372
0.061103
0.191701
0.137143
0.038626
0.091718
0.046143
0.100855
0.169652
0.094610
-0.022959
0.000620
0.003372
0.026945
0.034403
0.049365
-0.003599
0.010107
0.108536
0.082865
0.146072
0.209007
0.102935
0.201395
0.058978
0.003183
0.119923
-0.014285
0.040953
0.082906
0.046391
0.087231
0.078935
0.115525
0.097296
-0.021039
0.080498
0.061191
0.029918
0.009611
0.003925
0.100006
0.070381
0.037545
0.159685
0.031136
0.061341
0.064886
0.009153
0.009924
0.078898
0.074609
0.073744
0.076506
0.044089
0.044833
0.085343
0.095398
-0.013309
0.083782
-0.011155
0.094432
0.015147
0.011419
-0.059607
0.061760
0.188185
0.153237
0.119058
0.043051
-0.022817
0.121685
0.075918
0.142004
0.095600
0.028738
-0.033081
0.026896
0.009073
0.058848
0.041536
-0.013635
-0.005982
-0.028436
0.046855
0.060688
-0.027453
0.041218
-0.025288
0.038108
0.082667
0.089848
0.105124
0.062164
-0.015115
0.090831
0.069040
0.076446
-0.001079
0.037965
0.094406
0.080947
0.081826
0.039939
0.035997
0.091154
0.096916
0.063344
-0.005707
0.110758
0.113241
0.209288
0.029934
0.029343
0.061742
-0.039561
-0.059585
0.055491
0.023144
0.079287
0.112007
0.100446
0.025734
0.057268
0.038376
0.167044
-0.076805
-0.085456
-0.015985
-0.012417
-0.058318
-0.021462
0.025335
0.094654
0.063587
0.109993
0.143269
0.099437
0.117591
0.048126
0.005430
-0.072718
0.042440
0.016442
0.056652
-0.047625
-0.120771
-0.051620
0.016014
0.045935
0.093181
0.025885
0.059321
0.118610
0.096282
0.078262
0.050582
0.027120
0.080587
0.046889
0.029986
0.007843
0.010642
0.066216
0.069438
0.004415
0.048451
0.061196
-0.060106
-0.046055
0.021921
-0.030385
-0.011765
0.143955
0.104666
0.099776
0.030829
0.060675
0.134138
0.100646
0.124449
0.099902
0.055019
0.085896
-0.046596
-0.002755
0.042754
-0.002550
-0.026544
0.034362
-0.042697
0.036746
-0.011968
-0.037588
0.083611
0.079105
0.040897
0.029653
0.107252
0.125184
0.127990
0.138108
0.040222
-0.018886
0.049303
0.033774
-0.016093
0.029191
-0.000375
-0.016239
0.051013
0.051069
0.064670
0.122847
0.095236
0.054969
0.151263
0.156056
0.138318
0.082945
0.025385
0.024206
-0.007040
-0.043781
0.071366
0.083517
0.090824
0.020744
-0.023455
0.044840
0.045291
0.199144
0.086525
0.049318
0.061074
-0.003081
-0.035773
-0.088523
-0.074858
0.025086
0.012208
0.009163
0.075559
0.126580
0.081457
0.060650
-0.036308
0.101933
0.082774
0.140157
0.126815
0.026175
0.061852
0.028112
0.136881
0.076964
0.126818
0.165471
0.133549
0.156649
0.040917
0.017941
0.091303
-0.005095
0.030389
0.012524
-0.078138
-0.058836
0.043941
0.050237
0.020719
-0.034961
0.000130
0.048069
0.016319
-0.036461
0.008523
0.101089
0.038382
0.051716
-0.041363
-0.046137
0.077122
0.018091
0.011480
0.039159
0.047482
0.099564
0.179772
0.131142
0.194096
0.143860
0.077387
0.038713
0.018167
0.008810
0.004993
0.058251
0.089278
0.141666
0.137783
0.079732
0.105501
0.071902
0.047533
0.074199
0.111750
0.065060
0.008881
0.026139
0.012863
-0.058991
-0.029363
0.054568
-0.075022
0.074067
0.064641
-0.027415
0.051931
0.051809
0.079041
0.029038
0.059424
0.067657
0.082002
-0.042848
0.051462
0.079193
0.058285
0.081756
0.048338
0.121627
0.070300
0.003025
0.078987
0.131114
0.152931
0.103801
0.121659
0.136378
0.059682
0.049870
-0.031432
0.047603
0.052381
0.036152
0.165465
0.074640
0.087850
0.111350
0.034309
0.078152
0.003215
-0.004386
0.027211
0.108789
0.131685
0.031369
0.082011
0.004794
0.064574
0.053492
0.020016
0.039432
-0.043990
0.027836
0.047862
-0.007962
0.086431
-0.010413
0.025770
0.039153
0.011026
0.068670
0.037610
0.112327
0.076048
0.077430
0.072323
0.000834
-0.015448
-0.013199
0.034444
0.047251
0.059490
0.039675
0.041317
0.013058
0.028606
0.087041
0.015732
-0.009617
0.084275
0.097161
0.074626
0.006935
0.071681
0.141601
0.086916
0.088138
0.044337
0.059088
-0.010150
0.019058
0.074149
-0.080823
-0.064341
0.059190
-0.032433
-0.057037
0.091861
0.062088
0.061325
0.063453
0.047446
0.023439
-0.003236
0.111522
0.112597
0.023762
0.094432
0.122032
0.052004
0.125001
0.064400
0.097046
0.142738
0.110556
0.099067
0.011645
0.088242
0.136600
0.160724
0.109652
0.076030
0.076346
-0.017288
0.056478
0.110291
-0.018135
0.049721
-0.030943
-0.082653
0.061210
0.002060
0.129609
0.016629
0.117261
0.095155
0.023471
0.100003
-0.004445
0.058765
0.104922
0.077111
0.046536
0.100117
0.205691
0.141310
0.103524
0.082709
-0.034465
0.063245
0.130779
0.101224
-0.010108
0.037901
0.029738
0.129356
0.093034
0.177469
0.153282
-0.018329
0.055329
0.096541
0.082784
0.060806
0.081699
-0.101052
-0.005198
0.013501
0.070258
0.068710
0.029840
0.112954
0.074771
0.048726
0.122469
0.053624
0.068872
0.029998
0.034185
0.029879
0.062427
0.102263
0.015089
0.016873
0.081132
0.104772
0.069620
-0.028416
-0.009559
0.087846
0.090807
0.014247
0.018327
0.007255
-0.020200
-0.088085
-0.019910
-0.016867
-0.041868
0.038679
0.015053
0.022986
-0.000643
0.055580
0.013219
0.064364
0.087873
0.022250
0.027274
0.111932
0.089123
0.157005
0.148160
0.088590
0.045486
0.077655
0.112408
0.091163
-0.030826
0.074382
0.072639
0.066920
0.073827
0.012492
0.126198
0.104877
0.075280
0.053393
0.040858
0.099914
0.015847
0.009232
-0.024640
0.063665
-0.009652
0.000163
0.113801
0.018661
-0.020112
0.058182
0.056443
0.207348
0.018999
0.029359
0.083159
-0.044172
-0.019703
0.013022
-0.022597
-0.071638
0.041082
0.107307
0.044529
0.090066
0.074532
0.147691
0.032214
0.015694
0.001283
0.066297
0.069695
0.058605
0.058928
0.073651
0.048753
-0.026154
0.112058
0.016100
0.008556
0.076738
0.134653
0.055756
0.078067
0.090908
0.032070
-0.014398
0.068437
0.029673
0.104065
0.153572
0.077422
0.123107
0.083644
-0.066247
0.009756
0.081610
0.081748
0.087820
0.033601
-0.017197
0.010405
0.026907
0.055693
0.060160
0.064276
0.057241
0.083424
0.089115
0.133217
0.127358
0.061807
0.072116
0.065610
-0.086288
0.073001
-0.031040
-0.027243
-0.056291
-0.016485
0.054614
0.042479
-0.113772
-0.021727
-0.094730
0.000327
-0.027700
-0.043967
-0.000912
-0.037223
-0.062099
-0.033016
0.090568
0.036096
0.091300
0.033225
0.079996
0.150939
-0.002502
0.017146
0.087343
0.053112
0.087899
0.054911
0.068768
0.113057
-0.034174
0.041606
-0.031740
0.039904
0.009049
0.091807
0.097789
-0.030793
0.051041
0.080778
0.106495
0.083396
0.029167
-0.027623
-0.023648
0.102285
0.157033
0.076718
0.134492
0.090623
0.120374
0.097856
0.023601
0.063785
0.076752
-0.021373
0.086817
0.063931
0.101112
0.140258
0.110541
0.183871
0.126527
0.105858
0.087002
0.042003
0.115455
0.059965
0.123532
0.067428
0.105793
0.098516
0.090607
0.137686
0.156688
0.004450
0.041739
0.054162
0.070892
0.035298
0.101206
0.070941
0.099345
0.051316
0.072249
-0.024758
0.096311
0.068259
0.094722
0.123815
0.045078
-0.046970
0.021671
0.043182
0.044373
-0.026182
0.024366
0.046162
0.153852
0.033084
0.042326
0.116551
0.036264
0.042309
0.021077
0.147440
0.070445
0.039298
0.018977
0.087248
-0.027477
0.060955
0.114963
-0.020082
0.164799
0.037534
0.025678
0.076463
0.013030
0.017587
0.141740
0.142236
0.013510
0.068193
-0.030078
0.032759
0.112765
0.102748
-0.014126
0.027412
0.102102
0.066348
-0.028712
0.014125
-0.041551
0.005921
0.035817
0.001802
-0.021581
-0.032018
-0.059577
-0.038488
-0.005163
0.039497
0.053588
-0.019448
0.016523
0.048048
-0.008569
0.056562
0.080305
0.060834
-0.024562
-0.052830
0.018067
-0.054710
-0.076530
-0.068022
0.025141
0.034081
0.067259
0.059323
0.001627
-0.036673
0.074183
0.095060
0.086650
0.058571
0.064669
0.005022
0.083867
-0.051142
0.021053
0.097006
0.075643
0.111166
0.047105
0.047282
0.082826
0.028233
0.021425
0.068208
0.110912
0.024242
0.015950
0.106349
0.038504
-0.026530
0.022821
0.085698
0.035084
0.064232
0.139393
0.055156
0.124609
0.148985
0.126501
0.154728
0.004940
-0.017520
0.059500
0.079085
0.030892
0.043345
0.085843
0.048337
0.132798
-0.027149
0.038584
0.036430
0.064449
0.001076
0.058409
0.171913
0.071625
0.069734
0.062805
-0.004992
0.047673
0.097088
0.105835
0.027076
-0.037776
-0.028268
0.021554
0.058152
0.082753
0.021070
-0.002378
0.025371
0.023811
0.035500
0.074641
-0.038631
-0.049382
-0.002570
-0.001492
-0.013856
-0.141860
-0.014664
0.062077
0.043825
0.083204
0.151326
0.130865
0.130622
0.122852
0.040102
0.140370
0.043160
0.160896
0.184832
0.036532
-0.003538
0.036116
0.027255
0.102680
0.183250
0.054058
0.125867
0.133292
0.011687
-0.011364
0.005445
0.053088
0.050377
-0.002198
0.105486
0.096162
0.075754
0.081494
0.037330
0.151075
0.124130
0.053360
0.110988
0.047757
-0.015510
0.041597
0.034790
0.044468
0.064839
0.049797
0.217369
0.103148
0.067439
0.171141
0.092420
0.147438
0.104573
0.034048
0.127020
-0.009707
0.122213
0.026970
-0.048415
-0.016723
0.008817
-0.049503
0.060837
0.076261
0.085629
0.046671
-0.049282
0.033032
0.060866
-0.034163
0.061191
0.051995
0.053463
0.127639
0.024565
0.064398
0.053323
0.051100
0.039661
0.098503
0.049063
-0.021339
0.110403
0.047736
0.117900
0.057720
0.077749
0.039995
-0.003657
-0.042187
0.041188
0.124541
0.119793
0.041497
0.020351
0.051316
0.093405
0.018346
-0.018305
0.007603
0.012055
0.125292
0.064949
0.002604
0.036144
0.074148
0.097713
-0.027562
0.006398
0.074210
0.102523
0.117068
0.037550
-0.044737
0.066321
0.097644
0.100116
0.096950
0.104831
0.043087
0.012038
0.089457
0.078022
0.137384
0.016551
0.023816
0.092222
0.060844
0.122629
0.134136
0.129695
0.084572
0.125039
0.017292
0.000787
0.025431
0.032033
-0.009566
0.007847
-0.066656
0.048949
0.101312
0.132869
0.214109
0.103234
0.060517
0.145593
0.064334
0.080125
0.048537
0.043419
0.007366
-0.061506
0.069907
0.202306
0.153232
0.132430
0.168449
0.088960
0.057786
0.079861
0.020379
0.023146
0.006655
0.094507
0.129400
0.129588
0.112198
0.104304
0.049560
0.106094
0.055748
0.036025
0.115005
0.086747
0.047277
0.103221
-0.025758
0.062027
0.105717
0.077011
0.051919
0.070134
-0.002083
0.046988
0.086501
0.004188
0.045177
0.122935
0.107466
0.014979
0.133132
0.089029
0.093265
0.030554
0.085372
0.068918
0.095324
0.057318
0.026954
-0.011551
0.037333
0.035947
0.039696
0.060794
0.091375
0.093150
0.082592
0.116163
0.033824
0.025839
0.067151
0.069013
0.055004
0.047272
0.071848
-0.007844
0.024081
0.046718
-0.103591
-0.001866
0.018381
-0.026736
0.089961
0.098662
0.185981
0.119267
0.074318
-0.037349
-0.098296
-0.061934
-0.012304
0.075084
0.072455
0.013730
0.081505
0.093341
0.063304
0.024356
0.088530
0.146978
0.193674
0.212381
0.099675
0.114065
0.105992
0.052205
0.087159
0.068295
0.095499
0.007782
0.065994
0.016772
0.004127
0.016362
0.000483
0.003132
-0.038446
-0.044129
0.161516
0.054913
0.049516
0.090753
0.054705
0.076081
-0.011313
-0.023067
0.024771
0.112937
0.043499
-0.061500
-0.025844
0.062127
0.002392
0.130722
0.130234
0.119741
0.062545
0.021382
0.046878
0.109515
0.085769
0.097829
0.043548
0.092348
0.044260
0.060246
0.036348
0.076040
0.074321
-0.039656
0.041254
0.104358
0.144174
0.087910
0.051987
-0.034187
-0.041993
0.020607
-0.100630
-0.009496
0.007368
-0.032267
0.036563
-0.000350
0.120254
0.047018
-0.013952
0.078708
0.086188
0.056165
0.059015
0.055159
0.064111
0.019041
0.122137
0.179253
0.141958
0.052065
0.135716
0.145808
-0.011772
0.075539
0.177659
0.148066
0.080150
0.178954
0.032953
0.069366
0.014061
-0.111958
-0.090005
-0.001925
0.076127
-0.051520
-0.081613
0.038295
-0.009729
0.034949
0.058532
-0.021023
-0.033256
0.007122
0.058377
0.063395
0.101016
0.077366
0.109554
0.074447
0.023194
0.080333
0.066028
0.075371
0.132648
0.083065
0.090074
0.046004
0.092795
0.095706
0.025567
0.077231
0.040759
0.084814
-0.067079
-0.015693
0.082984
0.065091
0.047466
0.022708
0.050242
0.032250
0.002883
0.036326
0.023941
0.041825
0.108848
-0.039034
-0.020804
0.078346
0.067851
0.029929
0.134438
0.094614
0.024823
-0.050154
0.110373
0.024968
0.017060
0.060103
-0.005794
0.039430
-0.026665
0.020141
0.049442
0.022872
0.052724
0.068740
0.053127
-0.023711
0.060122
-0.053142
0.113824
0.066857
-0.040242
0.064286
-0.002173
-0.000028
0.137978
0.091483
-0.055429
-0.048770
0.058492
0.001614
0.120149
0.060833
0.009573
0.073313
0.021554
0.064801
0.080803
0.062227
0.048744
0.035281
0.041812
0.040524
0.053175
0.103576
0.048188
0.100004
0.141599
0.082204
0.026461
0.048445
0.022170
0.097559
0.099895
0.022417
0.056727
0.134822
0.065702
0.041752
0.048905
0.088123
0.166843
0.063448
0.039030
-0.016381
-0.034804
0.044610
-0.037549
0.075057
0.050841
-0.029168
-0.081169
-0.018386
0.001876
-0.013491
0.020738
0.003404
0.032185
0.056728
-0.005361
0.025960
0.119390
0.080497
0.091719
0.132165
0.066726
0.120182
0.050316
0.061026
-0.006876
0.051539
0.099119
0.001852
0.122829
-0.036424
0.031751
0.013484
0.013367
0.136284
0.083006
0.077834
0.084604
0.011764
0.038103
0.017478
0.029898
-0.042396
0.098910
0.047384
-0.012763
-0.015328
0.111341
0.035384
-0.017880
0.092468
0.133645
0.130072
0.082628
0.102489
0.129104
-0.039853
-0.058078
0.081404
0.077575
0.077465
0.027577
0.022234
0.011695
0.016363
-0.009309
-0.133029
0.006936
-0.005688
0.071395
0.059424
0.084905
0.199737
0.087723
0.062295
0.111809
0.010654
0.122219
0.036846
0.079484
-0.024961
-0.004065
0.090509
0.053916
0.043085
-0.022146
-0.049522
0.008998
0.038562
0.077038
0.184777
0.121282
0.126348
0.046498
-0.036524
0.083943
0.067647
0.027550
0.043317
0.008504
0.043237
0.058336
0.070465
0.104011
0.126737
0.046679
0.075374
0.078642
0.029547
0.071207
-0.055404
-0.021687
-0.024317
-0.001203
0.009879
-0.034009
0.020808
0.001749
-0.054697
0.013748
-0.012853
0.042414
0.116672
0.058767
0.004075
0.053204
0.025425
0.005938
-0.100535
0.033445
-0.002665
0.061819
0.066602
0.051062
0.103466
0.032386
0.057964
0.010897
0.065128
0.011299
0.088833
0.012434
0.033280
-0.033944
0.092428
0.043504
0.086360
0.142589
0.053006
0.132213
0.136121
0.045683
0.087862
0.134387
0.172566
0.178414
-0.058158
0.047112
0.042405
0.011864
0.082146
0.055577
0.080097
0.062503
0.096403
0.071408
-0.024646
-0.063708
0.012642
-0.013731
0.019336
0.123527
0.007756
-0.004698
0.007594
0.054991
0.073775
0.081641
0.115703
0.126034
0.062635
0.022240
0.009962
0.075875
0.086711
0.028116
0.036051
0.056078
-0.032905
0.088546
0.133922
-0.017706
-0.015943
0.068930
0.032734
-0.025965
0.114574
0.042317
0.136309
0.140224
0.068290
0.044600
0.109453
0.017443
0.065115
0.055093
0.060685
0.045068
0.078577
0.102601
0.042697
0.100178
0.145424
0.099614
0.088091
-0.003118
0.114058
0.070518
0.127844
0.080830
0.092005
0.074366
0.058151
0.076486
0.036611
0.083326
0.077859
0.042389
0.078596
0.108455
0.075029
0.106338
0.068031
0.122933
-0.014733
-0.080111
0.052594
0.046681
0.023801
-0.024920
0.016879
0.021399
0.086985
0.117244
0.087486
0.094645
-0.048311
-0.063728
0.002989
0.012061
0.025249
0.025859
0.079315
0.121451
0.022589
0.053389
0.199222
0.076063
0.037710
0.074682
0.086239
0.051521
0.072556
-0.043761
-0.078887
-0.018723
0.054160
0.018524
0.028920
0.142490
0.113860
0.098227
0.104127
0.069496
0.068859
-0.026723
0.006146
0.023968
0.080649
-0.017167
-0.033411
0.016746
0.029097
0.028469
0.059748
0.030350
0.065433
0.009885
0.023073
-0.000956
0.057760
0.098765
0.067556
-0.010704
0.019135
-0.082191
-0.006249
-0.032939
0.039696
0.055723
0.061506
0.103445
0.028589
0.142770
0.027391
-0.101392
-0.060666
-0.033731
0.109973
0.067715
0.019838
0.081421
0.036551
0.074907
0.042930
-0.028479
0.000930
0.125519
0.118662
0.091236
-0.067835
-0.008031
0.050601
0.058243
0.104188
0.009680
-0.017522
-0.013073
0.014269
0.026135
0.101479
0.103587
0.018231
0.027203
0.086010
-0.056182
0.065544
0.094893
0.107683
-0.003812
0.057822
0.083963
0.099147
0.113455
0.085119
0.078200
0.115720
0.041296
0.134009
0.152464
0.081219
0.035519
0.078976
0.039019
0.040249
0.042219
0.043453
0.102843
0.060307
-0.001803
0.029014
-0.036807
-0.109872
-0.045958
0.021329
0.004737
-0.015864
0.059067
0.013900
0.052292
0.091917
-0.030120
0.048729
0.039878
0.141598
0.058087
-0.005103
0.081005
0.075705
0.085576
0.020945
-0.018307
-0.045184
-0.056583
0.065037
-0.029352
0.039582
0.070701
0.054957
0.094330
-0.058205
-0.083067
0.051646
-0.034268
0.152614
0.172469
-0.019587
0.014957
-0.038865
-0.117505
-0.017834
0.037124
-0.060520
-0.013351
-0.048668
0.105279
-0.014203
-0.051091
0.030822
0.037426
0.126693
0.153855
0.084404
0.010933
-0.071477
0.025911
0.081365
0.097214
0.009203
0.108955
0.142791
0.065267
0.005535
0.076160
0.004657
-0.046103
0.027531
0.051116
0.111661
0.058854
0.098699
0.144447
0.145733
0.102463
-0.007148
-0.026364
-0.021137
0.083160
0.073464
0.057335
0.122294
0.117069
0.023454
-0.034095
0.031210
0.014797
-0.006530
0.057062
0.053950
-0.033587
0.074129
0.203550
0.122859
0.123590
0.066210
0.080575
0.072841
0.166782
0.109125
0.082365
0.134910
0.055417
0.098218
0.028688
0.105796
0.085182
0.047800
0.132722
0.091261
0.053870
0.057232
0.013586
0.012516
-0.010791
0.050963
-0.045079
0.045547
0.075917
0.041713
-0.010557
0.137216
0.070769
-0.024125
0.064317
0.072265
0.038079
0.072097
0.036832
0.037597
0.141622
-0.008961
0.091276
0.089678
0.053908
0.076846
-0.020074
0.030715
0.111280
-0.107168
0.011542
0.034330
-0.008286
0.048569
0.037136
-0.027188
0.058032
0.043370
0.066077
-0.020942
0.011966
0.011765
0.042794
0.066556
0.036630
0.074022
0.016247
-0.062846
0.066153
0.021630
0.070028
0.099897
0.014606
0.025030
0.099243
-0.105667
-0.070535
0.082862
0.031590
0.013129
0.022358
0.025086
0.095237
0.088273
0.010711
0.073515
0.086344
0.016722
0.094183
0.067176
0.073575
0.112684
0.169632
0.056015
0.071413
0.087321
0.112790
0.048649
0.108057
0.072926
0.059590
0.036735
0.065532
0.119299
0.092056
0.126567
0.034039
0.067735
0.028387
0.009872
0.066174
0.015221
-0.048434
0.053179
0.158402
0.106281
-0.062858
-0.043638
-0.004023
-0.037475
0.030726
0.082959
0.034201
0.010466
-0.017604
0.115468
0.126844
0.096565
-0.022850
0.006200
0.008070
0.085466
0.110418
-0.042692
0.031673
0.047977
0.055652
0.081772
0.044812
0.093995
0.040178
0.017362
0.020584
-0.064977
0.006308
0.136545
0.072498
-0.031804
-0.018376
-0.054095
0.036697
0.153913
0.069291
0.113873
0.115049
0.160238
0.032676
0.003413
0.049726
-0.063537
0.068030
-0.052343
0.012879
0.094806
0.070557
0.070250
0.101844
0.024157
0.038896
0.125688
0.114177
0.053191
0.054255
0.041664
-0.049741
-0.054459
0.025979
-0.015640
0.045212
-0.005780
-0.020721
0.027183
0.128115
0.032388
0.069654
0.019806
0.049680
0.058368
-0.002138
0.018428
0.161732
-0.026446
0.089830
0.064555
0.163440
0.093393
0.055270
0.043713
0.022214
-0.005419
0.042364
-0.005747
0.068333
0.012966
-0.038593
0.003419
0.061735
0.054945
0.078088
-0.048783
-0.006373
0.022824
0.056103
-0.008478
0.104006
0.042719
0.114962
0.048528
0.025153
0.097239
0.154857
0.058051
0.016927
0.064096
0.090492
0.069462
-0.060268
0.049970
0.080487
-0.009166
-0.040817
0.079123
0.056472
0.049192
-0.056250
0.038959
0.050175
0.128802
0.082436
0.092364
0.150301
0.033507
0.101415
0.070637
0.018020
0.082527
-0.063842
-0.059991
-0.007964
0.027207
0.030001
-0.035749
0.002216
0.033159
0.057094
0.080144
0.181715
0.119152
0.088543
0.085476
0.033530
-0.027178
0.033695
0.051388
0.025836
0.087819
0.105771
0.053829
0.047478
-0.012075
0.112316
0.151417
0.093586
0.051618
0.054764
0.067590
0.017651
0.017666
-0.010752
0.056319
0.198003
0.154074
0.060209
-0.005421
-0.015972
-0.037111
0.032213
0.071908
-0.050911
0.013853
0.014153
-0.026022
0.021569
0.127694
0.118310
0.085999
0.035787
0.049300
0.103001
0.047750
0.043188
0.046604
0.027557
0.040457
0.018996
-0.007209
0.016493
0.057617
0.085716
0.146191
0.044302
0.050070
0.066045
0.040917
0.043393
0.035576
0.098546
0.030598
0.088790
-0.058304
0.021262
0.020209
-0.042436
0.095206
0.043999
0.132898
0.011248
-0.032935
0.020899
-0.040339
-0.012851
0.029992
0.015455
0.177622
0.024478
-0.006161
0.055702
-0.024044
0.044995
0.112211
0.010876
0.120800
0.053383
0.024331
0.120929
0.014239
0.005835
0.055625
0.049543
0.099980
0.055674
0.056933
0.092301
0.090146
0.094483
0.090457
0.099020
0.093729
0.024913
0.014616
0.094388
0.045878
0.017194
0.090055
0.102197
-0.025527
0.040503
0.091790
-0.085617
0.034362
0.096996
0.067141
0.040673
-0.060034
-0.007998
-0.003589
0.068339
0.052620
0.052159
0.073262
0.214564
0.086622
0.020408
0.052380
0.115342
0.126839
0.068527
-0.024832
-0.076558
0.061278
0.077662
-0.019103
0.031878
0.051221
0.036790
0.087892
0.064527
0.097105
0.082753
0.128248
0.105444
0.064819
0.092266
-0.042681
0.068298
0.063957
-0.008118
0.020037
0.028175
0.082242
-0.018969
-0.017464
0.008858
-0.001857
0.024631
0.051881
0.062444
0.105892
0.068873
0.066744
0.118314
0.101691
0.020898
0.055659
0.084403
0.067371
0.049473
0.028468
0.027051
-0.002563
0.011710
0.036290
-0.042465
-0.002538
0.115595
0.103399
0.145970
0.113129
0.091465
0.137168
0.087658
0.068227
0.071704
0.178783
0.072443
0.071608
0.074326
0.060843
0.110879
0.150413
0.199567
0.076034
-0.019364
0.097761
0.093998
0.101350
0.047565
0.033966
0.073609
-0.069642
0.096360
0.042728
0.086767
0.082252
0.063896
0.014284
0.056043
0.027578
0.085518
0.008360
0.044179
0.045992
-0.063079
-0.058818
-0.020228
0.002955
0.024268
0.054382
0.069832
0.008406
-0.042200
-0.048387
0.033581
0.093905
0.030043
0.074644
0.015928
0.008941
0.028889
0.015178
0.078249
0.016187
0.035723
0.203452
0.085572
0.062509
0.081317
-0.047073
-0.107857
-0.000737
0.055686
0.098488
-0.013785
0.017952
0.072779
0.106202
-0.000624
0.076087
0.110713
0.115005
0.162932
0.127363
0.035995
-0.052237
-0.085308
-0.025363
0.098232
0.048325
0.089182
0.044270
0.116164
0.029087
0.033714
0.043523
0.078101
0.042796
0.110054
0.079461
-0.000135
0.084808
0.088033
0.110197
-0.024175
0.031361
0.085076
0.025214
0.081028
0.006440
-0.058100
0.064493
0.134239
0.137305
0.060579
0.053536
-0.052387
0.097449
0.050856
-0.005025
0.125251
0.023319
0.060880
0.041253
0.031061
0.107077
0.091792
0.051633
0.039061
0.136598
0.122582
0.112939
0.005479
0.128747
0.025694
0.094035
0.052929
0.036819
0.033956
0.038296
0.025794
-0.026713
-0.051812
0.057709
0.076544
0.033276
0.067640
0.034799
0.090020
0.072944
0.093852
0.110428
0.104918
0.088302
0.098680
0.064607
-0.004663
0.038301
0.006629
0.033422
0.071962
0.076309
0.029259
0.040531
-0.014230
0.029857
0.073656
-0.002438
0.017253
0.076014
0.076441
0.078677
0.052973
0.036062
0.073041
0.168676
0.022946
-0.018428
-0.035192
0.015415
0.113011
0.053106
0.087461
-0.033147
0.001701
0.158325
0.094244
-0.019352
0.102687
0.115192
0.025206
0.005004
0.106545
0.133248
0.057079
0.051492
0.031353
0.001950
0.047958
0.133602
0.078164
0.023908
0.095096
0.045401
0.065401
0.096411
0.027670
0.049567
-0.015440
0.153951
0.060898
0.006090
0.054930
0.039215
0.060126
0.084998
0.118320
0.095311
0.102934
0.050009
-0.012127
-0.016695
0.088807
0.003794
0.005833
-0.017871
0.037551
0.005847
0.096848
0.081345
0.050523
0.024851
0.025065
-0.013208
-0.025971
-0.022361
-0.023346
0.075407
0.086217
0.039237
0.044421
-0.010753
-0.048272
0.051793
0.029702
0.134939
0.073944
-0.036954
0.019311
0.002980
0.050782
0.049950
-0.007357
0.136176
0.042925
0.029531
-0.007887
0.037232
-0.089949
0.030543
-0.021965
0.057235
0.114054
-0.037451
0.045182
-0.066708
-0.035895
0.076153
0.089570
0.072282
0.081604
0.114107
0.044772
-0.020412
0.018562
0.094527
0.125909
0.016874
0.102770
0.133527
0.064163
0.057177
0.086543
-0.022573
-0.012018
-0.036411
0.013326
-0.003687
0.044659
0.043851
0.056892
0.032753
0.035842
0.106411
0.118498
0.154488
0.097953
0.051503
0.143270
0.130509
0.082560
0.037791
0.095208
0.131483
0.110354
0.040232
0.064164
0.123218
0.187990
0.136954
0.101394
0.129171
0.061773
-0.001089
0.122148
0.054669
0.072134
0.127063
0.125226
0.022844
0.104036
0.141425
0.051643
0.031934
0.048653
0.164397
0.058260
0.074380
0.058295
0.053362
0.116119
0.104180
0.028316
-0.000285
0.012908
0.007970
0.005743
0.134750
0.028262
0.031116
0.087094
0.072366
0.126282
0.097584
0.025986
0.061834
0.056355
-0.017844
-0.031076
0.002869
0.018956
0.115670
0.132650
0.146952
0.121562
-0.026418
0.024108
0.112777
0.076158
0.022138
-0.010915
-0.081893
-0.047811
-0.033520
0.006968
-0.049906
0.031525
0.053074
0.032855
-0.011772
-0.004209
0.019569
-0.040638
0.046344
-0.022056
-0.021625
0.107248
0.142042
0.130657
0.082222
-0.014208
0.048950
0.098233
0.105234
0.097013
0.054419
0.044396
0.066039
0.140541
0.125089
0.118811
0.039723
0.003801
0.095940
0.119013
-0.003882
0.123972
0.137439
0.076632
0.085164
0.045242
0.052048
0.014858
0.081699
0.097996
0.021010
0.130567
0.075769
0.115630
0.174248
0.134658
0.046320
0.169239
0.111448
0.025098
0.055222
0.158136
0.113131
0.020841
0.030426
0.096942
-0.025931
0.049263
0.050628
0.008470
-0.036359
0.045991
-0.007176
-0.023532
0.098693
0.014663
0.074095
0.051703
0.102422
0.089790
0.139365
-0.007517
0.062865
0.107338
0.067713
0.087167
0.016000
0.004748
0.027093
0.099805
-0.031545
0.053022
0.005193
0.049328
0.102022
0.094387
-0.005875
0.121519
0.069584
0.028679
0.007909
0.006093
0.040193
0.110327
0.098605
0.021873
-0.081353
0.063052
-0.025417
0.041124
0.053965
0.122443
0.174817
0.065935
0.077445
0.047870
0.114083
0.105146
0.083784
0.160028
0.048169
0.198141
0.117903
0.119306
0.111483
0.056260
-0.044028
0.059411
0.038180
0.095615
0.237969
0.040034
0.093893
0.070753
0.016724
0.061417
0.066114
0.118293
0.092544
0.157785
0.061160
0.015433
0.168046
0.048667
0.160089
0.220564
0.032651
0.093861
-0.009312
0.105860
0.061623
0.043969
-0.017961
0.092487
0.057955
0.043369
0.087017
0.185066
0.063718
0.035929
0.094255
0.060752
-0.017638
-0.059752
0.036091
0.054513
-0.003571
-0.054162
0.065087
0.040117
-0.023325
0.015119
0.015993
0.087569
0.166078
0.055208
0.077629
-0.009200
0.053658
0.066617
0.101176
0.011128
0.016872
0.038454
0.018568
-0.008718
-0.049931
-0.093569
0.003213
0.006566
0.058956
0.090730
0.142952
0.038321
0.045617
0.012112
0.045148
0.050246
0.033985
-0.009083
0.071358
-0.008192
-0.033817
0.024110
-0.031540
0.049977
0.073845
0.138773
0.078828
0.012790
0.068166
0.011549
0.043172
0.080018
0.063246
0.053620
0.011685
0.004983
0.082994
0.097461
0.067461
0.003664
-0.046736
0.021388
-0.040275
-0.021724
0.106960
0.145182
0.147864
0.046970
0.022019
0.131470
0.023477
0.087340
0.006768
0.037334
0.101375
0.024912
0.037530
0.101432
0.050195
0.039859
-0.028458
0.069582
0.058246
0.020059
0.035185
0.083107
0.089108
0.049361
0.090115
0.067288
0.023752
0.109393
0.017178
0.048097
0.086574
-0.016048
0.153491
0.118538
-0.093010
0.020973
0.019699
0.052647
0.030194
0.052720
0.144820
0.110973
0.170362
0.113639
0.087968
0.159345
0.131019
0.123512
0.113253
0.146576
0.103670
0.100102
0.035165
0.001451
0.045329
0.081158
0.078675
-0.025074
0.075663
0.084578
0.003925
0.026007
0.066042
-0.072580
0.058244
0.124871
0.030578
0.064605
0.106981
0.161208
0.071337
0.088677
0.038801
0.021838
0.081147
0.045058
0.094973
0.005056
0.065880
0.042335
0.053384
0.007445
0.041849
0.064960
0.059321
0.057490
0.031543
0.082025
-0.030508
0.044183
0.103529
0.083013
0.047807
-0.082079
0.062718
0.070463
0.046924
0.158398
0.065570
0.011954
0.060000
0.067919
0.098958
0.056472
0.104639
0.068068
-0.000315
0.023766
0.017774
0.030781
0.042122
0.110968
0.144867
0.083099
0.240806
0.114218
0.076846
0.118388
0.058778
0.110092
0.051802
-0.007653
-0.035881
0.041798
0.021233
-0.021600
0.111923
0.053287
0.079305
0.113537
0.100571
0.082895
0.129935
0.043258
0.071955
0.070879
0.091298
0.058478
0.050968
0.114997
0.065031
0.035102
0.126086
0.069540
0.012616
-0.000323
0.025026
0.031436
0.018459
0.063910
0.076137
0.079408
0.052548
-0.014230
-0.071160
0.073974
0.060574
0.102529
0.223655
0.055345
0.124855
0.023142
-0.004373
0.086741
0.051474
0.133966
0.118968
0.129818
0.182546
0.086441
0.010699
0.128171
0.103777
0.137907
0.076153
-0.011538
0.082669
0.071845
0.108240
0.062192
-0.012136
0.132867
0.097549
0.044957
0.151027
0.141896
0.045695
0.079054
0.063319
-0.005191
0.082597
0.034766
0.069285
0.040922
0.114065
-0.014671
0.047193
0.083392
-0.000512
0.014443
0.085934
0.106090
-0.005550
0.004919
0.075857
0.012230
0.157535
0.120523
0.017621
0.020590
0.052445
0.057578
0.072170
0.118820
0.025655
0.084231
0.090784
-0.069511
0.085629
0.101067
0.047054
-0.025757
0.092254
0.133757
0.105595
0.040031
0.028851
0.043594
0.049654
0.019336
0.046946
0.048079
0.080998
-0.044680
-0.000126
0.035427
0.074367
0.119908
0.073434
0.034941
-0.023293
0.007927
0.113577
0.071963
0.084307
0.051523
0.027235
0.065106
0.088083
0.083889
-0.013033
-0.016850
-0.007172
0.043725
-0.014195
-0.077497
0.077177
0.004806
-0.007394
-0.046244
-0.038171
-0.012800
-0.030796
0.020166
0.008745
0.067852
0.073011
0.121635
0.038184
-0.010698
0.044783
0.113499
0.222264
0.096809
0.100468
-0.041371
0.071024
0.178867
0.046330
0.051533
0.097098
0.015232
0.114994
0.099478
0.041877
0.061203
-0.003125
-0.050588
-0.030936
0.063556
0.168145
0.016974
0.027568
-0.006752
0.031199
0.073112
-0.030578
0.040057
0.029732
-0.017801
0.062314
0.079446
0.056444
0.013137
0.020539
-0.049396
0.021248
0.071258
0.013068
0.034586
0.004624
0.062951
-0.050801
-0.098341
-0.035483
0.000758
0.053430
0.063108
0.010111
0.034515
-0.026114
-0.020286
0.032700
0.077185
-0.010968
0.049748
0.106814
0.052735
-0.009756
0.026379
0.063269
0.032595
0.040314
-0.063995
0.050390
0.036025
0.118105
0.131293
0.156287
-0.002734
0.021168
0.051239
0.105923
0.061430
0.005420
0.079634
0.005078
0.110985
0.084314
0.085713
0.070762
-0.016671
0.049460
0.095499
0.023736
-0.014376
-0.013865
0.077320
0.146867
0.057560
0.110216
0.022286
0.023013
0.121452
0.067909
0.072896
0.135385
0.059168
0.031742
-0.003619
0.024506
0.125507
0.047128
-0.004042
-0.011951
0.066813
0.069189
0.069538
0.058231
0.039755
0.093230
0.101748
0.150943
0.130042
0.160292
0.096804
-0.013084
0.008221
0.101876
0.118903
0.042847
0.067959
0.101466
0.082141
0.072944
0.055862
0.035091
-0.007632
0.006552
0.053223
0.066638
0.102248
0.030955
0.069414
-0.013901
0.016173
0.064145
0.001974
0.060248
0.119061
0.090240
0.050601
0.105739
0.112062
0.049214
0.140019
0.171740
0.098137
0.105916
0.135561
0.081390
0.068053
0.050568
0.092800
0.083943
0.207999
0.200252
0.141888
0.083709
-0.038708
0.033989
0.085515
0.055906
0.111801
0.118046
0.070597
0.080742
-0.016138
0.007082
0.144327
0.027892
0.012735
0.015544
0.077715
0.077742
-0.061346
0.039568
0.081441
0.066662
-0.002127
-0.003025
-0.030150
0.026563
0.077823
0.117676
0.116335
0.099758
0.077454
0.064123
0.119379
0.063460
0.132529
0.153931
0.045013
0.035286
0.076923
0.079155
0.034831
0.072316
-0.007045
-0.026832
0.066835
0.083089
0.084238
0.046829
0.063985
0.124083
-0.001633
-0.016973
0.024974
-0.032532
-0.080551
-0.007727
-0.012053
-0.045139
0.130701
0.142974
0.056183
0.085528
0.018533
0.031247
0.013718
0.058310
0.057332
0.109810
0.095070
0.113566
0.068911
0.085095
0.069472
0.066148
0.089729
-0.040113
-0.007853
0.136970
0.083183
0.045502
0.075057
0.004045
0.066001
-0.031797
0.050560
0.039751
0.008142
0.007475
0.084690
-0.023610
0.047511
0.091806
0.033261
0.082091
0.091738
0.116295
0.102790
0.113220
0.066079
0.054263
0.097494
0.017365
0.017453
0.045491
0.037104
0.090699
-0.042684
-0.065115
-0.010979
0.053617
0.105910
0.002217
0.013919
-0.027105
0.033769
0.021910
0.018290
0.014229
0.064801
0.061845
0.100370
0.014277
-0.033486
0.032230
0.092391
0.057101
0.003939
0.086617
0.047591
-0.033736
0.095688
0.003686
0.001608
0.099389
0.156931
0.093058
-0.004661
0.106999
0.068890
-0.024283
-0.023552
0.042351
0.131350
0.069676
-0.030652
0.126170
0.080848
0.057199
0.142288
0.101461
0.140458
0.076443
0.064026
0.035688
0.027697
0.115296
0.076758
-0.012984
-0.011281
0.013158
-0.081565
-0.124411
-0.038010
-0.002850
0.008098
-0.019087
0.051361
0.105939
0.015877
-0.015075
0.032685
0.048959
-0.001343
-0.035347
0.023791
0.024584
0.044282
0.114818
0.073674
0.036691
0.028726
0.021408
0.000921
0.112953
0.077712
-0.014084
0.090809
0.024941
-0.003431
0.016500
-0.031917
0.035601
0.128657
0.025058
0.016795
0.063718
-0.007944
0.008654
0.046647
-0.074568
-0.002673
0.080915
0.061232
0.058929
0.064589
0.023860
-0.028528
0.069787
0.102679
0.010967
0.077067
0.106780
0.040491
0.050310
0.073195
0.046167
0.018484
0.023202
-0.013504
-0.044892
0.052688
0.073858
0.055745
-0.045709
0.054359
0.213075
0.218687
0.078337
0.008069
-0.020835
0.037059
-0.040205
0.048342
0.035330
0.035751
0.047255
-0.030831
0.041190
0.011510
0.061525
-0.013577
0.111397
0.078667
0.066748
0.171196
0.201194
-0.056304
0.045659
-0.056084
-0.021411
0.057642
0.016391
0.062193
0.186059
0.091587
0.076529
0.021220
0.028732
-0.031680
0.008261
0.078889
0.004891
-0.060321
-0.051239
-0.059307
0.066917
-0.015357
-0.013083
0.013232
0.055107
-0.002166
0.073203
0.091403
0.033161
0.057799
0.061582
0.044443
0.067572
0.144811
-0.086203
0.000297
0.100658
0.069999
0.005418
0.024905
-0.021770
0.047934
0.136353
0.036357
0.060118
-0.019853
-0.033338
-0.011960
0.061687
-0.048637
0.019591
0.114941
0.134006
-0.014595
0.006224
0.095806
0.088271
0.015350
0.010335
0.049129
0.113660
0.157288
0.162630
0.122595
0.115021
0.061647
0.063256
0.024702
0.106647
0.068070
0.071109
0.079969
0.035140
-0.004982
0.029543
0.016605
-0.038862
0.001637
-0.048650
-0.029104
-0.052456
0.061414
0.072971
0.161543
0.069154
0.129883
0.047419
-0.025687
0.093212
0.095304
0.088910
0.055711
0.086841
0.033407
0.090066
0.124878
0.035964
0.052375
0.022763
0.046260
0.115908
0.133812
0.056128
0.076265
0.005347
0.064119
0.030636
0.038222
0.076861
0.007007
0.031014
-0.047989
-0.007297
0.016772
0.014313
0.006582
0.002474
0.078794
-0.058004
-0.072263
0.025240
0.058361
0.146942
0.079068
0.097399
0.074038
0.073144
0.051012
0.114474
0.094533
0.096401
0.160638
0.130533
0.116809
0.051486
0.030320
0.140216
-0.021993
0.095270
0.056861
-0.018604
-0.047237
-0.051373
-0.081630
-0.103898
0.000033
0.041630
0.094460
0.044916
0.040356
0.024863
-0.003317
0.027894
-0.099262
0.034997
0.061664
0.030468
0.036962
0.062599
-0.009323
0.092988
0.041914
0.013087
0.103829
0.050696
0.083098
0.090135
0.009316
-0.044378
0.103709
0.030531
0.022742
0.071174
0.062295
0.071689
0.030791
0.092310
0.037696
0.081224
0.087069
0.075475
0.042358
0.062713
-0.017166
-0.058893
-0.050133
0.039392
0.100175
0.139856
0.122107
0.067188
0.103756
0.057558
0.021848
0.038617
0.057316
0.036665
0.126425
0.093509
0.038551
0.020592
0.001066
0.069060
0.122232
0.109266
0.026759
-0.048912
0.035988
-0.034235
-0.101014
0.063579
0.003853
-0.099946
-0.106490
0.016180
0.048819
0.078225
0.144455
0.051325
0.163637
0.102485
0.157008
0.103715
0.075864
0.086744
0.055157
0.123836
0.014539
0.068839
0.001835
0.100032
0.169087
0.119700
0.161541
0.081451
0.106056
0.140288
-0.002653
0.047404
0.140346
0.086060
0.039701
0.139728
0.121921
0.102678
0.083580
0.051001
0.115552
0.130323
0.126393
0.128451
0.091981
0.019839
0.055691
0.032400
0.093304
-0.009658
-0.035415
0.094756
-0.055632
0.078591
0.037298
-0.038494
-0.028624
0.050392
0.081284
0.100888
0.012946
-0.022234
0.012383
-0.023989
-0.002326
0.044437
0.050825
0.015243
0.002580
0.048338
0.040204
0.037274
0.042077
0.038341
0.011203
0.026013
0.030423
0.039098
-0.013087
-0.033715
0.072086
0.022171
0.034952
-0.064351
0.077532
0.072655
-0.029444
0.080546
0.032140
-0.001537
0.013141
0.065554
0.069651
-0.013338
0.036329
0.043622
-0.064871
-0.015623
0.087850
0.081876
0.084993
0.065728
-0.025223
0.078774
0.155192
0.106614
0.121584
0.107488
0.025092
0.024578
0.074083
0.021422
0.016302
0.106241
0.097111
0.045859
0.014296
-0.040320
-0.007490
0.103358
-0.004833
0.202184
0.120434
0.038261
0.112605
-0.065540
0.006047
-0.052233
0.048448
0.100691
0.109039
0.148228
0.090056
0.084663
0.064243
-0.031306
-0.028739
-0.062821
0.116989
0.143526
0.047959
-0.068716
-0.045816
0.020189
-0.034148
-0.049572
0.086476
0.161847
0.021342
0.039339
0.122788
0.055222
0.083337
0.022591
0.027108
0.111461
0.093953
-0.039795
0.041526
0.158538
0.034456
0.133852
0.209793
0.098539
0.202291
0.078132
0.030502
-0.029276
0.025270
0.038259
0.071786
0.099079
0.085380
0.127211
0.099234
0.035049
0.092330
0.060620
0.145138
0.086054
-0.003177
0.029789
0.071724
0.099831
-0.008022
0.036181
0.092864
0.083767
0.080169
0.063556
-0.003769
-0.000547
-0.021072
-0.060600
-0.003529
0.024064
-0.014442
0.130864
0.177403
0.145172
0.049266
0.086240
0.055972
-0.012481
-0.070066
-0.018720
-0.089531
-0.062934
-0.050904
-0.001661
0.012084
0.063260
0.049236
0.039233
0.043086
0.038424
0.041623
0.040730
0.108107
0.152635
0.107764
0.153722
0.134371
0.092670
0.083513
0.004948
0.055179
-0.031452
0.034860
-0.007983
-0.066782
-0.074276
0.071393
0.087983
-0.047828
-0.030909
0.024924
-0.000701
-0.009607
0.081723
0.072038
0.096272
0.094004
0.026862
0.097513
-0.007021
-0.051163
0.070280
0.110945
0.094154
0.094697
0.051316
0.058450
0.005317
-0.014840
-0.044177
0.062007
0.110503
0.079029
0.030961
0.064048
0.037520
0.115488
0.105540
0.084231
0.087696
0.034559
-0.025944
0.061244
0.068062
0.056652
0.046171
-0.052793
-0.024259
0.052904
0.096813
0.077547
0.046181
0.101033
0.112358
0.078762
0.019426
0.019554
0.070513
0.134672
0.170099
0.042582
0.021956
0.024409
0.031702
0.084731
0.097612
0.057985
0.095497
0.004637
-0.023341
-0.051219
0.054652
-0.001509
-0.095546
0.041003
-0.018037
-0.019036
0.029532
0.002350
0.000933
0.026135
0.029058
-0.061437
0.012041
0.087420
-0.031831
-0.029285
0.006198
0.099447
0.069696
0.059396
0.039613
0.088798
0.064047
-0.072221
0.075014
0.042558
0.021738
0.032942
0.017849
-0.070741
-0.041392
-0.050980
-0.079235
0.052149
0.089304
0.044027
0.021506
0.068381
0.071872
0.009013
-0.021386
0.028123
0.000714
0.007678
-0.009649
0.014764
0.053640
0.139038
0.110131
0.145396
0.077880
0.021437
0.078051
0.110938
0.074230
0.021851
0.079935
0.142031
0.003636
-0.068409
0.047132
-0.073132
0.009276
-0.028929
-0.054469
0.089695
0.064450
0.037075
0.085791
0.059313
0.066434
0.066148
0.029490
0.009116
0.040703
-0.002249
0.021660
0.030752
-0.032186
-0.011463
0.048924
0.029181
0.069357
0.129130
-0.101663
-0.036926
-0.049198
-0.049515
0.043773
0.040685
0.036845
0.094364
0.114348
0.118880
0.085763
0.093849
0.076002
0.029773
0.097037
0.075515
0.076322
0.093378
0.038986
0.041236
0.061529
0.072788
0.043430
-0.032187
0.045825
0.101378
0.015106
0.073935
0.047875
0.030053
0.034092
-0.001679
0.021650
0.093300
0.119272
0.135626
0.124770
0.153293
0.145710
0.053812
0.013519
0.024154
-0.028832
0.019836
0.057323
0.054228
-0.043010
0.048337
0.006221
0.075260
0.095696
0.076393
0.118336
0.045459
0.098135
0.122766
0.034909
0.068625
0.015878
0.035607
0.009528
0.028585
0.042735
0.006143
-0.036209
-0.003554
-0.047710
0.084787
0.041304
0.070453
0.068732
-0.019556
-0.017001
0.034881
0.053774
0.078321
0.061921
0.012292
-0.086158
0.075844
0.070333
0.111014
0.190007
0.078111
0.071176
0.080862
-0.045653
0.009659
0.100846
0.005996
0.057474
0.115572
0.010142
0.136232
0.041713
-0.048082
0.007939
0.042526
0.000342
0.045722
0.017643
-0.029401
-0.054011
-0.013120
-0.056569
-0.073159
-0.021964
0.002023
-0.008831
-0.007832
0.123116
0.079324
0.109802
0.042707
0.028151
0.018291
-0.016234
0.019755
0.066135
0.084455
0.031228
-0.013174
-0.008981
0.039369
-0.036159
-0.036261
0.019382
-0.048013
0.043515
-0.008739
-0.001607
0.187306
0.052783
0.083573
0.063823
0.104390
0.173902
0.003033
-0.012881
0.058295
0.089110
-0.033563
-0.034218
0.032897
0.003713
0.029551
-0.001635
0.053798
0.029901
0.029330
0.055064
0.066321
0.016898
0.018289
0.031613
-0.015273
-0.014037
0.158444
0.047651
0.049459
0.091695
0.042696
0.058391
0.002047
0.081694
0.098650
0.066958
0.112000
0.140847
0.152706
0.085377
-0.054708
0.067570
0.077597
-0.009903
0.013587
-0.001883
0.018161
0.112026
0.064421
0.038966
0.019064
0.035451
0.066445
0.051346
-0.033227
0.062353
0.048359
0.017766
0.042166
-0.045978
0.064133
0.100095
0.045392
0.118069
0.126746
0.154185
0.130473
0.096443
0.071037
0.072852
0.089617
0.000519
0.141895
0.089075
-0.010327
0.004922
0.138979
0.026273
0.105310
0.070278
0.031623
0.154321
0.121812
0.088004
0.116899
0.185536
0.108353
0.070042
0.030139
0.044467
0.058994
-0.049491
-0.032071
0.122214
0.048915
0.094981
0.025851
0.034521
0.061084
0.060558
0.042168
0.029472
0.123663
0.097394
0.041775
0.003565
-0.017383
0.104378
0.032045
0.108709
0.072110
0.001328
0.089225
0.094098
0.038223
0.015993
0.098294
0.054107
0.022815
0.122585
0.026942
0.025346
0.091954
0.057462
0.044532
0.094327
0.042782
0.069194
0.033285
0.050880
0.117591
0.006432
0.082909
0.082209
0.110221
0.016256
-0.065326
-0.010887
-0.062790
-0.035778
0.103424
0.111306
0.055437
0.026447
0.078262
0.028497
0.052099
-0.025340
-0.029247
0.100357
0.150233
0.048721
-0.004179
-0.005339
0.021086
0.011131
0.039530
-0.014396
0.056167
0.029556
0.100271
0.033899
0.056108
-0.027994
-0.004325
0.010890
0.029727
0.073785
0.049443
0.109905
0.114485
-0.058439
0.013626
0.002753
0.084908
0.078088
0.082908
0.069078
-0.002940
-0.041636
-0.095267
0.019805
0.036463
0.028371
0.082687
0.051536
0.080922
-0.044511
0.069022
0.062348
0.001706
0.114493
0.071829
0.148376
0.197843
0.113583
0.019853
0.074434
-0.000001
0.038813
0.123325
0.047369
-0.048036
-0.118722
-0.084652
0.055568
0.100434
0.072453
0.070910
0.033416
0.126495
0.147671
0.005339
0.039104
0.012340
0.020819
0.056650
0.105633
0.188083
0.012009
-0.020200
0.116379
0.092851
0.132754
0.132382
0.145477
0.138519
0.030561
0.054219
-0.029258
0.065935
0.035655
0.069323
0.087564
0.042796
0.049368
0.074199
0.044397
0.055956
-0.012424
0.119072
0.113828
0.102842
0.184041
0.086415
0.070901
-0.014246
0.019700
0.057548
0.059833
0.135742
0.091145
0.121047
0.044893
0.081450
0.076513
0.106803
0.107669
0.097865
0.068961
0.053921
0.068173
0.002163
0.074214
-0.013779
0.143635
0.148629
0.102199
0.123399
-0.006489
0.098354
0.105682
0.064950
0.049823
0.050527
0.062583
0.058198
0.098016
0.145738
-0.000835
-0.059384
-0.019532
0.057122
0.031530
0.026411
-0.001399
0.021746
0.012953
0.024345
0.044984
0.011372
0.014412
-0.001911
0.054773
0.097509
0.087624
0.084750
0.072826
-0.008494
0.061308
0.039467
0.005487
-0.023033
-0.026939
-0.048807
-0.027155
-0.016485
-0.017236
0.032372
0.097095
0.115922
0.104051
0.101236
0.060014
0.024196
0.108331
0.047687
-0.047592
0.062046
0.034414
0.076577
0.095649
0.093523
0.069260
-0.006472
0.034085
0.107694
0.114342
0.092378
0.068487
0.104346
0.034043
0.027464
0.105502
0.095180
0.096152
0.054364
0.101130
0.078109
0.084890
0.048360
-0.119115
-0.092202
0.047697
0.051536
0.054948
0.089776
0.168949
0.139672
0.111554
0.076803
0.036096
0.047072
0.123948
0.189114
0.080982
0.140079
0.144663
0.030816
0.079533
0.046966
0.042736
0.107963
0.126378
0.179738
0.110886
0.190475
0.174194
0.165997
0.107078
0.057213
0.131597
0.089945
0.082488
0.046555
0.037678
0.058166
0.134563
0.060387
0.027085
0.078189
0.106573
0.092310
0.060438
0.072201
-0.008342
-0.004742
0.011201
0.031530
0.133362
0.024764
0.082843
0.045380
0.091819
0.039866
0.131043
0.093842
0.108581
0.082993
0.091329
0.023856
0.091915
0.063615
0.070167
0.000526
-0.001826
0.053893
-0.021016
0.021279
0.013339
-0.054235
0.053660
0.113078
-0.048513
-0.000099
0.069651
0.172882
0.012590
-0.006660
0.080466
0.121600
0.112722
0.091592
0.121908
0.091040
0.064871
-0.019530
0.101099
0.016381
0.021206
0.109420
0.159044
0.089702
0.067117
0.007027
0.095789
0.038665
-0.031663
-0.018007
0.031277
0.067091
0.094612
0.118525
0.107361
0.055996
0.083028
0.076693
0.043664
0.044284
0.004740
0.020993
0.005873
0.068297
0.018684
0.061018
-0.036966
-0.066970
0.027337
0.123820
0.122190
0.088744
0.027465
0.015594
0.000402
0.060021
0.022566
0.073486
0.098194
-0.022332
-0.011435
0.054551
0.049728
0.053647
0.073493
0.112096
0.100613
0.127636
0.070886
0.089558
0.063951
0.098396
0.140940
0.084249
0.026396
0.027551
0.123459
0.168317
0.105415
0.135469
0.040727
-0.035347
-0.012360
0.029799
-0.014933
-0.017134
0.126593
0.053239
0.030437
0.091516
0.006909
0.036156
-0.002773
-0.026725
0.109139
0.118151
0.063426
0.024900
0.031999
0.082806
0.099123
0.152717
0.097024
0.063324
0.020081
0.067498
0.143914
0.060077
0.014134
0.166834
0.120351
0.137246
0.076273
0.134907
0.022578
0.070714
0.135759
0.052729
0.137607
0.038014
-0.053318
0.040373
0.047163
0.067757
0.106316
0.026738
-0.027777
-0.040189
0.026383
0.054697
0.042803
-0.019760
0.043365
0.016174
0.066477
0.067213
0.036978
0.068409
0.046874
0.035569
-0.037591
0.077180
0.046244
0.051822
0.018485
0.098013
0.031295
0.017955
0.048187
0.090320
0.076204
0.150557
0.075537
0.039554
0.124381
0.012960
0.028575
0.066946
0.064747
0.008068
-0.007320
0.064781
0.004363
-0.038320
0.039122
0.073147
0.033804
0.004050
0.089038
-0.013655
-0.062335
0.125747
0.113499
0.052347
0.047782
-0.082054
-0.015673
0.076216
0.117765
0.095810
0.061314
0.076825
0.076951
0.013198
0.057926
0.072497
-0.021722
0.037090
0.086129
0.007626
0.021832
0.028386
0.058444
0.092362
-0.048479
0.077245
0.166287
0.121181
0.129350
0.041731
0.094880
0.155260
0.133078
0.101044
0.056167
0.096427
0.002761
0.039163
0.032347
0.098347
0.039907
0.132843
0.036626
0.110274
0.173490
0.081673
-0.015423
0.018991
0.030571
-0.063658
0.098156
0.084526
0.146094
0.031793
0.033908
0.022820
-0.016664
0.070379
-0.020926
0.062144
0.072125
0.051493
0.048650
-0.003011
0.056458
0.188459
0.080986
0.013555
0.052628
0.005648
0.015377
-0.031034
0.090048
0.037821
0.180706
0.115165
0.049706
0.123629
0.001533
0.127891
0.095829
0.002011
0.089518
0.083232
0.068302
0.008692
-0.010070
0.044237
0.033347
0.000863
-0.036068
0.060700
0.058608
-0.022309
0.018350
0.014673
0.021491
0.040447
0.012007
0.156080
0.220637
0.066466
0.049399
0.066149
0.013965
0.105734
0.117890
0.176522
0.090638
0.092912
0.006598
0.005845
0.070800
0.046864
-0.075496
-0.134021
-0.024832
-0.023997
-0.011879
0.034062
-0.041237
0.038346
-0.084270
-0.064656
0.003306
0.062853
0.075376
-0.025869
0.192468
0.062441
0.015929
0.035501
-0.077729
-0.000394
0.066377
0.095045
0.015632
-0.048326
0.069408
0.029523
0.147575
0.124719
0.037521
0.026337
0.106026
0.063268
0.132868
0.142008
0.163594
0.159614
0.077038
0.052924
-0.012952
-0.011008
0.034368
-0.017405
0.012458
0.026825
0.021589
0.080353
0.010772
0.051145
0.124724
0.141110
0.038934
0.061191
0.000399
-0.041680
0.116875
0.143391
0.002053
-0.045325
-0.042226
0.065859
0.046336
-0.004670
0.017828
0.044755
0.065591
0.011612
-0.060977
-0.043829
0.081914
0.061614
0.020527
0.021966
0.025164
0.001675
0.076356
0.119263
0.046679
0.049021
0.059932
0.117357
0.098588
-0.054759
0.088718
0.075883
-0.041513
-0.007274
0.013730
0.075268
0.039327
-0.060294
0.127507
0.071602
0.151031
0.105228
0.081624
0.060642
0.068278
0.058464
0.051343
-0.011589
0.066478
-0.012883
-0.038694
-0.072969
0.074538
0.065040
-0.024976
0.065498
0.019555
0.100959
0.026458
0.045471
0.106558
0.116261
-0.030170
0.005229
0.053201
-0.007104
0.050259
-0.085602
0.011012
0.053510
0.043597
0.077223
0.060137
0.057069
0.086902
0.087100
0.127044
0.000475
-0.041104
0.004547
0.028225
0.055307
0.020146
0.034289
0.023130
-0.044425
0.028762
0.097853
0.059913
-0.053368
0.034378
0.016227
0.053371
0.063090
0.077573
0.026005
0.021318
0.025907
0.000807
0.025133
0.068010
0.115773
-0.008047
-0.086691
-0.097798
-0.032737
-0.041227
0.012008
0.156982
0.063090
0.026497
0.046617
0.049389
0.021439
-0.054369
0.027433
0.049432
0.004218
-0.015869
0.129948
0.067824
0.049891
-0.110503
-0.042491
0.020114
0.107681
0.106644
0.041370
-0.026626
0.094809
0.025683
-0.057204
0.067640
0.073903
0.055149
0.057319
0.052714
0.071891
0.097647
0.211584
0.083276
0.024150
0.041224
0.094678
0.098685
0.039128
-0.006042
-0.000013
0.013978
0.002586
-0.000395
0.016353
0.035453
0.006661
0.094630
0.073667
0.083128
0.077910
0.033627
-0.002777
0.012026
0.021790
0.110833
0.045968
0.006522
-0.024394
0.057192
0.070258
0.145794
0.071842
-0.013492
0.002043
0.022991
0.001619
0.065054
0.131208
-0.030159
0.000520
0.046363
-0.038825
0.069928
0.059746
-0.033654
-0.040090
0.053396
0.076970
-0.035812
-0.025793
0.000499
0.028891
0.161749
0.033504
0.174064
0.162293
0.174746
0.116543
0.060287
0.011004
0.018758
0.126567
0.057531
0.042468
0.137254
0.023420
0.107550
0.139958
-0.053987
0.042809
0.025570
0.073599
0.004014
0.091898
0.058387
0.006285
0.104876
0.028771
-0.031635
0.082136
-0.039130
-0.021738
0.101872
-0.006137
-0.036644
-0.046625
-0.011436
0.055301
0.112463
0.199908
-0.019408
-0.026184
0.081893
0.050960
0.109131
0.125655
0.084297
0.022037
-0.042854
0.069051
0.081255
0.081625
0.067214
0.060303
0.042234
0.011935
0.081960
0.003260
-0.115393
0.041060
0.083052
0.027668
-0.060570
-0.017707
-0.001876
-0.056247
0.006958
0.079927
0.105453
0.003493
0.053229
0.062825
0.043109
0.056427
0.053652
0.089098
-0.030260
-0.061035
0.030498
0.063751
0.081034
0.056635
0.101963
0.052623
0.053419
0.100493
0.054756
-0.085879
0.027924
0.019935
-0.045887
0.031093
0.131077
-0.007750
0.056144
0.089408
0.073199
0.007577
-0.047688
-0.024407
0.028795
0.047203
0.087173
0.040262
0.006857
0.110653
0.046871
0.057459
0.056157
0.082857
0.065705
0.098094
0.011440
0.044297
0.097983
0.070619
0.110662
0.026796
-0.003842
0.110665
0.064297
0.061253
0.010682
0.046753
0.144464
0.009792
-0.020106
0.045614
0.039219
0.019360
0.027578
0.065137
0.052340
0.052128
0.054031
0.047059
0.068653
0.019298
0.056375
0.078623
0.095115
0.045800
-0.012337
0.113530
0.049721
0.146626
0.120881
-0.015426
0.214698
0.088789
0.094402
0.046660
-0.002371
0.025651
0.003449
0.024729
0.047660
0.047135
0.064296
0.081479
0.039022
0.134603
0.122813
0.120516
0.169925
0.091405
0.108401
0.006012
0.017003
-0.042371
-0.065566
0.057595
0.112896
0.186034
0.165053
0.060228
0.066556
0.069783
0.058186
0.145672
0.052033
0.015061
0.068769
0.020143
-0.067716
0.105344
0.014486
0.007346
0.032123
0.003278
0.010657
-0.000855
0.015607
0.101042
0.072705
0.077601
0.057229
-0.000427
-0.042596
0.007616
0.089319
0.138541
0.094936
-0.022728
0.038394
0.057378
0.013366
0.150209
0.118585
0.058554
0.057180
0.033457
0.042652
0.023013
0.132140
0.138503
0.030080
0.104894
0.079586
0.082125
0.132977
0.054320
0.065680
0.085093
-0.000116
0.084007
0.047629
0.010838
0.054267
0.043427
-0.025564
0.062071
0.038942
0.063582
0.116622
-0.025240
-0.007104
0.000199
-0.077869
0.032162
0.172650
0.050753
0.110138
0.083368
0.020153
0.111850
0.164315
0.089971
0.018962
0.016377
0.099041
0.020985
-0.010011
0.051427
0.099525
0.105378
0.085861
0.103583
0.061566
0.021018
0.172240
0.076780
0.032971
0.037624
0.088341
0.093682
-0.017597
0.089786
0.007198
0.024429
0.029374
-0.017741
0.049264
0.012129
0.122030
0.001131
-0.020933
0.058781
0.046362
0.071791
0.043940
-0.017033
0.017441
0.056977
0.026584
0.036913
0.079072
0.063546
0.111238
0.059923
-0.052847
0.002769
-0.079920
0.103366
0.106225
0.182601
0.104037
0.105724
0.073667
0.082269
0.152637
0.129998
0.091254
0.168309
0.101392
0.094786
-0.003014
0.047730
0.007046
0.084829
0.101473
0.030562
0.031915
-0.034999
0.055803
0.081272
0.104636
0.061204
0.039681
0.038355
0.040844
0.075602
0.044508
0.094933
0.087762
0.023435
0.042944
0.056857
0.012930
0.035963
0.069932
0.084233
-0.040736
0.062074
-0.032079
0.028861
0.074463
-0.007476
0.000141
0.081814
0.044131
0.095012
0.012589
0.038242
0.071034
0.077331
0.061364
0.041385
0.074653
0.117896
0.062862
0.072397
0.027934
0.035256
0.002120
0.076341
0.012874
0.055817
0.095534
0.072081
0.116681
0.020026
0.120736
-0.033880
0.046551
0.065464
0.000109
0.030612
0.016247
0.015268
0.026515
-0.063951
0.084204
0.057501
-0.024396
0.054588
0.019803
-0.016111
0.020890
0.040239
0.017787
0.069349
0.049575
0.011754
-0.037322
0.110404
0.003281
0.018810
0.050590
-0.001080
0.028021
0.063968
0.098873
-0.061649
-0.026867
0.023981
-0.003925
-0.042648
0.063513
0.075421
0.048354
-0.038313
0.001754
0.039242
0.037597
0.122617
0.042987
-0.017783
0.016077
0.015776
0.042377
0.001306
-0.003430
-0.124216
0.022564
-0.000841
-0.022362
0.024448
0.037278
0.029303
0.094025
0.062537
-0.089591
-0.027167
-0.009865
0.102397
0.089620
0.067156
0.053537
-0.004874
0.027280
-0.011001
0.014557
0.046959
-0.014408
0.103698
0.016603
-0.106636
0.070656
0.079262
-0.021456
0.018228
-0.015901
0.114824
0.094251
0.063058
0.073581
-0.091972
-0.116968
0.043257
-0.036852
-0.032044
0.061899
0.130062
0.077586
0.150463
0.112237
0.002734
-0.035902
-0.021274
-0.022044
0.022638
0.019774
0.047294
0.142911
0.096304
0.054195
0.102178
0.133365
0.153502
0.094896
0.088246
0.019838
-0.013648
0.090648
0.042191
-0.006713
0.071823
0.074565
0.074631
0.059448
0.092629
0.004007
0.051581
0.047246
0.075445
0.069382
0.073746
0.062346
-0.061020
0.059862
0.128882
0.055551
0.032212
0.111926
0.155788
0.051901
0.043226
-0.038357
-0.096442
0.041229
0.044574
0.037749
0.039732
0.118105
0.079682
-0.030676
-0.027578
0.037213
0.044227
0.104253
0.078376
0.027398
0.035391
0.017877
0.012979
0.138363
0.084829
0.047698
0.127340
0.087789
0.021990
0.060942
0.052513
0.106921
0.025687
0.157926
0.072794
-0.006736
0.085391
0.080722
0.032056
0.047719
0.101682
0.027018
0.019051
0.070120
0.072712
-0.027594
0.033358
0.089845
0.071546
0.036372
0.094712
0.099429
0.022711
0.019719
0.103045
0.100958
-0.000839
0.055484
0.036050
-0.010258
0.014551
0.016507
0.033296
0.098225
0.085228
0.059712
0.055011
-0.033529
-0.045408
0.030049
0.038298
0.048135
0.043128
0.121221
0.048499
0.072562
0.116944
-0.007222
0.026973
0.095179
0.116905
0.155568
0.113836
0.114697
0.105310
0.199221
0.039186
0.054923
0.100280
0.094824
0.046186
0.077652
0.037688
0.027591
0.060338
0.015334
0.007382
-0.046664
-0.050504
0.025399
-0.047263
-0.051426
0.072960
0.154707
0.058423
0.038950
0.141221
0.124880
0.058517
0.090311
0.105452
0.029234
0.062676
-0.013695
-0.046397
0.048678
0.048645
-0.009854
0.053623
0.015917
-0.001993
0.051424
0.081334
0.104165
0.087322
0.016536
0.059803
0.066285
0.145623
0.169284
0.092891
0.057061
-0.003251
0.067398
0.026850
-0.019563
-0.042602
-0.005906
-0.089171
0.049949
0.118118
-0.021009
-0.027417
0.058893
0.027440
-0.014236
0.068950
0.043780
0.101245
0.076048
0.045488
0.126442
0.051288
0.091659
0.095414
0.122389
0.211880
0.176996
0.102010
0.148513
0.163282
0.072307
0.098864
0.042357
0.053721
-0.018902
-0.057040
-0.064370
-0.019028
-0.091694
0.043328
0.032341
-0.014616
0.093307
0.059854
0.087943
0.063400
-0.027619
0.034615
-0.013783
-0.009601
0.062091
0.084038
0.005439
-0.073789
-0.020522
0.077510
0.039251
0.033525
0.017442
0.037527
-0.007563
-0.001374
0.077954
-0.008727
-0.007188
-0.007538
0.073812
0.005920
0.030407
0.038595
0.004583
-0.028815
-0.043875
0.039234
0.121871
0.144334
0.029100
0.047226
-0.033827
-0.036420
0.067405
0.078266
0.071842
0.001456
0.090627
0.103778
0.097148
0.090509
-0.006689
-0.043108
-0.031906
0.015953
0.043640
0.068192
-0.003346
-0.017713
0.029486
0.049000
0.058539
0.066676
0.056797
0.011502
0.018582
0.078858
0.008006
-0.021196
0.059879
0.019200
0.029810
0.026689
-0.022195
0.084252
0.104638
0.032050
0.114649
0.058554
0.078381
0.024867
0.058929
-0.056080
0.023074
-0.062350
0.058598
0.020894
-0.012071
-0.077520
-0.069228
0.051550
0.068724
0.210703
0.149860
0.023231
0.062109
-0.060750
-0.005775
-0.001173
-0.115025
0.036419
0.040417
-0.030367
-0.008505
0.039505
0.056922
0.024715
0.005862
-0.026389
0.049994
0.009837
-0.041618
0.038452
0.083733
-0.029215
0.065131
0.074299
0.055857
0.038256
-0.050195
0.025610
0.064859
0.042812
0.011350
0.143670
-0.037588
0.070773
0.050528
0.033121
0.039724
-0.044566
0.054722
0.097366
0.110829
0.113334
0.075210
0.032952
0.012832
-0.009897
0.040047
0.047699
-0.071715
0.018704
-0.007162
0.035487
0.095816
0.059531
0.001316
0.095367
0.067741
0.044715
0.015271
-0.018450
0.037832
0.140064
0.181705
0.023769
-0.047131
0.060110
0.113292
0.033915
0.061235
0.050619
0.055621
0.036919
0.081463
0.074041
0.058023
0.006858
0.106248
0.097689
0.027987
0.074226
0.048606
-0.096243
-0.035453
-0.094430
0.010058
0.117134
0.077654
0.088220
0.151762
0.027459
0.030791
-0.020290
-0.001085
0.112903
-0.023916
-0.055906
0.016841
-0.049543
-0.038606
-0.011346
0.029195
-0.003501
0.079249
0.087249
0.104199
0.140471
0.021482
0.063484
0.006426
-0.070150
0.074616
0.151785
-0.014516
-0.069216
-0.045628
0.025863
0.028890
0.041521
0.112913
0.029765
0.051159
0.008061
0.102578
0.053847
0.108841
0.019635
-0.047978
-0.000567
0.100502
0.125450
0.056356
0.040457
0.006281
0.048642
0.009762
-0.008411
-0.056705
-0.033409
-0.020357
0.021510
0.066965
0.017954
-0.010957
-0.051570
-0.014054
-0.038643
-0.004849
-0.072369
-0.019675
0.004763
0.059293
-0.012563
0.050038
-0.003548
0.039083
0.028270
0.015424
0.103389
-0.022249
0.053786
-0.008195
-0.070780
-0.008382
-0.010944
0.032306
0.054654
0.076808
0.084688
-0.010889
0.011988
0.071638
0.019448
0.045195
0.067516
0.100305
0.092278
0.098939
0.103923
-0.009075
0.031549
0.030954
0.026108
0.046963
0.021578
0.044279
0.038693
-0.016862
-0.035716
0.052775
0.010212
0.080386
0.021961
-0.023227
0.123269
0.078609
0.063466
0.009611
-0.016235
0.043477
-0.043019
0.010544
-0.022334
0.038545
0.085758
0.142538
0.000517
-0.064323
-0.075638
-0.034152
-0.027190
0.029125
0.010207
0.090558
0.153069
0.067500
0.040085
-0.071673
-0.059753
-0.002318
0.034361
0.101366
0.005150
0.020946
0.057553
0.095201
0.001251
0.137164
0.111919
0.027774
0.023654
0.040999
0.229557
0.107532
0.092001
0.112157
0.114248
0.017789
0.081346
0.082862
0.065580
0.042687
0.054400
0.032198
0.048056
0.010088
0.082754
0.112489
0.023230
0.027573
0.104595
-0.087589
0.006761
0.050059
-0.029475
0.044670
0.085119
0.130445
0.050232
0.044027
0.046166
-0.004284
0.019443
0.018639
0.092518
0.072524
0.023851
0.112827
0.075371
-0.005279
-0.032932
0.024835
-0.054027
0.101940
0.060337
-0.027316
0.089586
0.166360
0.140070
0.206348
0.114534
0.088852
0.036910
0.067051
0.086925
0.061731
0.109632
0.080844
0.153548
0.058300
0.001077
-0.078782
-0.021997
0.043069
-0.001915
0.011770
0.047112
0.069739
0.056702
0.054479
0.021761
0.115255
0.114216
0.051309
0.012427
-0.022696
-0.047775
-0.027887
-0.020326
0.075035
0.053666
0.040498
0.001470
0.030146
0.018288
0.104495
0.086603
0.033015
0.074234
0.079264
0.044342
-0.005918
0.135840
0.108415
0.026501
0.084638
0.062166
0.082210
0.079248
-0.072144
-0.032295
0.069681
-0.091053
0.073076
0.070352
0.079961
0.018857
0.092453
0.180330
0.028283
0.091044
0.059700
0.007448
-0.018199
-0.013739
0.043012
0.051204
0.007684
0.026123
0.100513
0.132503
0.086043
0.068835
0.091111
-0.026205
-0.061730
0.057653
0.047631
-0.031090
0.142127
0.049825
0.068024
-0.042986
-0.048534
0.085511
0.056316
0.123857
-0.027757
-0.018513
0.035743
0.048650
-0.028234
0.012601
-0.011491
-0.052836
-0.065721
-0.052349
-0.055241
-0.040885
0.053981
0.035621
0.042733
0.084799
0.017807
0.100893
0.097055
-0.062485
0.068794
0.078293
0.122155
-0.039373
0.009244
0.052046
-0.077244
0.050406
0.056236
0.020157
0.049627
0.073072
0.099802
0.109571
0.009568
0.086762
-0.005291
0.080939
0.032504
0.050427
0.052661
0.098101
0.137115
0.000238
0.012816
0.082969
0.083912
0.130421
0.087131
0.119085
0.138477
0.074135
0.143486
0.138295
0.092661
0.018242
-0.008837
0.033434
0.038777
0.048885
0.017830
-0.062395
-0.045843
0.084056
0.047896
0.085918
0.154460
0.084101
0.066623
0.076066
0.063104
0.081818
0.082068
-0.034631
0.021819
0.118289
0.130108
0.145094
0.139310
0.069885
0.035345
-0.019674
0.000002
0.085670
0.012331
-0.079396
0.098243
0.100702
0.085741
0.003762
0.045465
-0.012527
0.041259
0.026591
-0.018545
0.010152
0.044157
0.071132
0.052713
0.099311
0.056521
0.072895
0.033717
0.070197
0.105378
0.048154
0.085692
0.060527
0.116182
0.088939
0.054760
0.061756
0.033261
0.018279
0.028089
-0.031318
0.023604
0.205463
0.079097
0.020201
0.057248
0.024133
0.031809
0.069097
0.064259
0.069698
0.072387
0.180577
0.121289
0.077509
0.088314
0.056361
-0.074775
0.085084
0.140551
0.036833
0.042518
0.063189
0.027313
0.010583
0.115703
0.096476
-0.002475
-0.002377
0.014619
-0.050686
0.002512
-0.006049
0.149374
0.040774
0.010499
-0.016559
-0.000546
0.032699
0.062537
0.104005
0.088539
-0.026065
0.072290
0.015923
0.003514
0.056306
0.011476
0.041397
0.117638
0.043056
0.061729
-0.080286
0.064408
0.116000
-0.011273
0.072577
0.037244
0.065538
0.016686
0.138665
0.070017
-0.019828
0.043499
0.073366
0.010823
0.049491
0.045861
0.042872
0.037168
0.012610
0.044992
0.091279
0.037318
0.008035
0.058979
0.063550
0.002369
0.004716
0.044766
0.157636
0.112029
0.033863
0.137330
0.009620
0.077503
0.049290
-0.102055
-0.026899
0.009351
0.006130
0.001968
0.064895
0.122395
0.057420
0.080531
0.175483
0.141707
0.091800
0.039110
0.103137
0.081215
0.080672
0.052859
0.131257
0.076004
0.040056
-0.069373
-0.071892
0.013039
0.078981
0.151056
0.016214
0.065767
0.105463
-0.029810
0.065170
0.095963
0.053176
0.016962
0.058192
0.058932
0.017351
0.017385
0.050002
0.030294
0.038129
-0.030225
0.065638
0.047722
0.050381
-0.042635
0.043838
0.018801
0.059133
-0.011571
-0.026886
0.065219
-0.028647
0.020934
0.063205
0.079541
0.040219
0.084514
0.061652
0.080243
0.076968
0.081888
0.052803
0.130501
0.117343
0.088540
-0.033960
-0.018802
-0.025698
-0.001123
0.073625
0.085911
0.022731
-0.002890
0.051646
0.046848
0.123133
0.050352
-0.079140
0.076621
0.046366
-0.036728
0.121377
-0.000863
0.030902
0.011835
0.015937
0.053181
0.109482
0.052676
0.127502
0.136591
0.071309
0.047341
0.096260
0.074970
0.047606
-0.006559
0.023831
0.019820
-0.031879
0.042969
0.063837
-0.000758
0.110018
0.151704
0.042280
-0.029696
0.031565
0.013897
-0.043125
0.037582
0.015379
0.076931
0.084118
0.057297
0.083962
0.068954
0.063234
0.008591
0.003888
0.004696
0.084196
0.124836
0.072011
0.040033
0.011204
0.126073
0.051509
0.057562
-0.035308
0.064255
0.056790
-0.038162
0.148085
0.074459
0.136304
0.047392
0.014916
0.018326
0.014564
0.097726
0.059308
0.014740
-0.013022
0.023591
0.041455
0.057447
0.035506
0.136320
-0.059008
0.115982
0.248549
0.107604
0.087740
-0.016041
-0.015054
0.084658
0.082671
0.168497
-0.013872
-0.023993
-0.003795
0.022383
-0.000124
0.011151
0.025492
0.015846
0.040225
0.145799
0.100038
0.002721
0.067608
0.133178
0.007427
0.040650
0.012452
0.010973
0.026105
0.079462
-0.003199
0.051674
-0.024630
0.028666
0.055633
0.118908
0.061651
0.120526
0.028726
0.070408
0.009272
-0.018587
-0.047738
0.043427
0.134379
0.050949
0.059912
-0.007726
0.099200
0.049939
0.075899
0.081543
0.035511
0.027517
-0.003202
0.052217
0.026935
0.076106
0.015453
0.043720
0.061874
0.057154
0.046474
0.118302
0.033068
0.004076
0.078332
0.099228
0.008622
0.101591
-0.053823
0.074817
0.138812
0.043876
0.074451
0.109085
0.033331
0.096425
0.089791
0.111597
0.045215
0.041590
0.139878
0.163230
-0.005148
-0.031738
0.007577
-0.018435
0.043150
0.026139
0.055410
0.089501
0.070584
0.062109
0.009643
0.018106
-0.028112
0.021481
0.039420
0.033000
0.003526
0.005424
-0.052183
-0.011418
-0.001978
0.004124
-0.047285
-0.019691
-0.036084
0.032595
0.167979
0.043723
0.060962
0.008344
-0.013567
0.061181
0.104108
0.038652
0.000318
0.029369
0.040504
0.016477
0.144513
0.095842
0.039972
0.018011
0.065862
0.081345
0.090680
0.041998
0.137284
0.111519
0.020865
0.060194
0.015584
-0.015082
-0.009452
0.029506
-0.103007
0.006559
0.005042
-0.044694
-0.081285
-0.021072
0.000278
0.056805
0.093371
-0.015036
-0.028313
-0.006370
-0.047114
-0.095596
-0.053255
0.010215
0.044307
-0.027531
-0.045556
0.069562
0.056290
0.067933
0.077622
0.008184
-0.052062
-0.005739
0.061109
0.063130
0.077579
0.087301
0.078453
-0.028046
-0.010353
0.024143
0.098291
0.090709
0.083573
0.092366
0.179663
0.107943
0.019235
0.112829
0.087133
0.001548
-0.002470
-0.004414
-0.000994
-0.037218
0.076789
0.145395
0.089967
0.149409
0.074711
0.018646
0.026889
0.041354
0.083376
0.083801
0.115335
0.087644
0.060057
0.046637
0.057482
0.018932
0.034226
0.068625
0.023220
-0.004198
0.058748
-0.028369
0.045477
0.046704
-0.007285
0.032288
-0.074876
-0.019105
0.061694
0.030664
0.073054
0.077113
-0.038701
0.025866
0.050572
0.070407
0.043846
0.077908
0.042123
-0.013614
0.038345
0.030044
-0.023229
0.029750
0.008399
0.030135
0.114702
-0.030559
0.015017
0.040771
0.046884
0.074029
-0.025000
-0.012155
0.034713
-0.006748
0.054560
-0.007754
-0.026223
0.039247
0.050855
0.128798
0.091589
0.074205
0.069587
0.056823
-0.032969
0.011097
0.025365
-0.004670
0.039137
0.034884
0.112580
0.001443
0.013516
0.098838
0.085360
0.114119
-0.056883
0.027681
0.037824
0.002926
0.088943
0.072818
0.070552
0.069419
0.056956
0.075731
0.027166
0.044300
0.142042
0.051257
-0.053458
0.012873
0.067314
0.026342
0.073538
0.059874
0.080691
0.043420
0.012862
0.010702
0.038543
-0.062482
-0.009858
-0.014876
0.037368
0.027469
0.048833
0.087018
0.104195
0.162877
0.060264
0.073094
0.015978
-0.006036
0.069247
0.011866
0.032438
0.074567
0.029583
-0.016336
0.041648
0.069617
0.015430
-0.029803
-0.113259
0.040843
0.085560
0.125574
0.013591
-0.043380
0.025972
-0.056428
0.047369
0.132680
0.073347
0.109171
0.004939
-0.010122
0.022571
-0.057969
0.020474
0.057216
0.044829
-0.008099
0.034890
0.027792
0.055301
0.093755
0.111533
0.168057
0.093381
0.086282
0.074051
0.131217
0.085586
0.007849
-0.037877
0.016385
0.037079
0.073661
0.177951
-0.018250
0.028242
0.143671
0.062900
0.102834
0.091944
0.127427
0.057942
0.065944
0.108726
0.030539
0.062422
0.041243
0.017814
0.116849
0.072255
0.060257
0.082026
0.062254
0.060642
0.027785
0.065206
0.075927
0.092767
0.118528
0.039042
-0.037503
-0.003795
0.022015
-0.042523
0.007244
0.022838
-0.018440
0.126937
0.043859
-0.011616
0.024332
0.094468
0.061716
0.022529
0.106622
0.031817
-0.043162
-0.067682
0.021739
-0.037405
0.018599
0.028916
-0.014920
-0.075163
0.018466
0.092364
0.040214
0.089175
0.113237
0.036499
0.086920
0.003838
0.023071
-0.042575
-0.113511
0.033402
0.060644
0.027396
0.031657
0.053135
0.032278
0.110241
0.004671
0.013104
0.106648
0.133538
0.111790
0.109902
0.174859
0.076574
0.071664
0.132894
0.118594
0.068707
0.138407
0.073015
0.007239
0.118565
0.093478
0.030578
0.096987
0.131947
0.095186
0.125199
0.034274
0.083692
0.047844
0.101125
0.025836
0.046224
-0.004888
-0.032828
0.043395
0.068129
0.009489
0.039240
-0.054738
-0.033484
0.045115
-0.038962
0.004445
0.090981
0.030480
0.040247
-0.025461
0.059425
0.007931
0.063677
0.022179
0.018058
0.086088
0.061033
0.090168
0.130294
0.015147
-0.032528
0.004624
0.100318
0.049406
0.148202
0.040526
0.027114
0.156579
0.171437
0.095367
0.036704
0.082217
0.125743
0.072918
0.119477
0.044509
0.010608
0.048299
0.087266
0.014845
0.055712
0.118402
-0.004957
-0.019951
0.052924
0.102312
0.124732
0.091028
0.103847
-0.010093
-0.023877
0.084093
0.127561
0.053443
0.163985
0.006075
0.043687
-0.039155
0.016882
0.056848
0.030707
0.036871
0.033995
0.115937
0.058175
0.033174
0.080711
0.032551
0.054569
0.015355
-0.032547
-0.024002
-0.001609
0.058604
0.000720
0.067589
0.081675
0.028579
0.109664
0.070339
0.015211
-0.018902
0.006383
0.108764
0.053961
0.004063
0.099014
0.037302
0.018368
-0.047565
-0.044792
-0.169903
-0.040344
0.008098
-0.014989
-0.015480
-0.041439
-0.117621
0.015887
0.092508
-0.001877
-0.078057
0.087397
0.035875
0.110489
0.005609
0.056014
0.078229
0.033907
0.025491
0.057362
0.104223
0.091288
0.042861
0.025017
0.057156
0.069417
0.011079
-0.027646
-0.047690
-0.053740
-0.017850
0.034224
0.076222
0.159916
0.052272
0.028083
0.007437
0.056390
0.114629
0.047914
0.116336
0.164129
0.051585
0.076449
0.060427
0.080725
0.028185
0.005142
0.007952
0.066748
0.031574
0.109796
0.144336
0.161489
0.062861
0.075509
0.100943
-0.037296
-0.020943
-0.065245
0.006815
-0.015630
0.042134
0.032824
0.020345
0.022799
-0.017745
0.025987
0.139718
0.156841
0.099604
0.136421
-0.009908
-0.047244
0.020687
-0.011020
0.139620
0.103572
0.111527
-0.013772
-0.002032
0.033282
0.146333
0.034359
-0.034278
-0.063391
-0.014293
0.038268
0.078358
0.059504
0.116950
0.136202
0.073927
0.073317
-0.055835
0.112773
0.120787
0.104248
0.058239
0.078549
0.090421
0.084610
0.133966
0.039816
0.049485
0.062851
0.112739
-0.031864
0.021700
0.045446
0.061835
0.032853
-0.084807
0.012579
0.024890
-0.012150
-0.010926
-0.063181
0.052089
-0.009156
0.044441
0.093412
-0.015127
0.018916
-0.003184
-0.099790
0.018499
0.002400
0.064032
0.096604
0.025973
-0.019679
0.066452
0.011623
-0.043834
0.062959
0.098152
0.098574
0.055416
0.026109
0.049318
0.065807
0.111856
0.109938
0.092528
0.091084
0.013493
0.050389
0.017168
0.137367
0.119768
0.015177
0.110831
0.132653
0.088499
0.115368
0.033231
-0.082158
0.051599
0.074977
0.145542
0.167193
0.148631
0.182887
0.140039
0.038316
0.025880
0.081027
0.115676
-0.012348
0.057788
-0.040270
-0.031871
0.053737
0.103497
0.036863
0.096110
0.145052
0.072052
0.058309
0.094281
0.118282
0.135995
0.088508
0.147435
0.098225
0.034254
0.049594
0.032916
0.053830
0.033778
0.090386
0.133540
0.026280
-0.016341
0.036809
0.038069
0.037660
0.014792
0.104096
-0.017564
0.004514
0.106507
0.034230
0.023645
0.002583
0.000945
0.102365
0.068714
0.064982
0.049232
0.050685
0.060742
0.016465
0.141453
0.081216
0.035549
0.004300
0.070479
-0.006033
0.070496
-0.042540
0.042522
0.055516
-0.011555
0.147607
0.071193
0.116790
-0.037949
0.065282
0.127805
0.103399
0.066643
-0.021936
-0.054840
-0.072395
-0.014671
0.036064
-0.065628
0.069591
-0.011908
-0.079108
0.072974
0.090051
-0.025132
-0.003250
0.064916
-0.048483
0.048893
0.159829
0.009825
-0.070121
-0.010849
-0.073943
0.046339
0.102768
0.030413
0.123398
0.004662
-0.015226
0.036657
0.061611
0.069235
0.063853
0.084463
0.052750
0.012173
-0.034582
0.032917
-0.012271
0.045843
0.070824
0.084539
0.013674
0.133761
0.080340
0.026314
0.039066
-0.046159
0.108280
0.049924
0.024464
0.135413
-0.005433
0.044123
0.065714
0.060734
0.013945
0.021940
-0.035599
0.076878
0.066279
0.158776
0.117589
0.076472
0.042478
0.065386
0.082326
-0.013625
0.047571
0.025560
0.128827
0.135246
0.131819
0.126838
0.109556
0.078386
0.007244
-0.005952
0.007458
0.040968
0.136634
0.093673
0.014154
0.056331
-0.023496
0.022043
-0.048814
-0.024788
0.073686
-0.040479
0.074821
0.094564
0.060181
0.124064
0.092789
0.089858
0.048819
0.048196
0.021369
-0.031876
0.058151
0.018657
0.032020
0.097832
0.150468
0.101609
0.050684
0.074325
0.177449
0.096501
0.073536
0.105860
0.135969
0.076083
0.083409
0.074873
0.044128
0.018783
0.078226
0.040784
0.075190
0.087999
0.074961
0.182290
0.071426
0.082414
0.149675
0.024856
0.036480
0.092670
0.045318
0.057162
0.001553
0.014107
0.058046
0.022691
-0.034753
0.050358
0.056901
-0.006401
0.043831
0.073166
0.035856
0.131051
0.069091
0.076995
0.123463
0.039787
0.038588
0.087159
0.064075
0.011953
0.026038
0.097020
-0.025099
-0.060172
-0.026690
0.036930
0.121025
0.140606
0.120684
0.170316
0.040266
0.054776
0.099245
0.038807
0.023235
-0.017919
0.091622
0.150937
0.123121
0.072275
0.059296
0.027559
0.057116
0.043600
0.164537
0.130039
0.108840
0.016799
0.005872
0.087499
0.040826
-0.024584
0.046140
-0.005939
0.053871
0.091292
0.050201
0.049571
0.101025
0.132041
0.059914
0.027610
-0.004044
0.046581
0.082941
0.034689
0.053434
0.055971
-0.038181
-0.024436
-0.041994
0.021847
0.056155
-0.029067
0.009763
0.102398
0.013293
0.005675
0.097523
0.100655
-0.014212
0.071049
0.061024
0.025481
0.058020
0.088024
0.109205
0.148927
0.203415
0.023798
-0.055380
0.116657
0.013776
0.015817
0.041121
0.111182
0.082012
0.022996
-0.017489
0.103516
0.019447
0.006452
0.106106
-0.052107
0.028076
0.061774
-0.026364
0.026852
0.006220
0.034144
0.051430
0.010926
0.005106
0.007460
0.004169
0.026085
0.057448
0.108972
0.068181
0.073973
0.016636
0.042371
0.076778
0.072604
0.077927
0.117746
0.108248
0.085570
0.048477
0.033475
0.077137
0.121871
0.101316
0.005195
-0.017989
0.013405
-0.002118
-0.114258
-0.022181
-0.023799
0.049915
0.028299
0.018667
0.081461
0.072803
0.133416
0.039198
0.092980
0.045521
0.086600
0.005770
-0.000371
-0.030775
0.017879
0.007967
-0.015007
-0.031665
-0.068929
-0.070694
0.021136
0.069841
-0.076945
0.029942
0.030396
-0.016639
0.004338
-0.028942
0.050002
0.069189
0.039890
0.030639
-0.004463
-0.037394
