0	10810	30	30	30	
50000	30	30	30	30	30	30	30	30	30	30	30	30	30	30	30	30	30	30	30	30	30	30	30	30	30	30	30	30	30	30	30	30	30	30	30	30	30	30	30	30	30	30	30	30	30	30	30	30	30	30	30	30	30	30	30	30	30	30	30	30	30	30	30	30	30	30	30	30	30	30	30	30	30	30	30	30	30	30	30	30	30	30	30	30	30	30	30	30	30	30	30	30	30	30	30	30	30	30	30	30	30	30	30	30	30	30	30	30	30	30	30	30	30	30	30	30	30	30	30	30	30	30	30	30	30	30	30	30	30	30	30	30	30	30	30	30	30	30	30	30	30	30	30	30	30	30	30	30	30	30	30	30	30	30	30	30	30	30	30	30	30	30	30	30	30	30	30	30	30	30	30	30	30	30	30	30	30	30	30	30	30	30	30	30	30	30	30	30	30	30	30	30	30	30	30	30	30	30	30	30	30	30	30	30	30	30	30	30	30	30	30	30	30	30	30	30	30	30	30	30	30	30	30	30	30	30	30	30	30	30	30	30	30	30	30	30	30	30	30	30	30	30	30	30	30	30	30	30	30	30	30	30	30	30	30	30	30	30	30	30	30	30	30	30	30	30	30	30	30	30	30	30	30	30	30	30	30	30	30	30	30	30	30	30	30	30	30	30	30	30	30	30	30	30	30	30	30	30	30	30	19	19	19	19	19	19	19	19	19	19	19	19	19	19	19	19	19	19	19	19	19	19	19	19	19	19	19	19	19	19	19	19	19	19	19	19	19	19	19	19	19	19	19	19	19	19	19	19	19	19	19	19	19	19	19	19	19	19	19	19	19	19	19	19	19	19	19	19	19	19	19	19	19	19	19	19	19	19	19	19	19	19	19	19	19	19	19	19	19	19	19	19	19	19	19	19	19	19	19	19	
100000	10840	30	30	
150000	10870	30	
200000	10780	30	30	30	30	
250000	10870	30	
300000	10870	30	
350000	10870	30	
400000	10810	30	30	30	
450000	10840	30	30	
500000	10840	30	30	
550000	10780	30	30	30	30	
600000	10840	30	30	
650000	10840	30	30	
700000	10840	30	30	
750000	10840	30	30	
800000	10870	30	
850000	10840	30	30	
900000	10870	30	
950000	10870	30	
1000000	10840	30	30	
1050000	10870	30	
1100000	10840	30	30	
1150000	10840	30	30	
1200000	10870	30	
1250000	10840	30	30	
1300000	10870	30	
1350000	10840	30	30	
1400000	30	10750	30	30	30	30	
1450000	10840	30	30	
1500000	10840	30	30	
1550000	10840	30	30	
1600000	10870	30	
1650000	10870	30	
1700000	10870	30	
1750000	10870	30	
1800000	10870	30	
1850000	10840	30	30	
1900000	10870	30	
1950000	10840	30	30	
2000000	10900	
2050000	10840	30	30	
2100000	10870	30	
2150000	10810	30	30	30	
2200000	10900	
2250000	10870	30	
2300000	10870	30	
2350000	10900	
2400000	10870	30	
2450000	10810	30	30	30	
2500000	10900	
2550000	10840	30	30	
2600000	10870	30	
2650000	10900	
2700000	10840	30	30	
2750000	10840	30	30	
2800000	10870	30	
2850000	10840	30	30	
2900000	10870	30	
2950000	10840	30	30	
3000000	10900	
3050000	10870	30	
3100000	10840	30	30	
3150000	10840	30	30	
3200000	10840	30	30	
3250000	10870	30	
3300000	10870	30	
3350000	10870	30	
3400000	10870	30	
3450000	10870	30	
3500000	10900	
3550000	10900	
3600000	10900	
3650000	10870	30	
3700000	10870	30	
3750000	10900	
3800000	30	10870	
3850000	10900	
3900000	10870	30	
3950000	10900	
4000000	10870	30	
4050000	10840	30	30	
4100000	10870	30	
4150000	10900	
4200000	10900	
4250000	10900	
4300000	10900	
4350000	10900	
4400000	10870	30	
4450000	10900	
4500000	10870	30	
4550000	10870	30	
4600000	10840	30	30	
4650000	10900	
4700000	10900	
4750000	10900	
4800000	10870	30	
4850000	10900	
4900000	10870	30	
4950000	10840	30	30	
5000000	10900	
5050000	10840	30	30	
5100000	10900	
5150000	10900	
5200000	10870	30	
5250000	10870	30	
5300000	10900	
5350000	10870	30	
5400000	10900	
5450000	10900	
5500000	10870	30	
5550000	10900	
5600000	10900	
5650000	10870	30	
5700000	10900	
5750000	10810	30	30	30	
5800000	10900	
5850000	10870	30	
5900000	10870	30	
5950000	10900	
6000000	10870	30	
6050000	10840	30	30	
6100000	