# Time-averaged data for fix rgnetA
# TimeStep c_gyrA
10000 32.1628
20000 32.1356
30000 32.1466
40000 32.1554
50000 32.16
60000 32.1625
70000 32.166
80000 32.1663
90000 32.1677
100000 32.1714
110000 32.1794
120000 32.1867
130000 32.1936
140000 32.2004
150000 32.2077
160000 32.2145
170000 32.2202
180000 32.2266
190000 32.2328
200000 32.2388
210000 32.2443
220000 32.2475
230000 32.2512
240000 32.254
250000 32.2557
260000 32.2581
270000 32.2605
280000 32.2635
290000 32.2679
300000 32.2728
310000 32.2771
320000 32.2805
330000 32.2839
340000 32.2883
350000 32.293
360000 32.2971
370000 32.3002
380000 32.303
390000 32.3055
400000 32.3077
410000 32.3092
420000 32.3121
430000 32.3153
440000 32.3179
450000 32.3195
460000 32.3217
470000 32.3241
480000 32.3272
490000 32.3303
500000 32.3334
510000 32.3369
520000 32.34
530000 32.3434
540000 32.3464
550000 32.3489
560000 32.3516
570000 32.3542
580000 32.3559
590000 32.3573
600000 32.3588
610000 32.3604
620000 32.3623
630000 32.3643
640000 32.3667
650000 32.3687
660000 32.371
670000 32.374
680000 32.3775
690000 32.3813
700000 32.3854
710000 32.3896
720000 32.394
730000 32.3982
740000 32.4025
750000 32.4069
760000 32.4107
770000 32.4142
780000 32.4173
790000 32.4202
800000 32.4226
810000 32.4257
820000 32.4292
830000 32.4326
840000 32.436
850000 32.4389
860000 32.4417
870000 32.4445
880000 32.4467
890000 32.4488
900000 32.4509
910000 32.4524
920000 32.4536
930000 32.4553
940000 32.457
950000 32.4587
960000 32.4604
970000 32.4624
980000 32.4646
990000 32.4665
1000000 32.4678
1010000 32.4689
1020000 32.4703
1030000 32.4718
1040000 32.4736
1050000 32.4753
1060000 32.4774
1070000 32.4799
1080000 32.4824
1090000 32.4846
1100000 32.4871
1110000 32.4896
1120000 32.4922
1130000 32.4946
1140000 32.4971
1150000 32.4996
1160000 32.5017
1170000 32.5037
1180000 32.5055
1190000 32.5077
1200000 32.51
1210000 32.5123
1220000 32.5148
1230000 32.5172
1240000 32.5195
1250000 32.5217
1260000 32.5238
1270000 32.5258
1280000 32.5279
1290000 32.5301
1300000 32.5321
1310000 32.5336
1320000 32.5349
1330000 32.5363
1340000 32.5381
1350000 32.5395
1360000 32.5414
1370000 32.5436
1380000 32.5459
1390000 32.5485
1400000 32.5511
1410000 32.5536
1420000 32.5562
1430000 32.5587
1440000 32.5608
1450000 32.5628
1460000 32.5648
1470000 32.5664
1480000 32.568
1490000 32.5697
1500000 32.5715
1510000 32.5735
1520000 32.5754
1530000 32.5772
1540000 32.5791
1550000 32.5807
1560000 32.5825
1570000 32.5843
1580000 32.5862
1590000 32.5882
1600000 32.5902
1610000 32.5924
1620000 32.5944
1630000 32.5964
1640000 32.5983
1650000 32.6
1660000 32.6018
1670000 32.6035
1680000 32.6051
1690000 32.6066
1700000 32.6082
1710000 32.61
1720000 32.6116
1730000 32.6132
1740000 32.6147
1750000 32.6162
1760000 32.6177
1770000 32.6194
1780000 32.621
1790000 32.6229
1800000 32.6247
1810000 32.6263
1820000 32.6277
1830000 32.6293
1840000 32.631
1850000 32.6325
1860000 32.6343
1870000 32.6362
1880000 32.6384
1890000 32.6406
1900000 32.6428
1910000 32.645
1920000 32.6471
1930000 32.6492
1940000 32.6514
1950000 32.6535
1960000 32.6556
1970000 32.6577
1980000 32.6598
1990000 32.6615
2000000 32.6635
2010000 32.6654
2020000 32.6672
2030000 32.6688
2040000 32.6703
2050000 32.672
2060000 32.6738
2070000 32.6755
2080000 32.6771
2090000 32.6785
2100000 32.68
2110000 32.6815
2120000 32.6831
2130000 32.6847
2140000 32.686
2150000 32.6873
2160000 32.6885
2170000 32.6897
2180000 32.6909
2190000 32.6921
2200000 32.6932
2210000 32.6945
2220000 32.6959
2230000 32.6974
2240000 32.6989
2250000 32.7006
2260000 32.7021
2270000 32.7037
2280000 32.7051
2290000 32.7066
2300000 32.7082
2310000 32.7099
2320000 32.7119
2330000 32.7141
2340000 32.7161
2350000 32.7182
2360000 32.7202
2370000 32.722
2380000 32.7239
2390000 32.7258
2400000 32.7278
2410000 32.7297
2420000 32.7315
2430000 32.7333
2440000 32.735
2450000 32.7366
2460000 32.738
2470000 32.7395
2480000 32.7411
2490000 32.7427
2500000 32.7445
2510000 32.7463
2520000 32.7481
2530000 32.7498
2540000 32.7515
2550000 32.7533
2560000 32.755
2570000 32.7569
2580000 32.7587
2590000 32.7606
2600000 32.7625
2610000 32.7644
2620000 32.7662
2630000 32.7681
2640000 32.77
2650000 32.7719
2660000 32.7737
2670000 32.7754
2680000 32.7771
2690000 32.7789
2700000 32.7805
2710000 32.7821
2720000 32.7835
2730000 32.785
2740000 32.7867
2750000 32.7884
2760000 32.7901
2770000 32.7918
2780000 32.7937
2790000 32.7957
2800000 32.7976
2810000 32.7997
2820000 32.8018
2830000 32.8039
2840000 32.806
2850000 32.8081
2860000 32.8103
2870000 32.8125
2880000 32.8146
2890000 32.8168
2900000 32.819
2910000 32.8212
2920000 32.8236
2930000 32.8258
2940000 32.828
2950000 32.8303
2960000 32.8325
2970000 32.8348
2980000 32.837
2990000 32.839
3000000 32.8407
3010000 32.8426
3020000 32.8447
3030000 32.8469
3040000 32.8491
3050000 32.8514
3060000 32.8535
3070000 32.8558
3080000 32.8582
3090000 32.8605
3100000 32.8628
3110000 32.865
3120000 32.867
3130000 32.869
3140000 32.871
3150000 32.8732
3160000 32.8754
3170000 32.8777
3180000 32.8799
3190000 32.8821
3200000 32.8841
3210000 32.8862
3220000 32.8883
3230000 32.8903
3240000 32.8922
3250000 32.8941
3260000 32.8961
3270000 32.8979
3280000 32.8997
3290000 32.9015
3300000 32.9034
3310000 32.9055
3320000 32.9077
3330000 32.9099
3340000 32.9122
3350000 32.9144
3360000 32.9165
3370000 32.9187
3380000 32.9209
3390000 32.923
3400000 32.9251
3410000 32.9272
3420000 32.9293
3430000 32.9313
3440000 32.9334
3450000 32.9355
3460000 32.9376
3470000 32.9396
3480000 32.9416
3490000 32.9436
3500000 32.9456
3510000 32.9475
3520000 32.9495
3530000 32.9514
3540000 32.9533
3550000 32.9551
3560000 32.957
3570000 32.9587
3580000 32.9606
3590000 32.9624
3600000 32.9643
3610000 32.9662
3620000 32.9679
3630000 32.9697
3640000 32.9714
3650000 32.9732
3660000 32.975
3670000 32.9768
3680000 32.9784
3690000 32.9799
3700000 32.9813
3710000 32.9827
3720000 32.9841
3730000 32.9855
3740000 32.9869
3750000 32.9884
3760000 32.9898
3770000 32.9913
3780000 32.9927
3790000 32.9941
3800000 32.9955
3810000 32.997
3820000 32.9984
3830000 32.9998
3840000 33.0011
3850000 33.0025
3860000 33.0038
3870000 33.0051
3880000 33.0065
3890000 33.008
3900000 33.0095
3910000 33.011
3920000 33.0125
3930000 33.014
3940000 33.0155
3950000 33.017
3960000 33.0184
3970000 33.0199
3980000 33.0214
3990000 33.0228
4000000 33.0242
4010000 33.0256
4020000 33.0269
4030000 33.028
4040000 33.0293
4050000 33.0305
4060000 33.0318
4070000 33.033
4080000 33.0343
4090000 33.0357
4100000 33.0372
4110000 33.0388
4120000 33.0403
4130000 33.0418
4140000 33.0432
4150000 33.0446
4160000 33.046
4170000 33.0475
4180000 33.0489
4190000 33.0502
4200000 33.0515
4210000 33.0529
4220000 33.0543
4230000 33.0557
4240000 33.057
4250000 33.0583
4260000 33.0597
4270000 33.0609
4280000 33.0622
4290000 33.0634
4300000 33.0646
4310000 33.0659
4320000 33.0671
4330000 33.0682
4340000 33.0693
4350000 33.0705
4360000 33.0717
4370000 33.0729
4380000 33.0741
4390000 33.0753
4400000 33.0764
4410000 33.0775
4420000 33.0786
4430000 33.0797
4440000 33.0808
4450000 33.0819
4460000 33.083
4470000 33.0841
4480000 33.0854
4490000 33.0866
4500000 33.0879
4510000 33.089
4520000 33.0901
4530000 33.0911
4540000 33.0921
4550000 33.0932
4560000 33.0943
4570000 33.0954
4580000 33.0964
4590000 33.0975
4600000 33.0985
4610000 33.0995
4620000 33.1004
4630000 33.1013
4640000 33.1021
4650000 33.103
4660000 33.1039
4670000 33.1048
4680000 33.1056
4690000 33.1064
4700000 33.1072
4710000 33.108
4720000 33.1088
4730000 33.1097
4740000 33.1105
4750000 33.1114
4760000 33.1123
4770000 33.1132
4780000 33.1141
4790000 33.1151
4800000 33.1162
4810000 33.1173
4820000 33.1183
4830000 33.1194
4840000 33.1204
4850000 33.1213
4860000 33.1223
4870000 33.1232
4880000 33.1242
4890000 33.1253
4900000 33.1264
4910000 33.1276
4920000 33.1288
4930000 33.13
4940000 33.1311
4950000 33.1321
4960000 33.133
4970000 33.134
4980000 33.135
4990000 33.1361
5000000 33.1373
5010000 33.1384
5020000 33.1396
5030000 33.1408
5040000 33.142
5050000 33.1432
5060000 33.1444
5070000 33.1456
5080000 33.1468
5090000 33.148
5100000 33.1491
5110000 33.1502
5120000 33.1512
5130000 33.1523
5140000 33.1532
5150000 33.1542
5160000 33.1553
5170000 33.1563
5180000 33.1574
5190000 33.1586
5200000 33.1597
5210000 33.1609
5220000 33.162
5230000 33.1631
5240000 33.1641
5250000 33.1652
5260000 33.1663
5270000 33.1673
5280000 33.1684
5290000 33.1694
5300000 33.1705
5310000 33.1717
5320000 33.173
5330000 33.1742
5340000 33.1755
5350000 33.1769
5360000 33.1783
5370000 33.1798
5380000 33.1813
5390000 33.1827
5400000 33.1842
5410000 33.1857
5420000 33.1872
5430000 33.1886
5440000 33.19
5450000 33.1913
5460000 33.1925
5470000 33.1938
5480000 33.1951
5490000 33.1963
5500000 33.1975
5510000 33.1987
5520000 33.2
5530000 33.2012
5540000 33.2024
5550000 33.2037
5560000 33.205
5570000 33.2062
5580000 33.2073
5590000 33.2084
5600000 33.2095
5610000 33.2107
5620000 33.2118
5630000 33.2129
5640000 33.214
5650000 33.215
5660000 33.2161
5670000 33.2172
5680000 33.2181
5690000 33.2192
5700000 33.2203
5710000 33.2215
5720000 33.2227
5730000 33.2238
5740000 33.2249
5750000 33.2259
5760000 33.2269
5770000 33.228
5780000 33.2291
5790000 33.2301
5800000 33.2312
5810000 33.2323
5820000 33.2335
5830000 33.2347
5840000 33.2359
5850000 33.2371
5860000 33.2382
5870000 33.2393
5880000 33.2405
5890000 33.2416
5900000 33.2426
5910000 33.2436
5920000 33.2447
5930000 33.2458
5940000 33.247
5950000 33.2482
5960000 33.2494
5970000 33.2506
5980000 33.2517
5990000 33.2529
6000000 33.2541
