2.379063
0.939882
0.618398
0.255644
0.207673
0.194928
0.230063
0.230562
0.227875
0.284859
0.203892
0.160463
0.223074
0.247282
0.209117
0.198488
0.159815
0.169824
0.150802
0.191849
0.119327
0.101343
0.053054
0.112080
0.195665
0.082772
0.126891
0.106494
0.160758
0.143815
0.146699
0.093926
0.151074
0.178143
0.143202
0.123451
0.194604
0.207752
0.067273
0.163498
0.061705
0.087363
0.142120
0.155884
0.098806
0.162854
0.182485
0.018505
0.129502
0.044550
0.014020
0.077022
0.087610
0.083193
0.165658
0.042252
0.074232
0.123402
0.184297
0.186035
0.037545
0.074673
0.048016
0.105854
0.130241
0.127871
0.216845
0.178780
0.174614
0.021994
0.167529
0.135817
0.128089
0.079883
0.096075
0.097563
0.179868
0.155653
0.169966
0.056853
0.101522
0.087361
0.052421
-0.039117
0.009115
0.075167
0.006416
-0.003423
0.010756
0.029236
0.094979
0.106723
0.181738
0.092130
0.037247
0.120777
0.063407
0.061488
-0.011748
0.007639
0.126151
0.117289
0.034905
0.104860
0.060905
0.100598
0.195472
0.178750
0.109850
0.100306
0.032543
-0.020188
0.078645
0.062576
0.157416
0.098664
0.047839
-0.005599
-0.040036
0.185597
0.178107
0.156357
0.154315
0.091067
0.110314
-0.008149
0.059107
0.008237
-0.028830
0.034535
0.143157
0.133066
0.106806
0.141125
0.080672
-0.010806
0.025146
0.113989
0.139645
0.045467
-0.029180
0.105771
0.108777
0.168174
0.072776
0.006893
0.057640
0.064669
0.006192
0.054160
0.099412
0.059911
0.087267
0.112547
0.118822
0.069689
-0.014286
0.012803
0.031531
-0.019113
0.114381
0.024020
-0.048566
0.055588
0.095253
0.032058
0.050561
0.058155
0.031665
-0.028952
0.014374
0.006915
0.122298
0.092473
0.015963
0.117171
0.043627
0.119493
0.028159
0.061404
0.105728
0.074339
0.121943
0.117068
-0.014913
0.035027
0.060286
0.118931
0.109402
0.054333
0.092958
0.092583
0.102013
0.053951
0.087781
0.086185
0.002288
0.041860
0.086569
0.097970
0.083151
0.106706
0.045305
0.059039
0.089186
0.025532
0.043249
0.053189
0.046188
0.106433
0.099111
0.133826
0.069669
0.072047
0.115609
0.041727
0.137359
0.080074
0.136868
0.136535
0.143313
0.067659
0.155850
0.058419
-0.036983
0.016272
0.044178
0.111578
0.103940
0.036847
0.048741
0.066231
0.064731
0.091391
0.068279
0.077892
0.018301
0.021530
0.038970
-0.038329
0.122958
0.226083
0.175236
0.126907
0.117680
0.111548
0.128201
-0.030386
0.095044
0.092537
0.100638
0.027569
0.092224
-0.030430
-0.017847
0.025372
0.071615
0.081820
0.050810
0.035929
0.008462
0.139144
0.164594
0.040100
0.087182
0.078833
0.082731
0.165917
0.102975
0.051128
0.066347
-0.015293
0.095744
-0.012070
0.056626
0.050691
0.126402
0.154402
0.087365
0.092970
0.083914
0.154554
0.030778
-0.082861
0.031675
-0.022467
-0.025171
0.039256
-0.000401
0.042804
0.047698
-0.065227
-0.025045
0.022436
0.032957
0.080671
0.037370
0.133123
-0.019262
0.018107
0.032716
-0.015544
0.024642
0.007201
0.072507
0.059679
0.026939
0.042637
0.120339
0.088219
0.039209
0.065827
0.051230
0.155059
0.070329
0.086485
0.073984
-0.030745
0.077016
-0.014979
0.043748
0.062252
0.071232
0.130133
0.083326
0.149913
-0.007915
0.011503
0.021171
-0.025927
0.042200
0.142814
0.111260
0.046570
0.047804
0.125652
0.099383
0.123628
0.158768
0.198034
0.139237
0.076911
0.124005
0.160294
0.047460
0.034654
0.082820
0.063846
0.002117
0.055108
0.188377
0.051620
0.046039
0.105323
0.081453
0.054866
0.147801
0.193929
0.119648
0.049760
0.052388
0.074920
0.131516
0.153197
0.010959
0.021454
0.045610
0.083480
0.067381
0.087971
0.058895
0.036745
0.082040
0.157731
0.156918
0.117312
0.156843
0.069115
0.059049
0.013861
0.065680
0.130254
0.130873
0.091637
0.012487
0.078426
0.095873
0.091014
0.092294
0.052565
0.069852
0.184620
0.060685
0.014684
0.165729
0.179067
0.112226
0.097518
-0.002919
0.034477
0.182248
0.145197
0.204241
0.170433
0.126486
0.062529
0.200414
0.132194
0.014768
0.104702
0.051901
-0.049169
0.007657
0.056538
0.046361
-0.012547
0.005516
0.123350
-0.049356
0.100072
0.109533
0.096331
0.000886
0.128985
0.079919
0.083322
-0.000270
-0.026741
0.144676
0.134156
0.061181
0.068772
0.084389
0.057938
0.057931
0.016603
-0.109779
-0.019459
-0.028073
0.088254
0.101850
0.030266
0.045181
-0.009962
0.008527
0.047176
0.132106
0.150576
0.108024
0.129980
0.141224
0.031397
0.046514
0.065563
0.044455
0.155220
0.092018
0.129278
0.008118
-0.040016
0.047851
0.064484
0.066593
0.105870
0.046800
0.034729
0.075291
0.027244
0.125972
0.057821
0.011013
0.047934
-0.011835
0.060223
0.051793
0.051695
0.134585
0.015452
-0.016350
0.045339
-0.028537
0.001569
0.012945
0.102654
-0.006844
0.091107
0.061337
0.077036
0.048947
0.085190
0.112645
0.142383
0.112361
0.108107
0.107547
-0.013566
-0.074106
0.005456
0.091404
0.143040
0.152017
0.077094
0.067119
0.013720
0.072000
0.012213
0.054128
0.164202
0.132264
0.129513
0.001933
-0.007196
0.061376
0.106552
0.044350
0.053888
0.093200
0.091232
0.087627
0.014381
0.068935
0.222040
0.110808
0.126619
0.118437
-0.011662
0.063907
-0.022463
0.034443
0.068701
-0.003319
0.013825
0.078955
0.059988
-0.004887
0.029608
-0.041844
0.033518
0.054444
0.090992
0.088665
0.097098
0.095612
0.035146
-0.001167
0.008342
0.055334
0.071400
0.074365
0.131076
0.027145
0.105510
0.035052
0.094201
0.077388
0.035671
0.055049
-0.004255
0.082822
0.091958
-0.045728
0.013228
-0.015516
0.063940
0.119993
0.108907
0.065108
0.089347
0.110112
0.049955
-0.010159
0.005776
0.033983
0.164722
0.085326
0.027770
0.084242
0.057782
0.081295
0.033803
0.026024
0.110527
0.094228
0.093814
0.098183
0.047325
0.013891
0.108080
0.035859
0.081558
-0.031828
0.014955
0.070064
-0.009705
0.085438
0.025981
-0.005405
0.063700
0.000233
0.007951
0.065268
0.002684
0.045543
0.019712
0.025468
0.035595
0.029349
0.120858
0.065694
0.111178
0.019446
0.045180
0.013868
0.033170
0.036345
-0.042656
0.025509
0.026320
-0.020116
-0.035627
0.005951
0.065336
0.116940
0.129404
0.037124
0.046858
0.075109
0.027064
0.046096
-0.012521
0.000375
0.080305
0.021573
-0.000327
0.097987
0.077511
0.016457
0.077951
0.135806
0.142983
0.063805
-0.023522
0.107067
0.004267
0.024038
-0.006621
0.014476
0.043363
0.041707
0.028588
0.050009
0.066050
0.065062
0.123264
0.150212
0.055732
0.106549
0.154233
0.085821
0.105335
0.074151
-0.011064
0.065367
0.093359
0.063588
0.124538
0.041981
0.111913
0.074892
0.034755
0.012812
0.063145
0.096063
0.082488
0.075912
0.029633
-0.026626
-0.009120
-0.009903
0.035284
0.033223
0.036574
0.014752
-0.048094
0.014725
0.041764
0.060445
0.035596
-0.027488
-0.010975
-0.015112
0.022552
0.054916
-0.108802
0.024888
0.077361
0.106881
0.017163
0.036006
0.139594
0.114359
0.036704
0.104153
0.087076
-0.051004
0.011452
-0.019521
0.023413
0.045606
0.036981
0.117056
0.095510
0.048082
0.053219
0.082396
0.048095
0.064573
0.030150
-0.084289
0.015429
-0.036762
0.009764
0.151231
0.106665
0.101198
0.082656
0.010975
-0.046918
0.110442
0.042598
0.075265
0.091083
0.103991
0.106790
0.060184
0.034680
0.033918
-0.020543
0.115812
0.142722
0.027053
0.049250
0.030405
0.037109
0.138295
0.101929
0.029793
0.078707
0.013247
0.037454
0.074811
0.072580
0.091286
0.111374
0.088128
0.011673
0.080391
0.036238
0.039995
0.115055
0.002428
0.070431
0.091057
0.050338
0.161455
0.160222
0.064161
0.035846
0.047890
0.089464
0.069009
0.116650
0.136731
0.117858
0.000925
-0.012905
-0.038476
0.080454
0.007569
0.021786
-0.066759
0.046490
0.167874
-0.018032
-0.017671
-0.020257
0.024671
0.033222
0.122787
-0.020620
0.006652
0.073812
0.036158
0.099940
0.050964
0.078290
0.069117
-0.025656
0.047643
0.022601
0.096829
0.031438
0.110035
0.030919
0.090687
0.118435
0.133311
0.161330
0.089403
0.109412
0.072645
0.023588
-0.005127
-0.026205
-0.016475
0.016908
-0.046008
0.105560
0.117437
0.083472
-0.001571
0.011109
0.038357
0.018534
-0.042974
0.048957
0.084931
0.058798
0.074403
0.005931
0.047928
-0.012611
0.039054
-0.015904
0.009596
0.017707
0.073074
0.075361
-0.019933
0.028191
-0.050520
0.012710
-0.057337
0.065616
0.082608
0.116450
0.029504
0.110676
0.036216
-0.057126
-0.041077
0.049897
0.059373
0.042632
0.017129
0.081744
0.071235
0.110609
0.118774
0.015081
0.014284
-0.019804
0.072318
0.031077
0.000915
0.028524
-0.049866
0.021465
0.030340
0.019284
0.074697
0.003920
0.053668
0.039631
0.062409
0.094762
0.063707
0.109802
0.151684
0.128372
0.030905
0.119274
0.067159
0.072182
0.024166
0.085487
0.056456
-0.012068
0.027811
0.056740
0.065760
0.038825
0.026641
0.075943
0.058189
0.078916
0.135459
0.101449
0.200043
0.128784
0.109867
0.040489
0.082995
0.111110
0.089632
0.039007
0.013388
-0.005246
0.070426
0.105771
0.104558
0.044133
0.020185
0.053380
0.053432
0.051911
0.096197
0.048399
0.112169
0.133983
0.166748
0.094452
0.063739
0.001994
0.097977
0.070466
0.033984
0.084938
0.029677
0.087503
0.067074
0.104120
0.040687
0.071437
0.133268
0.020311
0.072702
0.061875
0.027649
0.122003
0.036504
0.081839
0.076365
0.078871
0.086543
0.063727
-0.067686
-0.000531
0.030908
0.077145
0.039447
0.015376
-0.069570
-0.006217
-0.015472
-0.079661
-0.012477
0.036596
0.006469
-0.031512
0.027982
0.052661
0.199731
0.122429
-0.000882
0.039567
0.049502
0.044755
0.086597
-0.011193
0.047137
0.092444
0.085182
0.077914
-0.023843
-0.035292
0.008644
0.014264
0.056114
0.125790
0.162892
0.127312
0.058170
0.078855
0.091441
-0.010704
-0.017716
0.075273
0.004342
0.090476
0.147263
0.085767
0.006553
0.070488
0.070724
0.103117
0.025069
0.010098
0.034719
0.104272
0.150735
0.067569
0.136984
0.118034
-0.006023
0.027780
-0.033884
-0.064248
-0.017403
0.051664
0.028816
0.011251
0.065501
0.055919
0.097113
0.105900
0.088156
0.112801
0.076580
-0.013255
0.094711
0.036514
0.004476
0.067656
-0.009092
0.115826
0.041624
0.101643
0.116928
0.075605
0.059841
0.066494
-0.040246
0.123736
0.101965
-0.036744
0.084606
0.077078
0.048074
0.057230
-0.079269
0.081106
0.055680
0.074012
-0.009971
-0.034785
-0.039012
0.107438
0.041747
0.010377
0.055015
0.041887
0.129589
0.046475
0.092162
0.199712
0.052699
-0.059734
-0.022063
0.105501
-0.047519
-0.034940
0.091275
-0.003015
0.043172
0.084004
0.054746
0.047903
-0.098120
0.035841
0.019427
0.089220
0.101549
0.118893
0.121306
0.051515
0.046882
0.054026
0.014068
0.043973
-0.009317
-0.014474
-0.073289
0.122530
0.051603
-0.016001
0.066085
-0.026493
0.076506
0.099719
0.110947
-0.052188
0.178996
0.109117
0.050657
0.123533
0.051897
0.073356
0.130508
0.091028
0.003329
0.102947
0.082354
0.059343
0.130378
0.269138
0.055069
0.097879
0.145254
0.059897
0.080776
-0.018889
0.025153
0.036814
-0.022955
0.097537
0.069533
0.053851
0.063432
0.053789
0.080659
0.056785
0.006371
-0.004332
0.014600
-0.067445
0.028859
0.122970
0.078403
0.135965
0.195947
0.076084
0.065756
0.062292
0.173589
0.046109
0.041288
0.024659
0.024653
0.074643
0.000273
0.131824
0.117918
0.031890
0.095238
0.169509
0.081046
0.082421
0.064429
0.054896
0.075197
0.033513
-0.000477
0.041422
0.065502
0.056771
-0.029397
-0.017214
-0.021996
-0.096484
-0.015018
-0.048428
0.042318
0.081047
0.017797
0.036995
-0.056291
-0.043692
-0.030695
0.056158
-0.054132
0.009070
0.053683
0.046387
0.007123
0.016309
0.056297
0.064556
0.091117
0.093013
0.153706
0.077134
-0.005285
0.121759
0.126769
0.087094
0.036568
0.079425
0.062755
0.066041
0.180348
0.004459
-0.014079
0.041085
0.099128
-0.015299
0.045990
0.005664
-0.001458
-0.010180
-0.020241
0.050787
-0.013838
0.024249
0.150938
0.015309
0.005964
-0.028682
-0.002283
0.033415
0.106156
0.072361
0.028248
-0.031605
0.092354
0.143582
0.063172
0.076928
0.071835
0.070721
-0.024419
-0.025276
0.037629
-0.013314
-0.044262
0.124154
0.094308
0.002732
0.094552
0.097454
0.045563
0.079327
0.017483
0.132750
0.077147
0.078099
0.032186
-0.022667
-0.021829
0.028035
0.014839
0.032739
0.093264
-0.020439
0.020064
0.005460
0.037582
-0.039669
0.061605
0.001942
0.102022
0.163511
0.047136
-0.014870
0.101547
0.095721
-0.014960
0.039721
-0.027270
0.023262
-0.023864
0.023254
-0.023778
-0.104584
0.015845
-0.038821
-0.029984
0.001807
0.029928
0.063337
0.036206
0.065545
0.093717
0.027538
-0.033756
0.038690
0.085380
0.021037
-0.050732
0.005982
0.017541
0.059613
0.145634
0.046764
0.115498
0.072193
0.036251
0.094446
-0.042133
0.024380
0.100291
0.062977
0.077851
0.077804
0.142354
0.140966
0.098820
0.055275
0.102834
0.032447
0.023906
0.087253
-0.006011
0.019789
-0.040702
0.023564
0.083788
-0.041922
0.051685
0.016118
0.041045
0.068422
0.029800
-0.036717
-0.045945
-0.006645
0.062239
0.057019
0.005026
-0.034520
0.001351
-0.022230
-0.083884
-0.049600
0.007682
-0.035518
0.057748
-0.042188
0.092101
0.095809
0.077830
0.077359
0.050536
0.065358
0.051033
-0.021620
0.036731
0.019582
0.038250
-0.056729
-0.005687
0.027331
-0.020729
0.041596
0.087733
-0.021172
0.057301
0.103065
0.143792
0.069425
0.041861
0.085854
0.063793
0.029493
0.105907
0.018945
-0.023020
0.016833
0.005118
0.031556
0.065686
0.004462
0.109095
0.063907
0.057930
0.108319
0.118905
0.086501
0.186126
0.076994
0.075002
0.105235
0.109588
0.121739
0.086551
0.135016
0.114690
0.054217
0.000956
0.073386
0.049216
0.013521
-0.053629
-0.005423
0.037351
0.081838
0.064600
0.051537
0.116986
0.059382
0.083318
0.101147
0.117632
0.070732
0.071080
0.097528
0.076244
0.015534
-0.030224
-0.051011
0.071021
0.096200
0.060828
0.146117
0.201194
0.004752
-0.053093
0.002233
0.084140
0.027350
0.033324
0.090845
0.125827
0.050954
0.072087
-0.038898
-0.021207
-0.019042
0.023747
-0.028863
0.085147
0.063796
0.028555
0.041746
0.142696
0.143585
0.085689
0.049705
0.100424
0.121088
0.010601
0.033168
0.100843
0.041405
0.027611
0.176500
0.134394
0.050252
0.069145
0.089484
0.041033
0.016031
0.083948
0.071994
0.107989
0.086662
0.041873
0.081183
0.040265
0.112518
0.164219
0.043801
-0.011593
0.045295
0.094990
0.027625
0.046029
0.012246
0.112004
0.029445
0.035050
0.069064
-0.068179
-0.006437
0.111919
0.071342
0.049231
0.045302
-0.016303
-0.015197
0.050477
-0.015643
-0.068047
0.022936
0.067337
0.062720
0.048937
-0.011859
0.135979
0.141347
0.084392
0.061040
0.118052
-0.031611
-0.071874
0.048326
0.026818
-0.033473
0.008137
-0.074372
-0.019843
-0.046495
0.044373
0.115874
0.119140
0.083413
0.084163
0.028433
0.024632
-0.015929
0.027442
0.015688
0.045990
0.111226
0.082715
0.100772
0.017682
-0.025088
0.065782
0.075445
0.035557
0.069242
0.042200
0.113427
0.126467
0.039835
0.151789
0.079042
0.082663
-0.039582
0.016645
-0.010248
-0.019761
0.132163
0.143294
0.005825
0.137626
0.133953
0.142053
0.111012
0.015124
0.016182
-0.007214
-0.039445
0.087071
-0.073279
0.039352
0.109628
0.168439
0.161425
0.068944
0.024553
0.080932
0.029632
-0.071126
0.022513
0.046996
0.152978
0.137382
0.049330
0.089668
-0.008258
-0.021670
-0.041367
0.076400
0.119625
0.090038
0.018114
0.039380
0.068150
0.105367
-0.032334
0.065095
0.065862
0.125052
0.141908
0.169005
0.010757
0.054656
0.123851
0.071745
-0.014721
-0.017841
0.075980
0.002787
-0.002919
-0.027078
-0.023288
0.083843
0.044970
0.107250
0.034375
-0.028293
0.108710
0.008582
-0.049531
-0.153365
-0.053219
-0.047971
-0.016814
0.119216
0.043216
-0.009007
0.051113
0.016702
0.044672
0.053619
0.030865
0.076679
-0.002486
-0.051838
0.078103
-0.023401
0.005661
0.069178
0.047147
0.112518
-0.023970
0.055121
0.032692
0.025028
0.113928
-0.008800
0.026117
-0.075365
0.051688
0.039613
-0.042781
0.025419
0.007495
0.073318
-0.026905
0.001706
0.053444
0.124931
0.022653
0.009107
0.063367
-0.032591
0.068838
0.098736
0.072030
0.055735
0.017825
-0.020760
-0.016855
0.062491
0.035490
0.092817
0.125611
0.004550
0.077168
-0.011774
-0.020305
-0.044674
-0.024234
-0.032646
0.052465
0.029315
0.168585
0.010014
-0.034996
0.054681
-0.001478
0.056323
0.008937
-0.115230
-0.050998
0.039877
0.050527
0.058038
-0.101734
0.052672
0.033715
0.050242
0.108698
0.067739
0.057616
-0.032538
0.030649
-0.034239
0.010078
-0.131983
0.008070
0.047380
-0.081413
-0.037664
0.004065
0.007223
0.016230
0.101121
0.046951
-0.053045
-0.011324
-0.043867
-0.020567
0.018951
0.004663
0.054949
0.058961
0.040711
0.047740
0.042433
0.060271
0.011820
0.088497
0.013628
0.020316
0.030208
0.058109
0.146333
0.097757
-0.039886
0.000624
0.057928
0.003872
-0.029985
0.001084
0.022944
0.052278
0.038836
-0.104189
0.002164
0.029959
-0.016020
-0.003385
0.018736
0.056384
0.090610
0.039321
0.052406
0.051535
-0.001612
-0.003975
0.096389
0.058534
0.057400
-0.009686
0.014407
0.007907
0.114957
0.058460
0.050250
0.152143
-0.086338
-0.044680
0.018618
-0.031160
0.011176
0.038944
0.093927
0.093341
0.157383
0.035376
0.027605
-0.033200
0.070157
-0.061686
-0.056735
-0.035907
0.038216
0.045928
0.036434
0.043681
0.014296
0.024198
-0.025086
-0.001245
-0.003649
0.016437
0.084271
0.104999
0.004976
-0.007681
0.066740
-0.010891
0.077960
0.021521
0.103499
0.039798
0.055736
0.046883
0.080527
0.089873
0.027656
0.041206
0.047802
0.069795
0.088729
0.090913
-0.038536
0.040260
-0.017309
0.029519
0.031735
0.029057
-0.001539
0.097849
0.058511
0.063230
0.093449
0.086735
0.052612
0.021810
-0.006283
-0.033276
0.023818
0.055985
0.034758
0.103198
-0.085505
-0.001731
0.021029
-0.013862
0.077242
0.002614
0.049776
-0.042640
-0.004997
0.040700
0.034584
0.073345
0.007293
0.030436
0.082658
0.062214
-0.013295
0.074757
0.076594
0.057640
0.056801
-0.015047
0.051558
-0.011210
-0.016680
0.013970
0.000010
-0.004619
0.019112
-0.035844
0.056840
0.150940
0.039409
0.014190
0.049726
0.121779
0.016895
-0.028617
0.075297
-0.038378
0.119394
0.054072
0.022383
0.122092
0.076056
0.056513
0.107164
0.103539
0.110883
0.084341
0.180822
0.124973
0.097779
0.050219
-0.015837
0.003140
0.091602
0.040500
-0.056663
0.034822
0.007608
-0.058833
0.019094
0.012735
-0.005559
0.028086
0.035837
0.020763
-0.046970
-0.055823
0.047254
0.047747
0.054356
0.158704
0.026430
-0.066644
0.023956
-0.021866
0.001638
0.061417
0.027365
0.012555
0.027010
0.027884
-0.022069
0.030748
-0.005193
-0.050893
0.109163
0.105117
0.128934
0.066246
0.090432
0.134387
0.001100
0.077881
0.045536
0.048160
0.000304
-0.046059
0.010447
0.039744
0.046619
0.070872
0.050943
0.034718
0.035255
-0.036596
-0.045859
0.006449
0.090892
-0.004446
0.067723
-0.003258
0.150873
0.131134
0.062579
0.107939
0.134603
0.084644
0.140084
0.061042
0.024955
0.011558
-0.036395
0.035294
0.051445
0.011845
0.023811
0.049417
0.025780
0.091233
-0.046187
0.041762
-0.015952
-0.058421
0.079074
0.042213
0.037498
0.034362
0.081399
0.034530
0.100544
0.088680
-0.011081
0.022180
-0.001000
-0.016589
0.052654
0.032368
-0.015883
0.058072
0.114680
0.103161
0.067674
0.047039
0.018945
-0.008400
-0.050249
-0.025555
0.068494
0.030287
0.076735
0.111781
0.163595
0.118266
0.080075
0.163870
0.109877
0.038944
0.080971
-0.041287
0.060336
0.034440
0.039511
0.007966
-0.005030
0.116786
0.030696
0.116696
-0.012258
0.024174
0.174577
-0.008481
0.007207
-0.024199
-0.011892
0.058409
0.057960
-0.027765
-0.010165
0.016285
0.047511
0.102741
0.048095
0.022517
0.084213
0.043266
0.038852
0.090284
-0.009020
0.063735
0.036367
0.004520
0.080331
-0.011954
0.009080
0.005209
0.032773
0.105582
0.017755
0.015831
0.048879
0.083357
0.081297
0.052532
0.001769
0.067152
0.034665
-0.020429
0.024026
0.114262
0.052734
0.096746
-0.019557
0.075949
0.146053
0.010459
-0.014354
0.032698
0.050675
0.136536
0.115402
0.048584
0.076862
0.022998
0.076586
0.058427
0.012151
0.008548
0.034129
0.065606
-0.012695
0.060216
0.005512
0.087967
0.067638
0.029274
0.003563
-0.060297
-0.029200
0.081414
0.136660
0.087385
0.016015
0.106891
0.082672
0.051450
0.100180
0.048089
0.114302
0.097655
0.074568
0.094884
0.081977
0.066831
0.061259
0.027161
0.124021
0.062657
-0.005586
0.107320
0.039513
-0.033820
0.075224
0.062207
0.062487
0.116697
0.115344
0.035153
-0.052264
-0.010979
-0.010462
-0.026686
-0.008336
0.000551
0.076016
0.045321
-0.000081
0.155840
0.101723
0.001852
0.021298
-0.028739
-0.014558
0.087061
0.041346
0.029250
0.020902
0.005559
0.055474
0.060626
0.025192
0.054026
0.039551
0.097940
-0.030496
-0.095521
0.006736
-0.024658
-0.008301
0.064164
0.080317
0.016375
0.046200
0.048134
0.081690
0.082172
0.060292
0.177107
0.115436
0.057942
-0.079666
-0.034437
0.041411
-0.016008
0.095730
-0.001019
0.000895
0.089069
0.030444
0.061151
0.020852
0.049053
0.068855
0.101873
0.051673
0.063491
0.006090
0.079056
0.074401
0.088859
0.031780
0.060961
0.129686
0.059789
0.007250
0.045335
-0.038094
0.013282
0.028573
0.065031
0.029132
-0.031587
-0.035505
-0.007656
0.007035
0.089148
0.072896
0.077869
-0.024687
0.054017
0.046677
0.019135
-0.034703
-0.011678
-0.018693
0.012476
0.070385
0.126002
0.154997
-0.010364
0.028789
0.137777
0.028053
-0.011118
0.012759
0.040750
0.003052
0.066491
0.092205
-0.060967
-0.005126
0.026089
-0.024797
0.045668
0.011434
0.023463
0.047545
0.076313
0.023731
0.026106
-0.043611
-0.060691
-0.017821
0.005558
0.004152
0.091348
0.098547
0.021756
0.079891
0.052914
0.035809
0.017598
0.064113
0.090226
0.059557
0.056037
0.025836
0.087505
0.103230
0.027724
0.091225
-0.036211
0.002492
0.053191
0.043846
0.001234
-0.045886
-0.059060
-0.023284
0.138865
0.063098
0.002192
0.012361
0.025287
0.025209
0.023893
0.055550
0.053288
-0.088433
0.031292
0.013878
-0.038041
-0.002043
-0.031672
0.015915
-0.013342
-0.113562
0.011043
0.027567
0.124880
0.147216
0.036405
0.056371
-0.010654
-0.039497
0.091300
0.034393
0.005962
0.030175
0.055523
0.002666
-0.061177
-0.008024
0.111746
0.052473
0.029922
-0.077871
-0.011345
0.031369
0.021626
0.067766
0.029938
0.108138
0.029192
0.023639
0.077613
0.086832
-0.044907
0.063042
0.061749
-0.030361
0.041275
0.082769
0.032900
0.085449
0.087441
0.106080
0.008738
0.067067
0.076614
0.049323
0.017657
-0.000711
-0.059771
-0.003112
-0.019730
0.010636
-0.041690
-0.011382
0.089844
0.009107
-0.001343
-0.009032
-0.028737
0.028800
-0.007609
-0.004194
-0.016612
0.018001
0.026257
0.042253
-0.030678
-0.026150
0.080017
0.008663
0.051494
0.161005
0.068718
-0.015626
-0.051609
0.012823
0.112560
0.060552
0.040938
0.111086
0.031554
0.031674
0.090154
0.067028
-0.000420
0.079578
0.004378
0.062077
0.070783
0.039710
0.068773
0.036043
0.210527
0.081417
0.070805
0.018940
0.036264
-0.026155
0.081522
0.174259
0.131894
0.125034
0.124096
0.169579
0.170391
0.098696
0.146474
0.049979
0.036894
0.080060
0.106146
0.058279
-0.029570
0.070932
-0.028478
-0.009337
0.009908
0.045988
0.084251
0.067510
0.108241
0.015145
-0.059736
-0.026022
0.064353
0.094767
0.059006
0.090678
0.007101
-0.007522
0.033744
0.044329
0.075445
0.040396
0.018195
-0.006170
0.036241
0.025899
0.017890
0.057776
0.042949
0.087446
-0.004258
-0.006599
0.027856
0.111417
-0.002546
0.011227
0.016172
0.085635
-0.018927
-0.005353
0.073890
0.033756
-0.003400
-0.020745
-0.000580
-0.009570
0.054326
0.092353
0.028580
0.089023
0.102677
-0.011851
-0.038221
-0.009601
-0.013675
0.126649
0.112447
0.106895
0.026157
0.054488
0.032807
0.024939
0.050899
0.064082
0.009536
0.063392
-0.005616
0.013301
-0.011081
0.115880
0.025129
0.022305
0.141438
0.030306
0.045778
0.133500
0.001816
0.057151
0.041491
0.040225
0.000319
-0.009023
0.023064
-0.018711
0.000164
0.028422
0.029200
0.037457
0.053365
-0.026405
0.018685
-0.027989
-0.010306
0.053083
0.091743
0.066313
0.016019
0.064272
0.039413
-0.010854
0.098934
0.060778
0.055236
0.109956
0.056147
0.012293
0.016225
0.063865
0.100908
0.092524
0.139218
0.154624
0.083156
0.075523
0.046858
0.102891
0.086122
0.046763
0.040793
-0.014173
0.086816
0.083033
0.041896
0.135436
0.099018
0.020462
0.167256
0.116399
0.033362
0.069689
0.113964
0.011784
0.029161
-0.012664
0.085161
0.060326
-0.031293
-0.005476
0.076842
-0.031900
-0.016555
0.032992
0.089054
0.148589
0.088048
0.043457
0.109840
0.062339
0.056005
0.012759
-0.019911
0.068670
-0.035792
-0.051593
0.007723
0.005524
0.047593
0.073597
-0.015479
0.028975
0.047093
-0.048715
-0.029807
-0.019329
-0.058933
-0.014017
0.082014
0.005783
0.027984
0.015095
0.087496
0.060158
0.052745
0.061232
0.007409
0.013992
0.061882
-0.010211
0.026702
-0.001709
-0.007355
0.067878
0.071888
0.052620
-0.005939
0.021062
-0.008445
0.029603
-0.001023
0.048759
0.049991
0.061284
0.041987
0.098059
0.102425
0.091226
0.023494
0.122570
0.120421
0.107915
0.090583
0.112051
0.021293
-0.017155
0.038303
-0.072530
-0.003238
0.115598
-0.001713
0.041502
0.017718
0.134508
0.082645
0.093833
0.108823
0.124467
0.114655
0.147409
0.155962
0.120539
0.145902
0.114102
0.069289
-0.018235
0.051816
0.019727
-0.015026
0.008579
-0.092747
-0.110242
-0.066287
0.072715
0.021814
0.012019
0.066442
-0.054181
0.042334
-0.055797
0.061762
0.059550
0.059809
0.092127
0.037556
0.130293
0.081854
0.062323
0.048695
-0.000827
0.033928
0.049470
0.076551
0.040206
-0.013254
-0.001645
-0.106814
-0.009239
0.028916
0.064165
0.101083
0.057914
0.039618
0.087163
0.152548
0.040511
-0.010644
0.065622
0.028549
0.080917
0.061167
0.051241
0.050274
-0.006927
0.071646
-0.012313
0.034151
-0.012257
0.020024
0.029270
-0.016453
0.030259
0.055666
0.006010
0.010010
-0.089788
0.119235
0.009117
0.004302
0.091702
0.015760
0.080052
0.035087
0.096131
0.119006
-0.008670
0.181295
0.129647
-0.007432
0.012326
0.060557
0.099247
0.056051
0.044923
-0.017423
0.037436
0.013853
0.024815
0.057092
0.036719
-0.003827
-0.060062
-0.034645
0.072244
0.081131
0.029935
0.063752
0.047471
0.062408
0.118878
0.005736
0.004852
0.058296
0.106478
0.010605
0.035160
-0.023114
0.005331
-0.021248
0.084309
0.153554
0.130567
0.114547
0.167951
0.057117
0.046490
0.032526
-0.038873
-0.046693
-0.070580
-0.063071
0.045840
-0.020162
0.119987
-0.027910
0.007811
0.105861
0.084409
0.102814
0.104773
-0.080866
0.004111
0.082768
0.025765
0.040638
-0.018149
0.064946
0.009467
0.090151
0.006548
0.042058
0.015695
0.127640
0.096031
0.034680
0.063013
0.087210
0.072987
0.136467
0.005351
0.145915
0.035294
-0.011953
-0.075869
0.039804
0.035581
0.022197
0.031321
0.078873
-0.034987
-0.010400
-0.016392
-0.029851
-0.083205
-0.031931
0.021288
-0.103919
0.017519
0.047968
0.025479
0.080570
0.117084
0.115396
0.121976
0.170082
0.068353
0.057848
0.068786
0.061746
0.084967
0.075455
0.114522
0.123298
-0.010710
0.062220
0.131574
0.063735
0.074406
0.064462
0.096480
0.041908
0.148479
-0.001175
0.004588
0.024611
-0.032727
0.103339
0.122161
0.057943
0.114036
0.037459
-0.007157
0.118889
0.144620
0.060327
0.074167
0.013047
0.051148
0.027680
0.001592
0.043680
0.057727
0.055742
-0.011133
-0.045750
0.035737
-0.024326
0.032929
0.075707
0.056191
-0.008728
-0.039018
-0.036760
0.035842
0.114662
0.015068
0.075063
0.112737
0.048175
0.048567
0.007453
0.005919
0.092542
-0.001382
0.006873
0.016012
-0.022854
0.046081
-0.032503
-0.019136
0.061344
-0.019657
-0.051952
0.016537
0.032689
0.105124
0.072531
0.075687
0.094708
-0.016881
-0.045966
-0.033506
0.029049
0.046842
-0.045484
-0.073085
-0.046930
0.038457
-0.004070
0.005243
0.042175
-0.011994
-0.004904
-0.015488
0.013595
-0.047854
0.005756
0.111827
-0.064030
0.064594
0.113536
0.079171
0.043392
-0.048196
0.078391
0.105763
0.112445
0.003889
-0.023175
-0.024070
0.056431
0.156976
0.070459
0.070007
0.088243
0.065465
0.168381
0.073268
0.091310
0.089152
0.024614
0.114152
0.047109
0.091409
0.074724
-0.000119
0.061602
-0.006132
0.063872
0.111488
0.017346
0.067921
0.035874
-0.039145
0.083969
-0.040834
-0.020490
0.096267
0.052600
0.040047
-0.022858
0.010230
-0.070159
-0.025720
-0.076904
0.005249
0.093975
-0.009743
0.042919
-0.011012
0.028592
0.051233
0.133297
0.053149
0.032707
0.055694
0.033473
0.137198
0.126775
-0.010748
0.060306
0.087967
0.150661
0.114120
0.034107
0.079126
0.102888
0.062270
0.032741
0.016797
-0.032121
-0.059734
-0.036329
-0.015717
0.037780
0.031146
-0.053717
-0.055374
-0.000041
0.049705
0.019712
-0.048200
0.094136
0.041017
-0.005093
0.059724
0.042026
0.088352
0.044469
0.025744
0.073579
0.123973
0.066280
0.054707
0.113550
0.217237
0.086835
0.036424
0.044372
0.042959
0.079712
0.014171
0.073127
0.022117
0.085963
0.103620
0.020027
0.025910
-0.024531
0.046334
0.076314
-0.013085
0.028732
-0.015827
0.080289
0.022671
0.024116
0.012082
0.024549
0.055568
-0.028264
0.031834
0.033686
0.074729
0.065007
0.035064
0.072346
0.010032
0.014375
0.071759
0.066146
0.050683
0.067731
0.085137
0.056756
0.000176
0.029097
0.071044
-0.028317
0.022339
0.023403
-0.003210
0.105711
0.063033
0.055642
0.049529
0.059790
0.175059
0.074783
0.015799
0.063437
0.079914
0.137433
0.099385
0.119785
0.008386
0.048952
0.018669
0.100900
0.035172
0.084060
0.062345
0.045454
-0.010786
0.068977
-0.006890
0.010134
0.016684
0.109879
0.089614
0.112309
0.123039
0.074476
0.077235
0.036750
0.043014
-0.006686
0.032992
0.032680
-0.022502
0.108477
0.121303
0.177522
0.046521
0.181394
0.196111
0.083971
0.105790
0.070767
0.107752
-0.027534
0.162143
0.147391
-0.040296
-0.011011
0.065569
0.074780
0.023150
0.052499
0.022803
-0.013244
0.073643
0.017479
0.017775
-0.014412
-0.091776
-0.024797
-0.023465
-0.012174
-0.013938
0.058194
-0.030007
0.066818
0.076297
0.010408
0.007595
0.028048
0.022887
0.084641
0.110940
0.097987
0.053599
0.039483
0.063050
0.131634
0.067205
-0.023240
0.020260
0.109941
0.054829
0.043170
0.134909
0.068959
0.011899
0.024714
0.007897
0.019824
0.049468
0.115939
0.103404
0.087443
0.088298
-0.032001
0.061163
0.092484
0.117654
0.064518
-0.015016
0.026720
-0.040884
0.012586
-0.012993
0.082817
0.175258
0.088744
0.084825
0.118087
-0.025765
-0.007846
0.047447
0.052793
0.050527
0.068374
0.068449
0.003872
-0.019434
-0.139480
0.068916
0.056151
0.011767
0.036024
0.151713
0.011773
-0.028827
-0.010757
0.039235
-0.039429
-0.050114
-0.015376
-0.066714
0.073453
0.097052
0.044129
0.160596
0.072474
0.089152
0.023600
0.081830
0.057789
0.108527
0.049203
-0.008548
0.068339
-0.025282
-0.003664
-0.014452
0.100231
0.088993
0.102399
0.145011
0.019932
0.120126
0.052426
0.044968
0.116251
-0.041732
0.022535
0.087739
0.114856
0.043793
0.056461
0.108099
0.041619
0.118762
0.060280
0.047714
0.025825
0.023001
0.137312
0.119527
0.082009
0.034257
-0.098366
0.108402
0.063881
0.091383
0.147093
0.027511
0.181944
0.053223
-0.015741
0.017428
0.049649
0.050310
0.024687
0.075004
0.037154
0.061899
0.164815
0.015801
0.049082
0.071003
0.078925
0.001303
-0.014347
0.107375
0.019104
0.077738
0.107142
0.060937
0.099638
0.147222
0.079716
0.094586
0.074975
-0.019943
-0.083726
0.006112
0.040867
-0.038765
-0.092205
0.024594
0.007849
0.039117
0.060360
0.008874
0.042776
0.043070
0.066061
0.073137
0.037794
0.074499
-0.018974
0.092648
-0.028414
0.004120
0.036603
-0.024522
0.052373
0.076804
0.094588
0.111529
0.026385
-0.032203
-0.023476
0.016070
0.067430
-0.032264
0.036505
0.058912
-0.049781
-0.007404
-0.048862
-0.064263
0.053621
0.008770
0.088314
0.076678
0.067819
0.087878
0.009942
0.088315
0.046035
0.020600
0.108215
0.049738
0.021873
0.062599
-0.001779
0.046613
0.139381
0.105507
-0.003028
0.109877
0.147526
0.045056
0.069493
0.057098
0.032798
0.105137
0.047958
-0.085094
0.031987
0.089705
0.040504
0.030483
0.027364
0.089809
0.019549
0.026375
0.071968
0.018387
0.031350
0.046430
0.061637
0.119797
0.030492
0.127367
0.115062
0.089313
0.028634
0.042703
0.057230
-0.029684
0.070852
0.056515
0.038619
0.008703
-0.044814
0.004385
0.015228
0.115435
0.113153
0.129568
0.139970
0.047942
-0.036682
0.043017
0.057147
0.106332
0.143196
-0.071110
0.054264
0.051975
-0.022549
0.043700
0.032082
-0.001414
0.041379
0.034529
-0.033049
0.004003
0.010756
0.117845
0.044251
-0.069665
-0.059802
-0.093498
-0.008509
0.054752
0.001208
0.019237
0.027430
0.008042
-0.006021
0.054317
0.074286
-0.075066
-0.077919
0.018467
-0.101932
-0.028833
0.048058
-0.006347
0.048581
0.050539
0.026577
0.130634
0.012509
0.065036
0.040097
-0.101299
-0.038585
-0.020136
-0.110258
-0.089304
0.002934
-0.016958
0.007099
0.015484
-0.061530
-0.027870
-0.001942
0.046237
0.067769
0.134722
0.015966
0.015659
0.029657
-0.026375
0.055129
0.009148
0.037800
0.035480
0.064842
0.040992
0.115157
0.105835
0.126344
0.117283
0.131440
0.084561
0.088237
0.078689
0.034772
0.116649
0.130398
0.046497
0.014998
-0.098813
0.013221
0.001259
0.012419
-0.014720
-0.003500
0.084724
0.056307
0.138798
0.150255
0.021615
0.102315
0.134949
0.015235
0.061489
0.115643
0.130671
0.065295
0.046234
0.036241
0.016879
0.055836
0.057460
0.034458
0.003233
-0.090802
-0.017156
0.073524
-0.033383
-0.109168
0.017404
0.114506
0.094188
0.040380
0.036478
0.045993
0.061130
0.088548
0.113845
0.035416
0.014024
0.088639
0.025819
0.041430
0.032754
0.022968
0.091044
-0.033506
0.080274
0.073589
0.068049
0.083879
0.121367
0.107393
0.059645
0.040296
0.082779
0.082589
0.057279
0.036267
0.072155
0.079166
0.189769
0.136387
0.054133
0.054378
0.155164
0.070195
-0.054177
-0.002455
0.008921
0.024146
0.077394
0.022062
-0.019009
0.010783
0.051218
0.017545
0.072341
-0.000588
-0.039717
0.109723
0.081383
0.060590
0.128574
0.004467
0.045557
0.041658
0.021297
0.035505
-0.011085
-0.013044
0.035906
0.027205
0.042400
-0.078698
-0.018841
-0.023742
0.074912
-0.028285
-0.023925
0.030769
0.115668
0.133451
0.127505
0.065155
0.057872
0.010301
0.019872
0.104267
0.122365
0.138902
0.035222
-0.034316
0.041720
-0.058816
0.095983
0.057466
0.000143
0.092845
0.002672
0.082855
0.046254
-0.025462
-0.065901
-0.012955
0.071509
0.055394
0.028183
0.119215
0.087416
0.066220
-0.007981
-0.041247
-0.096838
-0.077769
-0.059255
-0.035278
-0.072863
-0.007766
0.046789
0.078179
-0.020498
0.051035
0.031307
0.003382
-0.063263
0.062168
0.041581
0.012190
-0.006831
0.046871
-0.010588
0.018615
0.045276
0.092791
0.003275
0.107036
0.031570
0.052754
0.049153
0.006734
0.117516
0.114090
0.109546
0.127962
0.084624
0.099156
0.059587
0.137329
0.049466
0.037001
0.006657
0.037997
0.067109
0.093904
-0.012281
0.068762
-0.029515
0.054666
0.006237
-0.088139
0.031871
0.021556
-0.046155
-0.025073
0.123638
0.103096
0.070392
0.051753
0.042029
-0.004529
0.016684
-0.006163
0.008468
-0.012011
0.020556
-0.029098
-0.091770
-0.010668
0.037574
0.131292
-0.047876
0.038231
0.005659
0.036614
0.090349
0.014879
0.022211
0.141977
0.072415
0.032794
0.076637
0.044629
0.076701
0.043469
0.096300
0.043969
0.029064
-0.001427
0.105014
0.029375
-0.016867
0.050994
-0.030036
-0.018171
-0.015755
0.013475
0.022652
0.035450
0.033081
0.034997
-0.017943
0.116512
0.126177
0.046678
0.077227
0.036796
0.089971
0.016900
0.115960
0.068143
0.020677
0.131083
0.041864
0.020233
-0.030159
0.018528
0.057889
0.061164
0.032482
0.002922
-0.034241
-0.036699
-0.004251
0.028001
0.060774
0.081858
-0.017382
0.089344
0.048449
0.051008
0.020875
0.076257
0.101608
-0.001226
0.044610
0.035204
0.061557
0.116674
0.047677
0.091171
0.089403
-0.049382
-0.002025
-0.049004
0.108087
0.196728
0.127908
0.056548
0.029587
0.059575
0.139275
0.058478
0.090400
0.085946
0.072833
0.071932
0.038392
-0.082042
-0.026924
0.062221
0.048855
0.059201
0.093224
0.068971
0.050226
0.048108
0.028690
0.084200
0.007782
0.022386
0.042270
0.044194
0.077998
0.001442
0.024453
0.067043
-0.010698
0.083660
0.033289
0.103744
0.070509
0.019698
0.047263
0.006761
0.059578
0.029608
0.036663
0.056758
-0.018412
0.071361
0.027753
0.065957
0.010761
-0.016482
0.006839
0.005029
0.007153
0.019233
-0.056199
-0.003431
-0.042099
-0.022141
0.002992
-0.057070
0.055839
0.127327
0.178676
0.031405
0.132037
0.103591
0.044886
0.142620
0.058669
0.094522
-0.064918
-0.005711
0.003509
0.057186
0.071752
-0.012978
0.090870
0.015957
-0.006336
0.056956
0.119574
0.069503
0.036219
0.072297
0.047319
0.132580
0.181281
0.093025
0.020573
0.020534
0.063443
-0.053185
-0.080651
0.016675
0.058373
-0.007774
-0.107767
-0.012696
0.002361
0.072424
0.044092
0.068419
0.079844
0.022991
0.061687
0.057055
-0.067519
-0.038466
-0.024438
0.026340
0.063328
-0.013687
0.112927
0.079617
0.057825
-0.072267
-0.030748
0.086806
-0.061539
0.032795
0.093572
-0.007896
0.035346
-0.002323
-0.050020
-0.005931
0.018857
0.020511
0.086838
0.042448
0.049189
0.005738
-0.005771
-0.045443
0.032671
0.047406
0.068264
0.097774
0.127279
0.107748
0.076362
0.040610
0.033686
0.063366
-0.011248
-0.113353
0.033393
-0.003944
0.070911
-0.014826
0.040194
0.111112
-0.000984
0.054821
0.018523
0.006066
0.052776
0.072105
0.084964
0.046896
0.009366
0.042270
0.117304
0.058479
0.060214
0.017761
-0.025004
-0.119405
-0.062798
-0.010938
0.027771
0.048960
0.004668
0.089881
0.020365
0.046155
0.035374
-0.024497
0.024864
0.051513
-0.098253
-0.033583
0.077948
-0.011752
-0.009812
0.073429
0.051505
0.032094
0.097550
0.133104
0.036176
0.077312
0.055457
0.010485
0.056841
0.061448
0.075520
0.066711
0.122921
-0.014733
-0.058656
0.022899
0.019816
0.069350
0.034324
0.061022
0.000727
0.013471
0.005295
-0.015157
0.017827
-0.000938
-0.003079
-0.036342
-0.076580
0.089577
0.068467
0.021265
0.062572
0.053764
0.050981
0.093193
0.069484
0.177035
0.084229
0.063948
0.007014
0.072374
-0.023881
-0.003741
0.026318
0.016545
0.084819
0.081577
0.013053
0.059069
-0.062532
-0.012985
-0.002926
0.049834
0.055247
0.015772
0.081331
-0.035807
0.043329
-0.026330
0.081906
0.085643
0.035140
0.033124
0.055905
0.103910
0.009026
0.063530
0.119317
-0.033915
-0.014967
0.178671
0.166329
0.040521
-0.013367
0.023443
-0.011148
0.048896
-0.015997
-0.069977
-0.086140
0.043942
-0.046617
0.010587
0.087577
0.124002
0.103793
0.100010
0.014192
0.026971
0.181665
0.002651
0.030825
-0.045827
-0.009697
0.091649
0.080522
-0.000972
0.049946
0.032219
-0.011427
0.102267
-0.022151
0.053739
0.110970
0.023748
-0.041724
0.025198
0.103970
0.062004
0.066643
0.092227
0.020717
0.073007
-0.022546
0.005254
0.110797
0.062227
-0.029006
0.092455
-0.031857
-0.091845
0.050331
0.138223
0.139099
0.047029
-0.018151
0.017340
0.042897
0.032697
0.071544
0.045133
0.041181
0.122176
-0.031650
0.036828
0.049951
-0.036820
-0.022287
0.017442
0.116184
0.129654
0.065065
0.125504
0.102873
0.102819
0.099296
0.049009
0.113569
0.073779
0.060389
0.045624
0.068051
0.038415
-0.020470
0.003215
0.087918
-0.007154
0.123031
-0.045932
-0.065409
0.023733
0.050638
0.109431
0.007861
0.139882
-0.017185
0.115761
0.042766
-0.024795
0.013554
-0.014030
-0.004756
0.100491
0.061432
0.065429
0.044895
0.012530
0.047103
-0.024327
-0.063723
-0.016193
-0.002376
-0.006371
-0.010500
0.032276
0.097439
0.122683
0.109874
0.052068
0.065852
-0.032397
0.128985
0.114575
0.000173
0.018174
-0.002631
0.001655
0.017129
-0.033515
0.037009
0.082439
0.041665
0.001246
0.019822
0.085366
0.059657
0.166783
0.029212
-0.045248
0.072306
0.132413
0.142771
0.053063
0.034031
0.121005
0.038364
-0.025481
0.077125
0.097415
0.014549
0.054224
0.066910
0.012049
0.017934
-0.008259
0.053716
-0.006006
-0.017421
0.051992
0.029978
0.046980
-0.018199
0.058162
0.100887
0.075625
0.097101
0.027643
0.095903
0.124964
-0.051424
0.001394
0.077615
-0.000697
0.004306
-0.017160
0.067126
0.057804
0.057268
0.018434
-0.039246
0.044120
0.126768
0.166442
-0.027478
0.081547
0.066053
-0.009510
0.018959
0.001372
0.040267
0.073317
0.056808
-0.012777
-0.049156
-0.015244
0.015261
0.037046
0.011348
0.051746
0.005100
0.054891
-0.004627
-0.011474
0.003743
0.053312
0.028191
0.013791
-0.099594
0.089144
0.030951
0.076352
0.113665
0.150506
0.156614
0.121198
0.147884
0.044251
-0.055974
-0.067132
0.031667
-0.050925
-0.028859
-0.077099
-0.053730
0.007279
0.016782
0.024417
0.020101
-0.031826
0.097096
0.086212
0.008590
0.062870
0.109938
0.133008
0.126060
0.146174
0.125599
0.009014
0.070101
0.001803
0.104587
0.054092
0.057651
0.150749
0.077151
0.066715
-0.025808
0.103565
-0.015046
0.031271
0.047362
0.041861
0.048342
0.104665
0.149359
0.212666
0.077398
0.026916
0.044961
0.097543
0.100045
0.072921
0.112051
-0.020709
0.026907
-0.050209
0.089799
0.078807
-0.024478
0.031480
-0.083566
0.059853
0.005944
-0.089666
0.011569
0.073552
0.007533
0.056381
0.070033
0.026636
0.113998
0.056020
0.026235
-0.045914
0.111529
0.023826
0.014630
0.142816
0.135650
-0.052166
0.086795
-0.078680
-0.017889
0.047717
-0.052414
0.060579
0.044143
-0.035329
0.007335
0.082787
-0.002102
0.073431
-0.011029
-0.017013
0.039692
-0.102333
0.035362
0.052263
0.018632
-0.053806
0.068428
0.060066
0.023559
0.032338
0.058879
-0.057630
0.034935
0.066150
-0.018823
0.112386
0.013942
0.024871
-0.015392
-0.032145
0.046673
0.129798
0.047883
-0.037897
0.018109
0.050299
0.031232
0.050219
0.077493
0.023757
0.050218
-0.052321
-0.028848
0.113906
0.000322
0.074772
0.077231
0.011357
0.012170
-0.019897
0.015513
0.075495
0.025511
0.074255
0.036671
0.081657
0.094714
0.059123
-0.029775
0.018901
-0.038788
0.002665
0.070161
-0.014370
0.089396
0.025587
0.012141
-0.023985
-0.062868
-0.038308
0.017195
-0.013910
-0.016636
-0.015584
-0.024328
0.000451
0.022806
0.096957
0.039441
-0.018821
0.047274
-0.012150
-0.010656
-0.030933
0.028793
0.073781
-0.079247
0.041748
0.049464
0.050730
0.078282
0.017008
0.069546
0.027745
0.011162
-0.049742
0.056005
0.018758
0.081656
0.134138
0.001335
-0.024076
0.034262
-0.047222
-0.023992
-0.064075
0.010790
0.059221
0.036864
0.011854
0.061500
-0.014230
-0.045753
-0.025152
0.028633
-0.011932
0.032562
0.053303
0.137739
0.068620
0.002794
0.020262
0.062689
0.078016
0.059717
0.068376
0.043982
-0.016152
0.162729
0.146198
0.106084
0.083373
0.049889
0.076838
0.065491
0.011999
0.051343
0.059293
0.163055
0.069511
0.042104
0.008959
-0.002306
0.074406
-0.071276
0.000547
0.011312
-0.063916
0.008927
0.110917
-0.046673
0.046884
0.054252
-0.009571
0.038523
0.003057
-0.061525
0.006374
0.043755
0.017952
0.097445
0.135273
0.174022
-0.024409
0.074055
0.072741
0.010228
0.036006
-0.015199
-0.007420
-0.032789
0.047394
-0.031525
0.014321
-0.011684
-0.004001
0.097598
0.144418
0.071084
0.003017
0.034039
0.086217
-0.004069
0.061964
0.094471
0.010183
0.004857
0.032384
0.033681
-0.037930
-0.005518
0.031035
0.049447
0.047853
0.089996
0.064620
-0.014544
-0.000061
-0.020499
0.069123
0.009618
-0.033339
0.002177
-0.086539
0.036107
0.073874
-0.064004
-0.017046
0.020264
-0.038957
-0.070528
-0.043586
0.007332
0.003743
-0.032144
-0.055116
0.045591
0.045524
0.032567
0.077716
0.107703
0.015312
0.017896
0.104467
0.027997
0.125542
0.120215
0.075881
0.091164
0.015525
0.084162
0.070566
-0.018127
-0.064368
-0.002329
0.049877
0.018244
0.030448
0.080008
0.096327
0.005498
0.109183
-0.067973
-0.011125
-0.016165
-0.099001
0.082317
0.053369
0.032096
0.044106
0.000722
-0.003413
0.006248
0.006149
-0.042512
-0.036621
-0.023637
0.055942
0.035491
-0.025545
0.082624
0.125568
-0.017231
0.079828
0.079176
-0.073778
0.040071
0.020623
0.020988
0.039120
-0.012807
0.023091
0.103884
0.098290
0.064344
0.056287
0.117631
0.019572
0.013089
0.010224
-0.002590
0.058838
0.105065
0.045613
0.006308
0.044239
-0.087802
0.073285
0.087788
0.017887
0.078439
0.023190
0.028903
0.134916
0.123950
0.032623
0.024955
0.036973
0.135376
0.047220
0.130580
0.004821
0.024158
0.093176
0.086987
0.065020
0.106007
0.102802
-0.000449
0.002660
0.033208
0.090478
-0.059963
0.071960
0.085104
0.086074
0.064274
-0.010362
0.109284
0.050409
0.022720
0.069988
0.073885
0.086067
0.080892
-0.035748
-0.053823
-0.026348
-0.052683
-0.070854
0.035183
-0.004526
0.018829
0.059079
0.061591
0.065370
0.061770
0.044052
0.029209
0.023646
0.010966
0.003423
0.027800
0.005694
0.113059
0.117804
0.076102
-0.058054
-0.059928
0.124699
0.150033
0.092978
0.071901
0.084892
0.037402
0.019281
0.020585
0.025004
-0.069486
0.012738
0.038693
-0.011778
0.028181
-0.004356
0.066346
0.049166
0.001250
-0.041936
-0.085713
-0.039147
-0.044057
0.084120
0.071558
0.069737
0.083442
0.017036
0.064625
-0.020991
0.063248
0.107719
0.073656
0.023188
0.009721
-0.057181
0.043592
0.041357
0.063386
0.004605
0.121637
0.096569
0.060502
0.186701
0.007652
0.105217
0.048967
0.002408
0.035023
-0.018501
0.019197
0.070643
0.090910
0.007235
-0.072373
-0.057464
-0.038760
0.037504
0.098655
0.097496
0.141534
0.144908
0.003288
0.079720
0.031607
-0.018048
-0.002606
0.108178
0.156445
-0.011257
0.022223
0.023541
0.019005
0.065234
0.038803
0.005208
0.070311
0.132241
0.084531
0.095697
-0.015688
-0.006948
0.025144
0.024886
0.046471
0.032367
0.029529
0.058893
0.105699
0.066341
0.028367
0.104077
0.089718
0.081258
0.032502
0.122683
0.108337
0.058006
0.138425
0.086907
0.059641
0.140220
0.066364
0.176970
0.100393
-0.052683
-0.023253
-0.081941
0.015050
0.056583
0.122265
-0.015488
-0.030175
-0.008952
0.002807
-0.029526
-0.032133
0.056084
0.065715
0.002192
0.078299
0.086183
0.102074
0.067207
0.049272
0.072895
0.022273
0.010396
0.107661
0.124161
0.022976
0.094798
-0.014347
-0.047446
0.070134
0.018412
0.038879
0.047441
0.048237
0.050536
0.036574
0.032437
-0.012924
-0.000749
0.017968
-0.004421
-0.040819
-0.034531
-0.014541
-0.020315
0.049550
-0.000880
0.015894
0.003665
-0.081632
-0.046755
-0.065260
-0.026323
0.016532
0.008421
0.060495
0.114317
0.067708
0.078654
0.123469
0.011745
0.041589
0.052864
0.036123
0.111275
0.054173
0.071387
0.119558
0.015777
0.059723
-0.052876
-0.005712
0.081669
0.012629
0.000755
0.045484
-0.034879
0.030577
0.097829
0.112272
0.106726
0.126231
0.061644
0.128715
0.084731
0.099783
0.141661
0.024348
0.057649
0.101166
0.104582
0.198664
0.120772
0.026870
-0.020253
0.004643
0.030526
0.007258
0.041892
0.014221
0.114136
0.117060
0.172769
0.129580
0.106033
0.090026
0.111522
0.053101
0.030450
0.050690
0.024241
0.106961
0.072303
-0.030438
0.103616
0.013733
0.112807
0.089214
0.096111
0.078447
-0.000626
0.069204
-0.085758
0.006139
-0.057200
-0.001741
0.038658
0.102299
0.118854
0.139817
0.105524
0.111849
0.039625
0.078061
-0.036138
0.041508
0.044361
0.015122
0.007145
0.009005
0.031157
0.067913
0.062452
0.067408
0.124605
0.089316
0.145560
0.050878
0.031334
-0.017134
0.077243
0.024256
0.027198
0.005675
0.046915
0.134675
0.066296
0.018703
0.073788
-0.023143
0.062070
0.007116
0.068003
0.000057
0.015402
0.018120
0.092043
0.111218
0.088058
0.117662
0.091814
0.047436
0.033054
0.037217
0.159442
0.048804
-0.034812
0.014034
0.034159
0.041206
0.082373
0.053327
0.100652
0.026975
0.056382
0.114799
0.122903
0.082763
0.162549
0.107325
0.029198
0.079909
0.013787
-0.038158
-0.057204
-0.037862
-0.072646
0.025968
-0.124146
-0.019688
0.004143
0.014901
0.104750
0.133332
0.094980
0.079495
0.070226
-0.020982
0.059456
0.024471
0.107443
0.125970
0.065944
0.044105
0.133409
0.042595
-0.013291
0.054917
0.092356
-0.024764
0.044200
-0.000946
0.020824
0.173893
-0.001872
0.115949
0.041030
-0.005650
-0.009617
-0.048745
-0.036848
-0.046921
0.069660
0.037452
-0.013264
0.024091
0.016490
0.071685
-0.025800
0.042459
0.067778
0.055335
0.059887
-0.003992
-0.037166
0.110998
0.088703
-0.020207
-0.005727
0.077477
0.024605
0.090007
0.060123
0.031668
0.009517
0.059434
0.009757
0.021346
0.019816
0.031980
0.031535
0.100705
0.110167
-0.098198
0.030132
0.050508
0.086261
0.077987
0.094191
-0.009952
0.048901
0.049067
-0.021183
0.013371
-0.037107
-0.063155
0.058907
0.094117
0.066870
0.082116
0.079595
0.057636
0.003265
-0.011633
-0.002206
-0.039620
0.043779
0.114636
0.009987
-0.005967
0.042740
-0.013587
0.025161
0.106377
-0.123094
0.106618
0.008694
-0.018796
0.038992
-0.010124
-0.019581
0.025311
0.140915
0.083487
0.024721
0.016535
0.102854
0.019346
-0.001708
0.082467
-0.065336
-0.017615
0.024855
-0.001433
0.046407
0.155133
0.100160
0.062316
0.139909
0.097992
0.070949
-0.018557
0.020644
0.104960
0.052820
-0.025337
0.009877
0.062221
0.059927
0.044671
0.013138
0.044376
-0.005892
0.019572
0.125225
0.009429
0.022804
0.113476
0.081444
0.034319
0.165223
0.027560
0.039786
0.157432
0.054394
0.026851
0.099324
0.061131
0.009622
0.055252
0.050826
0.057984
0.049713
0.032425
0.149458
0.016222
0.038359
0.139955
-0.036753
0.049532
-0.017701
0.031739
-0.045526
-0.019386
0.064759
0.012412
-0.032182
0.053506
0.112933
0.060942
0.004245
0.005372
0.054662
0.018911
0.047620
0.038304
0.093714
0.026600
0.025216
0.035246
0.018391
0.006006
-0.037612
0.015864
0.119304
0.029668
-0.004428
0.092460
0.112878
-0.005813
-0.054679
0.033644
0.064811
0.100967
-0.027726
0.015914
0.085390
0.024659
0.055551
0.104881
0.154753
0.028729
0.067554
0.126574
0.034342
0.000285
-0.020031
0.025189
0.005903
0.016955
0.033744
0.084374
0.024568
-0.032291
-0.027978
0.131753
0.112375
0.057055
0.072359
0.009974
0.044569
0.034463
0.074200
0.019039
0.033336
0.084038
0.140391
0.057512
0.056479
0.085991
0.059194
0.026851
-0.003504
0.102090
0.053581
0.063937
0.013802
0.020442
-0.010078
0.038701
0.085875
0.102847
0.000014
0.088609
0.063174
0.040469
0.099010
0.068359
0.059893
0.021619
0.067522
0.034077
0.059279
0.069500
0.064212
0.077324
0.011862
0.038818
0.083867
0.096053
-0.000677
0.022677
0.102801
0.010839
0.073840
0.024780
-0.043994
0.008858
0.059598
0.039409
0.036148
0.006088
-0.025941
0.002256
-0.020739
0.145733
0.009455
0.032250
0.020315
-0.047690
0.034272
-0.003449
0.035864
0.085516
-0.020278
-0.028168
-0.022225
-0.010880
-0.011514
-0.079525
0.014529
0.019699
-0.011091
-0.033105
0.039015
-0.029782
-0.042733
0.072433
0.086376
0.055986
0.106357
0.019959
0.031219
0.075568
0.045249
0.051971
0.067796
0.035015
0.069300
0.142205
0.066592
0.009507
-0.001906
-0.032454
0.023556
-0.016050
-0.054088
-0.029735
0.010731
-0.002678
0.014610
0.066538
-0.063887
-0.039059
0.064402
-0.059802
0.068497
0.009716
0.052089
0.002566
-0.017589
-0.020073
-0.058074
-0.013018
0.035131
0.029907
-0.081686
0.071900
0.051037
0.129409
0.090664
0.063772
0.032230
-0.020633
0.071388
0.064095
0.071808
0.087329
-0.043506
-0.015152
0.036000
0.008828
0.050354
0.092425
0.039982
-0.010091
0.021035
0.061840
-0.092202
0.022378
0.010345
0.033671
0.088403
0.123757
0.144233
0.064697
-0.017280
0.045813
-0.037183
0.015308
-0.004132
0.009820
0.110613
-0.046176
0.020854
-0.099264
-0.021107
0.111998
0.063778
0.042524
0.108900
0.083702
-0.009904
-0.076361
-0.085329
-0.070348
-0.049236
0.133071
0.131295
0.000034
0.032191
0.082592
-0.012548
0.090849
0.057467
0.005346
0.009035
0.131077
0.109429
-0.000886
0.008099
0.050041
0.045611
0.013089
-0.000751
0.011514
0.056882
-0.028219
0.043006
0.023157
0.094654
0.067519
0.051309
0.100792
0.066062
0.091264
0.127013
-0.005945
0.101057
0.002004
0.078546
0.094411
0.022414
0.087714
-0.018383
-0.030679
-0.000130
0.095637
0.045953
0.007029
0.011275
0.010179
0.025177
-0.007410
0.014350
0.111407
0.154086
0.060626
0.088096
0.066127
0.027912
0.085989
0.096104
0.048123
0.132760
0.089394
-0.028967
-0.002414
0.082835
0.072888
0.041215
0.030174
0.100741
0.042293
0.008535
0.025231
0.018647
0.100543
0.049235
0.098437
0.036874
-0.044208
-0.074094
0.011491
0.040252
-0.023428
0.012495
-0.033114
0.010167
0.095047
0.066638
0.118256
0.078503
-0.017955
-0.000001
0.020233
-0.024929
0.036365
0.007878
0.093317
0.052048
0.006013
0.185723
0.079421
0.033347
0.038186
0.033225
0.079258
0.045895
-0.000282
0.082102
0.079473
0.045423
0.026784
0.130238
0.046016
-0.030268
-0.026430
-0.051685
-0.057266
-0.047723
0.012912
-0.002607
-0.023849
-0.021676
0.045827
0.039832
0.122203
0.028564
0.029282
0.089734
0.028893
0.018591
0.037311
-0.020215
-0.007181
-0.000986
0.028640
-0.020344
-0.080834
-0.005828
0.059914
0.050017
0.042785
0.061683
0.016579
0.095108
-0.015039
-0.031019
0.149761
0.004821
0.140381
0.097161
0.063958
0.030806
0.051345
0.054611
0.068923
-0.002657
0.023056
-0.019526
-0.073468
-0.003194
0.030111
0.081656
0.078627
0.068835
-0.000078
0.026588
-0.036113
0.030338
0.011117
-0.006251
0.098155
0.001401
0.056546
0.025195
-0.042464
-0.001568
-0.009723
-0.050280
-0.001433
0.117026
0.060774
0.030866
0.069076
0.034674
-0.013599
-0.052924
-0.082308
0.044527
-0.037889
0.037380
0.050025
0.076837
0.130205
0.090416
0.028411
0.064167
0.140201
0.086077
0.066373
0.051483
-0.006806
0.072473
0.140582
0.090965
0.078860
-0.026556
0.009097
0.011888
-0.039628
0.054981
0.047936
0.000359
0.052955
-0.027190
0.075395
-0.029757
0.022543
0.060553
-0.002658
-0.017026
0.042555
0.033889
0.080406
0.080341
0.078315
0.014486
0.055452
0.051441
0.021932
0.003859
0.059989
0.112834
0.085854
0.021327
0.073499
0.054358
0.075922
0.106544
-0.058704
0.078150
-0.009569
-0.019330
0.094942
0.001966
0.089674
0.030159
0.132694
0.125126
0.076092
0.065542
-0.013501
0.047376
0.080328
0.083969
0.059150
0.088355
-0.006779
0.019848
0.012130
0.049184
-0.025442
0.045301
0.108750
0.077945
0.029152
0.061551
0.002384
-0.063892
-0.022227
-0.069649
-0.065956
0.039323
-0.040999
0.005639
0.013017
0.028009
-0.009072
-0.039157
0.053707
0.030109
-0.019564
0.082929
0.015176
0.052094
0.009036
0.024703
0.075221
0.108205
0.091404
0.125776
0.063795
0.083469
0.000044
0.065455
0.022416
-0.029396
0.040919
0.047500
0.026397
0.023987
0.032442
0.009142
-0.032015
-0.033537
-0.031016
-0.056333
-0.007695
0.007696
0.009488
0.084547
0.079655
0.080176
-0.032184
-0.014256
0.023336
0.020074
0.016443
-0.007278
-0.001758
-0.051390
0.027876
0.106140
0.049196
-0.026078
0.054291
0.084448
0.146665
0.043333
0.066181
0.145683
0.097750
0.124428
0.031700
-0.026031
0.106776
0.022450
-0.034237
-0.077801
0.063184
0.076439
0.015365
-0.007589
0.055150
0.113113
0.093216
0.050523
0.063139
0.029445
0.099921
-0.012999
0.058603
0.200682
0.062087
0.047456
0.063167
0.067587
0.076461
0.053469
0.057771
0.083085
0.140589
0.108441
0.070725
0.089794
0.094501
0.047093
0.029609
0.033325
0.107615
0.052170
-0.011057
-0.063964
0.032769
0.004604
0.029813
-0.020919
0.008027
0.025027
-0.024176
0.024480
0.071180
0.000306
0.078573
0.018209
0.014993
0.076593
0.042368
0.046837
0.068219
0.078856
0.008048
-0.040045
0.006756
-0.002827
-0.036732
0.103092
0.012636
0.024064
0.062482
-0.026338
0.035592
-0.018422
0.001939
0.084990
-0.019232
0.053085
0.128094
0.084306
0.116783
0.150384
0.057198
0.094395
-0.023741
-0.017071
0.108408
-0.011239
0.004256
0.040643
0.065958
0.132045
0.112770
0.114713
0.100578
0.140636
0.110557
0.034544
0.035778
0.082739
0.092860
-0.042379
-0.001641
0.013184
-0.000282
-0.047739
0.103140
0.031153
0.069038
0.077926
0.180692
0.044277
-0.094762
0.056169
0.067161
-0.002008
-0.002666
0.078058
0.052390
0.044757
0.032089
-0.049125
-0.104090
0.037349
-0.068926
0.018261
0.104775
-0.006236
0.098641
-0.006979
-0.022068
0.017621
-0.045463
0.043004
0.102337
0.020790
0.048707
0.074735
0.052021
-0.023131
-0.008447
-0.072964
-0.031114
0.015761
0.064833
0.091216
0.127420
0.113488
0.098615
0.061968
-0.023914
0.034443
0.017714
0.043263
0.092804
-0.076356
-0.050288
0.068350
0.001496
0.074639
0.093169
0.002375
-0.059263
0.042726
0.012030
0.077123
0.008284
-0.015419
-0.056919
-0.010934
0.049738
0.006535
0.073271
0.007862
-0.018826
0.032753
-0.038285
0.032597
-0.004168
-0.020458
-0.002037
0.161030
0.097932
0.089584
0.041884
0.003383
-0.019348
0.023252
0.112492
0.096761
0.111457
0.129617
0.105760
0.062952
0.111716
0.015570
0.061363
0.021986
0.072511
0.108191
0.044686
0.084799
0.117865
0.080719
0.020509
0.046164
0.058890
-0.008518
0.041848
-0.052617
0.013868
0.061273
-0.032090
-0.016291
0.058800
0.002951
0.038184
0.164285
0.098501
-0.046233
0.074559
0.144601
0.105549
0.093085
0.135688
0.115680
0.084241
0.022036
0.006812
0.187086
0.049886
0.074574
0.037067
0.068463
0.036725
-0.041276
-0.022959
-0.029684
-0.051290
-0.089620
0.013944
0.012499
0.056502
0.042265
-0.036861
-0.049939
-0.078692
0.019363
0.042551
0.061371
0.090952
0.057098
-0.030294
0.003853
0.107047
0.044108
0.029818
0.112292
0.029050
0.045431
0.037728
0.015482
0.031896
0.011099
-0.046627
-0.014094
0.025762
-0.010576
0.018734
-0.001107
-0.047645
-0.049214
0.003382
-0.067133
-0.053355
0.041380
0.097444
0.039454
0.076152
0.059426
0.090803
0.090562
0.026934
0.076560
0.080663
0.043010
0.035367
0.023498
0.038716
0.001187
-0.022306
0.062008
-0.038673
0.176199
0.095308
0.016683
0.094702
0.106173
0.016863
0.018324
0.108661
-0.012441
-0.022403
0.059143
0.070888
0.141251
0.013730
0.024442
0.153458
-0.026331
0.027266
0.049139
0.035399
-0.001878
0.003503
-0.033492
-0.034622
0.008458
0.032082
0.063184
0.141558
0.129382
0.030491
0.069169
0.006417
-0.010468
0.034764
0.061577
0.017934
0.097352
0.112585
0.007914
-0.008266
-0.045098
0.085521
0.034569
-0.005999
0.024160
-0.039885
0.048600
0.050806
0.028606
-0.006465
0.041811
0.018336
0.025645
0.102378
0.025241
-0.034135
0.053314
0.068825
0.063946
0.028324
0.085703
0.067254
0.067186
0.055682
-0.030130
0.080167
0.130786
0.188099
0.113083
0.075667
0.051810
-0.008865
-0.039947
0.011888
0.028143
0.131662
0.017024
0.002217
0.066084
0.085812
0.006084
0.135528
0.121066
0.010836
0.038338
0.020648
-0.027214
0.017282
0.030898
0.105657
0.015638
-0.048714
0.031943
0.083562
0.046847
-0.040594
-0.020583
-0.025325
0.034204
0.052501
-0.013675
0.108543
0.049105
0.003796
-0.020002
-0.037508
-0.035255
0.013106
0.038338
0.024968
0.024766
0.033172
0.075177
0.024700
0.115319
0.078965
0.023020
0.042504
0.029875
-0.058503
-0.120394
0.019956
0.034097
0.003513
0.068746
0.019073
-0.014588
0.014341
-0.018229
0.016975
-0.005112
-0.059343
0.022177
-0.043103
-0.010797
0.033516
0.082353
-0.001147
0.020054
0.005765
0.000978
0.050217
0.096545
0.088645
0.062708
0.037188
-0.032099
-0.003192
-0.075486
0.140401
0.047837
0.048137
0.065256
-0.000049
0.099741
0.061474
0.043774
0.021249
0.037917
-0.001210
0.001655
0.095028
-0.027973
-0.127219
0.010800
0.092240
0.004761
0.017628
0.034274
-0.057539
-0.092032
-0.028021
0.013303
0.042081
0.042938
0.031423
-0.084034
-0.081576
-0.007454
-0.045772
0.031083
0.031996
0.014401
0.054525
0.048050
0.031418
-0.009486
0.111189
0.056725
0.058878
0.138845
0.049080
0.099669
0.122302
0.033442
0.106031
-0.021725
-0.052807
0.050889
0.059987
0.104752
0.004442
-0.036350
0.040263
0.016475
0.048864
0.106393
0.042760
0.012155
0.126511
-0.029100
0.019847
0.022643
0.078709
0.053660
0.041068
0.055724
0.051053
-0.004402
0.007455
-0.047576
0.043260
0.030363
0.064419
0.059612
0.054819
0.054894
0.000258
0.018074
0.169873
0.054873
0.109330
0.214196
0.048556
0.049150
0.055964
0.075461
0.030752
0.017664
0.088858
0.177451
0.060422
0.103680
0.007406
-0.091919
-0.010681
-0.024217
0.012552
0.130119
0.002490
0.031080
0.034417
-0.029399
0.039343
0.113441
0.047855
0.040147
0.073928
0.035825
-0.120787
-0.005141
0.001349
-0.062110
0.006620
0.016143
-0.001890
0.063003
-0.019134
0.025858
0.137633
0.005923
0.058976
0.005994
0.019433
-0.029958
-0.031255
0.003585
0.006594
0.032020
-0.003291
-0.001545
0.093285
0.072231
-0.044514
0.030460
0.142202
0.031370
0.027258
0.013870
0.075746
0.076116
0.150302
0.147662
0.024531
0.082694
0.014919
-0.013856
-0.069470
0.065523
0.046246
-0.032385
-0.026384
0.075661
0.015514
0.040089
0.029380
0.003234
0.061675
0.077714
0.074145
0.075863
-0.006384
0.045687
0.046682
-0.012130
-0.044613
-0.037622
-0.033439
-0.016947
0.000182
0.084503
0.073216
0.077635
0.018325
-0.012681
-0.053935
0.076778
0.134173
0.059440
-0.012989
0.105318
0.112607
0.141695
0.108750
0.040614
0.117073
0.162855
0.053931
0.036628
-0.011822
-0.006656
-0.071052
-0.089845
-0.028712
0.038710
0.017150
-0.039322
0.073150
0.045634
0.014643
0.005225
0.050744
0.024989
-0.012427
-0.033961
-0.028370
-0.038375
0.048121
0.107837
0.054927
0.057000
0.039662
0.138680
-0.004365
0.038811
-0.001247
0.064565
0.073659
0.078045
0.014990
0.012579
0.042764
-0.026971
0.114665
0.031489
-0.023734
-0.040722
-0.011793
0.002558
0.055430
0.098687
0.069317
0.052272
-0.006406
-0.090242
0.107108
0.129761
0.051482
0.034243
0.062727
0.074584
-0.051484
0.022485
0.017814
-0.011142
0.097129
0.124523
0.076336
0.128277
0.114287
0.087514
0.035067
0.043897
0.058935
-0.015846
0.082277
0.027589
-0.041641
0.023752
-0.027433
-0.113861
0.019915
0.022690
-0.023308
0.045428
0.049301
0.116071
0.051786
0.031799
0.032430
0.155280
0.125575
0.071808
0.084081
0.039239
0.002781
0.142248
0.061951
-0.066441
0.024778
-0.002293
0.088172
0.092319
0.037903
0.101773
0.074436
0.111783
0.080251
0.073239
0.041553
0.060235
-0.008799
-0.046805
-0.054095
0.043701
-0.011931
0.120996
0.019600
-0.004362
0.193903
0.030820
0.036939
-0.032694
0.095365
0.011891
-0.108742
0.058426
0.006804
0.005736
0.094892
0.000361
0.067866
0.074697
0.063118
0.130911
0.083142
0.091092
0.099143
0.094165
0.053515
0.043857
-0.021726
0.080800
0.015640
-0.025109
-0.018565
-0.028046
0.098430
-0.035019
0.031970
0.007683
-0.014056
0.010750
-0.000004
0.058401
-0.057192
-0.051847
-0.068136
-0.065413
0.057512
-0.015762
0.058461
0.009576
0.073756
0.087989
0.089090
0.027341
0.072070
0.137965
0.044593
0.097471
0.005664
-0.028776
0.098407
-0.033865
-0.023365
0.083732
-0.007593
0.038835
-0.002062
0.030982
0.159313
0.129521
-0.072597
0.040670
0.055377
0.014282
0.092301
0.102255
0.104314
0.146844
0.071677
0.211940
0.130624
0.114645
0.020058
0.039725
-0.023597
-0.015058
0.109856
0.102838
-0.026107
0.043875
0.085351
0.057767
0.099913
0.037829
0.055965
0.121242
0.119128
0.118395
0.161402
0.108860
0.002963
0.118997
0.127712
0.060064
-0.004642
-0.043106
0.036624
0.022325
0.004389
0.027310
0.082404
0.026341
0.049533
0.038630
-0.048106
0.043453
-0.000210
0.061714
0.076908
0.116562
0.137969
0.154825
0.077051
0.113454
0.166580
-0.005447
-0.039510
-0.047540
-0.036960
-0.002582
-0.079157
0.009598
0.022835
-0.065565
0.008144
0.032365
0.031180
0.090538
0.013201
0.056630
0.109984
0.083543
-0.013883
0.064863
0.136335
-0.036264
-0.048243
0.013450
-0.090110
-0.022577
0.109594
0.050642
0.103348
-0.090252
-0.031681
-0.062707
0.034019
0.049234
0.052472
-0.041776
-0.005383
-0.010436
0.063099
0.111424
-0.047762
0.053525
0.028731
-0.044250
-0.090018
-0.006579
0.016689
-0.012680
-0.057775
-0.035399
0.047943
0.067112
0.069884
-0.042878
-0.048481
0.034186
-0.006807
0.060773
-0.058493
-0.006352
-0.066564
-0.096323
0.001624
-0.024637
0.066622
0.024224
-0.008456
0.019159
0.031255
0.046970
0.050590
0.068841
0.010248
0.053260
0.110966
0.096995
0.043527
-0.023652
0.049687
0.062977
-0.044067
0.065902
-0.012269
0.028831
-0.027067
0.009304
0.007105
0.011308
0.023905
0.092890
0.116570
0.063101
-0.007527
0.026529
0.012798
0.067597
0.013564
-0.015311
0.017173
0.010303
0.044775
0.023374
0.146841
0.093432
0.055371
0.038246
0.036365
0.068740
0.009623
0.134652
0.053921
0.050147
0.104156
0.056018
0.048105
0.018525
-0.036298
0.036079
-0.039161
0.073564
0.101148
0.134903
0.138898
0.178804
0.113651
-0.011765
0.024399
-0.043404
-0.059951
0.024481
0.014117
0.072418
0.065061
0.024941
0.029191
-0.025558
0.092087
0.030486
0.000224
0.059023
-0.014883
0.130470
0.082444
0.002322
0.114192
0.148058
0.131222
0.105481
0.020984
-0.013767
0.073554
-0.066063
0.090648
-0.001018
-0.056308
-0.003291
0.032769
0.057048
0.014656
0.101427
0.028935
0.072422
0.087246
-0.008074
-0.008577
0.043851
-0.048165
0.106702
0.066334
0.011433
0.043137
-0.029005
-0.009772
0.043936
0.078953
0.091222
0.065497
0.044754
0.085157
0.041348
0.006658
0.021879
0.104077
0.081753
0.001109
-0.025240
-0.005451
0.027099
-0.033110
-0.020251
0.024485
-0.058000
-0.035390
-0.073308
-0.028628
-0.113907
-0.012721
-0.006534
0.034713
0.068966
-0.019095
0.127184
0.070656
-0.035021
-0.081685
-0.022062
-0.017168
-0.000245
0.037789
0.008212
-0.022099
0.051576
-0.014225
-0.056097
0.023439
-0.027481
0.015537
0.035057
0.053729
0.055700
0.237823
0.150392
-0.005279
-0.075850
0.091620
0.054611
0.093712
0.106064
0.033868
0.112105
0.091639
0.094762
0.130646
0.091752
0.067940
0.102006
0.084386
0.012004
0.062324
0.104966
0.064292
0.151593
0.147454
0.068057
0.042201
-0.011245
-0.044100
0.075058
0.034516
0.084506
0.075935
-0.023255
-0.003122
0.023679
0.086065
0.079550
0.019799
0.024414
0.038091
0.118980
0.081737
-0.020588
0.044183
0.110780
0.049596
0.098616
0.067008
-0.012161
-0.033568
-0.053406
0.078506
0.011862
-0.019919
0.068468
0.087256
-0.120493
-0.046535
-0.018106
-0.077315
0.064868
0.025492
0.090140
0.042446
-0.030606
0.061474
0.063792
0.052966
0.110886
0.002328
0.065987
0.056643
0.095646
0.075063
0.066499
0.076655
-0.020259
-0.021057
0.014311
-0.021164
0.062352
0.043444
0.016094
-0.002104
-0.012261
-0.039488
0.013985
-0.032908
-0.047918
0.010411
-0.006536
0.060409
0.091194
0.000841
0.073557
0.052850
0.053699
0.027001
0.110956
0.041268
0.025996
-0.003902
0.045830
0.047380
-0.011942
0.065993
0.034500
-0.012672
0.026207
0.031051
0.028612
0.021495
-0.000749
0.075648
0.039764
0.040022
0.128119
0.059719
0.071609
0.077614
0.041116
0.139613
0.063970
-0.006418
-0.002867
0.078482
0.031238
0.112496
-0.038247
0.021307
0.105256
0.108614
-0.000694
0.082944
0.117898
-0.045475
-0.024114
-0.017352
0.001509
0.024625
0.082074
-0.024423
0.090748
0.039981
0.037309
-0.009868
0.000674
-0.013976
0.027130
-0.043260
0.004840
-0.052187
-0.038549
-0.028030
-0.021177
-0.012279
-0.080861
0.011533
0.065592
0.012743
0.088529
0.009218
-0.018785
0.021072
0.085260
0.094609
0.027915
0.041987
-0.057084
0.087006
0.118371
0.082700
0.010956
0.088838
0.162660
0.068508
0.093131
0.000489
-0.081474
0.084481
0.056912
0.067201
-0.002191
0.068652
-0.010981
0.145142
0.113045
0.056131
0.067367
0.035369
-0.000652
-0.009177
-0.058674
-0.071666
-0.054273
-0.014530
-0.025343
-0.011427
-0.054222
0.029713
-0.004344
-0.010204
-0.076698
0.023058
0.014485
0.051810
0.135443
0.114913
0.004522
0.019473
0.010466
-0.010408
0.039632
0.048203
0.026479
0.079291
0.068348
0.116967
0.031506
0.080617
-0.025140
0.043419
0.038870
0.041603
0.009008
0.032687
-0.010658
-0.070276
0.116187
0.026387
0.081315
0.007425
-0.056958
0.008601
-0.002978
0.058156
-0.006201
-0.018626
-0.028812
0.032737
0.049631
0.076835
-0.034745
-0.011969
0.075130
0.001469
0.035622
0.008240
-0.075007
0.053194
0.026416
0.028063
-0.005299
-0.064181
-0.037530
0.068983
0.070323
0.015738
-0.034276
-0.059411
-0.021657
0.051364
0.124045
0.063921
0.054957
0.086111
0.048148
0.038247
0.017225
0.042298
0.063021
0.037477
-0.029622
0.049896
-0.021616
-0.009822
0.112973
0.013822
0.017031
0.130621
0.026657
0.050953
-0.027147
-0.063525
0.011057
-0.013761
-0.032030
0.078227
0.131495
0.086031
0.073418
0.010271
0.069863
0.081429
0.052095
0.026398
-0.033557
0.038391
-0.018439
-0.031215
0.102067
0.023904
0.091925
0.101883
0.123280
0.103666
0.022294
0.029780
0.044892
0.065922
0.084074
0.046309
0.189332
0.026305
0.065679
0.013758
0.089144
0.121730
-0.038231
-0.102402
0.080011
0.040723
0.095710
0.032154
0.041576
0.100100
0.011442
0.045826
0.147832
0.060890
0.099106
0.055243
-0.010845
0.013235
0.014677
-0.043199
-0.019204
0.025405
-0.007740
0.036409
0.095301
0.032381
-0.011145
-0.000495
-0.090881
0.085954
0.138051
0.036774
0.071947
0.023213
0.097671
-0.018023
0.032364
0.007342
0.002555
0.053764
0.091841
0.031170
-0.016613
0.023491
-0.018001
0.077823
0.115026
0.082634
0.078928
0.047278
0.029848
0.167646
0.086613
0.041642
0.102586
0.072451
0.090205
0.098995
0.059823
-0.008524
0.043789
-0.017977
-0.007191
0.055950
0.010438
0.093628
0.020461
0.059424
0.084665
0.021090
0.051344
0.055793
0.035022
-0.057830
0.025050
0.070488
-0.087846
-0.095241
-0.007497
0.024793
-0.021163
-0.087412
-0.007806
0.080144
0.064202
0.070019
0.157951
0.101082
0.074654
0.118838
0.019551
0.081317
0.032743
0.040520
0.070041
0.010837
0.023551
-0.062288
0.024288
-0.043040
-0.040946
-0.008935
0.006817
0.153638
0.095929
0.058912
-0.019407
0.087159
0.134415
0.136663
0.085287
-0.008227
-0.010217
0.049696
0.071633
-0.011917
0.017345
-0.085279
-0.026549
0.058305
0.096829
0.099898
0.078644
-0.014524
0.075169
-0.000298
0.080482
-0.013381
0.014388
0.019569
0.095508
0.139633
0.004130
0.106441
-0.034327
0.034184
0.096134
0.018199
0.024704
-0.023579
0.033870
0.056067
0.011350
0.100947
0.082766
0.053574
0.047188
0.007031
0.029426
0.043104
0.068969
0.040178
0.016165
0.056468
0.014292
0.006788
-0.009456
0.015243
0.027669
0.048247
0.044378
0.049509
0.111061
0.022673
-0.065151
0.005277
0.039666
0.068569
0.057131
-0.012407
0.024064
0.116133
0.052580
-0.007861
-0.021938
0.067391
0.104473
0.111539
0.062939
0.054971
0.061133
-0.030490
-0.073801
-0.007257
-0.026099
0.010619
0.093028
0.065717
0.012763
0.061179
0.135683
0.093392
0.092979
0.088207
-0.015206
0.108547
0.071102
0.039293
-0.020597
-0.001677
0.058675
0.004424
0.069293
0.009986
0.058849
0.129009
0.065524
0.025545
0.044613
-0.005155
0.047179
0.004095
0.019154
0.127817
0.006378
0.057997
-0.016306
0.001102
-0.004876
0.053947
-0.021788
-0.012457
0.019183
0.122183
0.022468
0.040679
0.096777
0.072973
0.027881
0.103705
0.048787
-0.001720
0.032126
-0.027386
0.035429
0.046594
-0.007668
0.026487
0.077281
0.047699
-0.019733
0.013745
-0.025328
-0.076686
-0.033277
0.035350
-0.032656
0.020796
0.101177
0.089226
0.105217
0.057050
0.007370
-0.076514
-0.001002
0.147651
0.068081
0.056376
-0.029612
0.076365
0.087128
0.057151
0.011477
-0.005840
0.104490
0.013417
0.079088
0.108504
-0.019327
0.013665
0.020445
0.100913
0.092866
0.075537
0.047650
0.008484
-0.029209
0.029405
0.117177
0.090602
0.031959
0.100290
0.115297
0.090029
0.054551
0.057449
-0.065026
0.032288
0.085405
0.057723
0.091836
0.026222
0.015550
0.013369
0.086181
0.030257
0.067863
0.070707
0.038547
0.022670
0.019290
0.011931
0.042871
0.063881
0.028803
0.044962
0.102778
0.114772
0.143221
0.192841
0.104404
0.024547
0.060835
0.169344
0.055345
0.118890
0.052695
-0.050957
-0.027086
-0.041098
-0.014463
0.024298
-0.031854
-0.003334
0.034081
0.035934
-0.016518
0.108141
-0.029282
0.047969
0.068408
-0.000507
0.066001
0.031390
0.059265
-0.008427
0.052185
0.113241
-0.054678
0.048012
0.004308
0.007846
0.005504
-0.066716
0.002157
-0.025079
-0.051324
0.008469
0.086530
0.105628
0.100615
0.070256
0.111446
0.062559
0.051037
0.023486
-0.039716
0.031699
0.075866
-0.017745
0.015111
0.002357
0.097799
0.024718
0.129539
0.120057
0.075953
0.085011
0.085867
-0.032080
0.006352
0.101125
-0.016054
0.041632
0.011863
0.097275
0.073304
0.004610
0.048397
0.016785
0.071448
-0.014134
0.099521
0.043852
-0.020169
0.069615
0.021113
-0.047031
0.000943
0.046395
0.008605
0.057778
-0.006335
0.039742
0.029861
0.028676
0.107901
0.116173
0.043979
0.059304
0.071658
0.098058
0.134747
0.037685
0.091222
0.056395
0.058794
0.073479
0.020396
-0.056495
-0.064683
-0.028763
-0.132665
0.052445
-0.024569
-0.021293
0.159068
0.109165
-0.060480
0.019592
0.011227
0.038502
0.073105
0.068694
0.056661
0.039458
0.076434
0.112984
0.048018
-0.043915
-0.131818
-0.091071
0.090934
0.038718
0.045479
0.015679
0.050301
0.050866
0.009574
0.020517
-0.071319
-0.040870
-0.047105
0.018374
0.017183
-0.030562
0.072301
0.013704
0.032046
0.055661
-0.017066
0.076855
-0.059183
-0.036580
0.007415
-0.014489
-0.023999
0.111356
0.153858
0.148466
0.093695
0.034406
0.045351
0.038141
-0.032948
0.025208
0.157764
0.098119
0.059294
-0.009669
-0.030725
-0.035684
-0.054953
0.091513
0.102073
0.034519
0.048264
0.071090
0.010056
-0.018243
0.094168
0.040492
0.034340
0.051845
0.194463
0.139104
0.025309
0.104740
0.131978
-0.033957
-0.037560
0.031997
0.076532
0.128981
0.097989
0.040745
0.029574
0.000166
-0.008751
0.047448
0.031252
0.142674
0.048267
0.097110
0.168298
0.079898
-0.030977
0.032055
0.038656
-0.030050
-0.018391
0.059056
0.071143
0.042896
0.060892
0.133329
0.055581
0.034632
0.080870
0.082686
-0.023739
0.038164
0.061784
-0.020411
0.058549
0.100197
0.099879
0.065377
0.041671
0.040855
0.132016
0.008315
-0.019281
0.103669
0.081029
0.134503
0.098815
0.024498
0.101627
-0.013474
0.053157
0.033362
0.097066
0.036871
0.028059
0.117901
0.054167
0.090389
-0.011488
0.017626
-0.031988
-0.017203
0.048577
0.102379
0.151081
0.054332
0.073681
0.043987
0.075484
0.020547
0.081309
0.112429
0.037602
-0.049454
0.010807
0.025168
0.045973
0.057897
0.002027
0.047678
0.053247
-0.090752
0.076458
0.133479
0.013585
0.067173
0.124880
0.070756
-0.060345
0.013791
0.100265
0.018925
0.128206
0.098691
0.104176
0.072349
-0.017171
-0.061976
0.003907
-0.058465
-0.053453
-0.048133
0.104210
-0.081599
0.088167
0.069164
-0.015396
0.084622
0.044336
0.064309
0.032954
0.031501
0.020222
0.122835
0.132134
0.111504
0.097383
0.040137
0.027275
0.041833
0.047676
0.066334
0.078528
0.017790
0.005498
0.000515
0.024879
0.065596
0.043510
0.060027
0.140446
0.016215
0.023745
0.050014
-0.049861
-0.004537
0.102200
-0.056990
-0.094533
-0.061482
-0.029242
-0.039348
0.040984
-0.026409
-0.038725
0.021407
0.001110
0.059629
0.071945
0.137615
0.056823
0.045985
0.065628
0.002377
0.018002
0.016387
0.073238
0.136037
0.017751
0.071041
0.123674
0.027973
0.094504
0.076716
0.025733
-0.047044
0.045890
-0.058829
0.001372
-0.017168
-0.022487
0.061476
-0.007155
-0.105721
-0.074237
-0.051036
0.016713
0.019937
0.054191
0.025348
0.059908
0.081646
0.026828
0.073425
0.096800
0.039605
0.010942
0.105388
0.001589
0.085985
0.016733
0.068954
-0.008462
-0.008469
0.051533
-0.029711
0.112463
0.011902
-0.006302
-0.060855
-0.067175
-0.042832
0.078864
0.033594
-0.033826
0.024881
0.076209
-0.011366
-0.031155
-0.005994
0.023913
-0.037974
0.022138
-0.007362
-0.055586
0.084043
0.111151
0.038464
0.103303
0.098147
0.032533
0.018789
0.123847
0.006318
0.006932
0.042895
-0.004537
-0.002632
-0.050180
0.000569
0.061310
-0.041304
-0.059068
-0.104617
0.042449
0.023220
0.009512
0.127703
0.066776
0.151501
0.100084
-0.005486
0.077974
0.053636
0.051505
0.112742
-0.014755
0.002234
-0.055097
-0.029294
0.033852
0.099417
-0.010162
0.098826
0.078229
-0.047514
0.031238
-0.009963
-0.077056
0.070548
0.007032
0.039857
0.009143
0.024439
0.001096
-0.021984
-0.006911
-0.010934
-0.048150
0.045106
0.065605
0.022981
0.078865
0.034758
0.048856
0.044016
0.056889
0.086520
0.089434
0.018524
0.038027
0.069137
-0.073321
0.039317
0.123361
0.064300
0.094704
0.003409
0.039027
-0.000300
0.039212
-0.042042
0.011383
0.005868
-0.062383
0.142685
0.118147
0.099105
0.067662
0.121999
0.074127
-0.007328
0.092407
0.015323
0.036718
0.041925
0.004702
0.021603
-0.039680
-0.004438
0.030087
0.071534
0.042441
-0.053394
-0.009793
0.017101
0.059035
0.022703
-0.025068
-0.001687
0.001934
0.113359
0.131534
0.175903
0.067967
0.052371
0.066749
0.114730
0.061436
-0.013763
0.035174
0.103004
0.022782
-0.034551
0.027334
0.027436
-0.066857
0.039551
0.028735
-0.052419
0.047585
0.110235
-0.035555
0.012853
0.066197
0.003222
0.056816
0.059367
-0.029298
-0.025335
-0.021220
-0.042226
-0.078111
-0.007398
0.087777
0.065626
0.021688
-0.019830
0.007790
0.007209
0.165931
0.008558
-0.040377
-0.076391
0.005599
0.028904
-0.037204
0.063345
0.137969
-0.046956
-0.019022
-0.026042
-0.042427
0.056633
0.097245
0.070818
0.126705
0.083852
-0.027379
0.069502
0.104926
-0.032910
0.050497
0.020169
-0.019473
0.187051
0.112724
0.082527
0.132818
0.072233
0.232077
0.037772
-0.008167
-0.003010
-0.046788
-0.018046
0.076769
0.101719
0.018253
0.063916
0.025535
0.068852
0.064997
0.012409
0.086722
0.109749
-0.009229
-0.016894
0.002179
0.122956
0.080007
0.058933
0.033930
0.049543
0.042873
-0.000832
-0.040201
0.028497
0.068200
-0.046473
-0.029751
0.006168
0.081183
0.071537
-0.015840
0.068234
0.134841
0.070514
0.069176
0.108320
0.083478
0.033877
0.008744
0.163235
0.122527
0.085574
0.115702
0.101236
0.031708
0.024346
0.019581
0.064095
0.037865
0.027715
0.037771
0.014815
0.068554
0.028460
0.022755
0.040193
-0.016743
-0.031198
-0.002838
0.034581
0.087735
0.047601
0.045776
0.044115
-0.017624
0.020872
0.054593
0.071654
0.045130
0.002723
-0.022861
0.080737
0.147788
0.020719
0.112926
0.093153
0.089459
0.004823
0.044862
0.067249
-0.002964
-0.086083
-0.045813
0.056125
0.007009
0.062538
0.083819
0.068389
0.138111
-0.009626
-0.041148
0.053471
-0.078873
0.067182
0.060773
0.019779
0.009320
-0.011103
-0.013040
0.009206
-0.043832
0.087863
0.044371
-0.003196
-0.000878
0.079915
0.044634
0.028016
0.134585
0.072091
-0.005143
0.040659
-0.013739
-0.025235
-0.070967
-0.013020
-0.074047
0.088991
0.066596
0.065134
0.046118
0.037184
0.028299
-0.076964
0.049404
-0.007682
0.013966
-0.022379
0.092029
-0.007511
-0.040666
0.017184
-0.117152
-0.035204
-0.005187
0.013395
-0.098493
-0.013475
-0.021753
0.146425
-0.027545
0.000313
-0.037884
-0.041745
0.013935
0.059293
0.086230
-0.009823
-0.038189
-0.066412
-0.039239
0.033673
0.035408
-0.007820
-0.097432
-0.000173
0.044506
0.002859
0.001725
-0.063116
0.019012
0.036591
-0.053185
0.074739
-0.005931
-0.125026
0.082866
0.050060
0.034483
-0.005140
-0.032704
-0.091802
-0.043587
-0.061805
0.036740
-0.000257
0.106231
0.119293
0.022939
-0.025309
-0.040601
-0.113911
-0.003272
0.122924
0.079045
0.053702
0.059379
-0.033678
0.002360
-0.031387
0.027067
0.071183
0.000604
0.026384
0.131582
0.070744
0.049355
0.045581
-0.040062
-0.006968
0.014551
0.041419
0.001942
-0.052779
0.000575
0.069749
-0.019622
-0.020070
0.022358
-0.027695
0.019918
-0.015129
0.007630
-0.011934
-0.000985
0.020377
-0.050334
0.013768
0.070508
0.029486
0.119504
0.084083
-0.035278
0.056090
-0.014908
-0.042081
0.013205
0.036420
-0.051715
-0.014447
-0.008950
0.116663
0.090073
0.090103
0.037066
-0.014138
0.118540
0.031867
-0.015254
0.136765
0.114049
0.061577
0.042379
0.038268
0.080309
0.049775
0.106734
-0.008923
0.054547
0.115049
0.007093
-0.007052
-0.054153
-0.082147
0.043059
-0.022273
0.059848
-0.063499
-0.033735
0.098055
0.018852
0.055737
0.021981
-0.043660
-0.047058
0.049438
0.070398
0.065432
0.057063
0.016499
-0.061915
-0.042293
-0.000411
0.048592
0.054987
0.037034
0.067013
0.041244
-0.030517
-0.003971
0.035262
0.009333
-0.012215
-0.033540
0.077148
0.022177
-0.006679
-0.008946
0.050137
0.072385
0.110093
0.050808
0.034050
0.053427
0.040121
0.030387
-0.019358
0.075236
-0.024487
-0.005813
-0.002458
-0.014442
0.124212
-0.018206
0.034205
0.091788
0.059916
-0.004276
0.047345
-0.008373
-0.036109
0.032083
0.012968
-0.003010
0.176027
0.034581
0.080416
0.022915
-0.004595
0.034449
0.040485
0.042948
0.031539
-0.089222
-0.019377
-0.062561
-0.028280
0.056888
0.093457
0.088048
0.050332
0.045656
0.010926
0.031582
0.003415
-0.007797
0.063801
-0.010177
-0.070952
0.033416
0.051202
0.021173
0.031046
0.067374
-0.022840
0.023464
0.013557
0.020357
0.117219
0.058293
0.065463
0.116696
0.002170
0.070647
0.008921
-0.069903
-0.070167
-0.059786
-0.032772
0.007743
-0.020286
0.056745
0.028568
0.049429
0.036796
0.031540
0.099719
-0.055531
-0.030075
-0.007548
-0.101610
0.011540
0.054424
-0.122946
-0.011001
-0.105876
0.000954
0.045038
-0.113873
0.007662
-0.009815
0.072826
0.021566
0.028345
-0.012554
-0.027795
-0.116345
-0.002014
0.041946
0.075912
0.163288
0.058063
0.090500
0.067153
0.061497
0.114323
0.065790
-0.003634
-0.005614
0.042520
0.019599
-0.062607
-0.049901
0.004329
0.066555
0.038380
0.076776
-0.005379
0.059165
0.085652
0.058177
0.074924
0.062986
0.121384
0.075517
0.081072
0.110359
0.074572
-0.015429
0.038934
-0.011608
0.079310
0.034009
0.002383
-0.028640
0.093735
0.103372
0.007832
0.129265
0.099183
0.036609
0.137529
0.139656
0.058758
0.019705
0.176072
0.125400
0.073239
0.048270
0.114937
0.030897
0.012587
-0.017483
0.061416
-0.007185
0.145065
0.091484
0.003276
0.022642
0.044769
0.080746
0.082476
-0.007801
0.074462
0.109152
0.068996
0.113122
0.130070
0.069366
0.094884
0.009521
0.001630
0.018598
0.026776
0.101101
0.135377
0.129778
0.062032
0.058220
0.013148
0.007804
0.035387
0.059005
0.078601
0.007732
0.096192
-0.015763
-0.001307
0.095654
0.028865
0.005977
0.053152
0.013152
0.132369
0.037096
0.037104
0.049034
-0.044096
0.060087
0.098862
0.010924
0.031097
0.053207
0.053955
-0.065659
-0.041720
0.024220
-0.018179
0.034825
-0.022820
-0.083738
-0.002548
0.025068
-0.042403
0.062243
0.085059
0.102830
0.169469
0.045155
0.048515
0.084677
-0.028071
-0.046000
0.015105
0.024948
-0.036644
0.076723
0.048132
0.135034
0.167673
0.063616
0.068827
0.074330
0.044168
0.045111
0.006927
-0.032968
0.056331
0.065153
0.034421
0.013474
-0.086683
0.014711
0.028593
0.077872
0.028035
0.073629
0.068797
0.077943
0.046277
0.053244
0.034839
-0.036963
-0.106745
-0.041363
0.084490
-0.026148
-0.014068
0.073497
0.078002
0.071965
0.010449
0.027895
0.065101
-0.032765
0.016139
-0.058601
-0.108626
-0.026600
-0.013828
0.091372
0.054514
0.077077
0.057292
0.000082
0.110374
0.161648
-0.037755
0.021552
0.055779
0.036332
0.033807
-0.046642
-0.000655
0.077491
0.157714
-0.010337
-0.074664
0.063595
0.046527
0.013682
0.048572
0.054906
0.057067
0.145105
0.119542
0.065324
0.056851
0.123354
0.102364
-0.017910
0.072018
-0.004210
0.036572
0.006648
0.023379
0.070722
0.028859
-0.015673
0.056386
0.155008
0.015219
0.023235
0.091008
0.049197
0.043630
0.132712
0.150593
0.065458
0.005703
0.026874
0.057142
0.012095
0.076318
0.018544
-0.021046
0.066533
0.036965
0.079012
0.031713
0.075987
0.030701
-0.005361
0.084085
0.018867
-0.009560
0.119691
0.025066
0.103548
0.040663
0.013059
0.085468
0.075636
0.075260
0.101339
0.044719
-0.056939
0.115126
0.023235
0.093244
0.070324
0.093004
-0.054851
0.022527
0.015741
0.079889
0.024040
0.064106
0.130230
0.078355
0.025215
0.141106
-0.019749
0.040108
-0.046213
-0.067775
0.080782
-0.009895
0.072532
0.037597
0.020807
0.076702
0.025588
-0.021998
-0.070469
0.063763
0.035743
-0.005769
0.094908
0.103556
0.086411
0.063619
0.007198
0.086425
0.003599
0.060468
0.026681
-0.002068
0.039299
-0.041200
-0.029986
0.120343
0.091584
0.089248
0.030674
-0.029112
-0.023193
-0.049085
0.031332
0.090016
0.001264
0.022742
0.025950
-0.041978
0.013108
-0.028328
0.027618
0.073586
0.055326
0.143598
0.080287
0.054564
0.011888
0.054274
0.069700
-0.002362
-0.046133
-0.061554
-0.007186
0.089669
-0.016760
0.000585
0.052289
-0.041336
0.042128
-0.051041
-0.063236
0.079123
-0.027113
0.007717
0.054603
-0.007861
0.006322
-0.064633
0.040126
0.046026
0.056136
0.011020
0.088097
0.014469
-0.073702
-0.058787
0.059264
-0.010522
0.101133
0.134210
0.112652
0.075109
0.040019
0.044542
0.026529
0.097000
0.108023
0.116854
0.045207
0.087188
0.032364
-0.054239
-0.064347
0.070996
0.166850
0.072742
0.050950
0.019799
0.068183
-0.053514
-0.012459
0.059549
0.044778
0.049760
0.033140
0.077819
0.027040
-0.076006
-0.029411
0.016479
-0.057442
-0.032372
0.112731
0.121889
0.031064
-0.034764
0.054968
0.023537
-0.025887
0.007816
0.044244
0.073830
0.069140
0.036254
0.112919
0.097681
0.029871
0.124624
0.113264
0.046751
-0.059606
0.004705
0.047703
0.046218
-0.010891
0.007781
0.057035
0.028760
0.091439
-0.013263
0.060033
0.136786
0.040082
-0.045662
-0.074931
-0.065406
-0.039467
-0.135508
-0.077058
0.028529
0.044743
0.045272
-0.087940
0.009414
-0.049431
-0.023050
0.086052
0.077224
0.077040
-0.002428
0.032657
0.033007
-0.050546
-0.038737
0.046307
0.059498
0.057134
0.078100
0.113392
0.003371
0.033571
-0.000097
0.064044
0.041983
0.140280
-0.037253
-0.033430
0.108424
0.046258
0.095053
0.049106
0.005326
0.000220
-0.061870
0.110827
0.028936
0.097253
0.066499
-0.016694
0.063830
0.123642
0.001365
-0.004686
0.030567
0.002234
0.095628
0.029103
-0.002483
-0.004854
0.109080
0.047813
-0.001506
0.006738
0.022252
0.041904
0.002412
0.041444
0.012966
0.031024
0.054258
0.004784
0.104268
0.029038
-0.028820
0.085679
0.039163
0.030710
0.068893
0.065065
-0.018001
0.026186
0.018797
0.032102
0.039081
-0.031557
-0.051418
0.021259
-0.031932
-0.049301
0.030920
-0.060743
-0.049883
0.017337
-0.113240
0.035664
0.105985
0.060080
0.122152
0.007873
-0.016374
-0.019656
0.090061
0.057351
0.081658
0.070062
0.047607
0.015835
0.055721
0.039111
-0.016491
0.075286
0.099853
-0.038169
-0.002313
0.036656
0.038208
0.033829
-0.003799
-0.005436
-0.035297
0.020237
0.042195
0.074028
0.003994
-0.082563
0.038453
0.055797
0.009928
0.148946
-0.007665
-0.078494
0.076230
0.070812
-0.012966
0.081244
0.010400
-0.022661
0.053566
0.075791
0.135399
0.057978
-0.003936
-0.067564
0.023550
-0.064493
0.000429
0.019904
0.024638
0.028783
0.060279
0.006474
0.032056
0.167954
0.068064
0.032607
0.035469
0.039023
0.025666
0.081702
-0.042104
-0.140992
-0.060213
-0.005103
-0.114862
0.001297
0.061261
0.022893
-0.048237
0.058790
0.008140
-0.085271
-0.104067
0.071243
0.021767
-0.016035
0.105175
0.099617
0.015305
0.119165
0.026450
0.055808
0.135609
0.016204
0.051416
-0.045333
-0.026412
-0.019656
0.043919
0.034780
0.044518
0.062993
0.052907
-0.025102
0.093463
0.061301
0.027273
0.007834
-0.010406
-0.007735
0.077268
0.068358
0.038866
-0.034682
-0.139879
0.058644
0.085100
-0.096571
-0.014887
-0.058414
-0.024261
0.012114
0.004391
0.105991
0.184074
0.094908
0.037012
0.079773
0.066766
-0.021608
0.057356
-0.043555
0.003025
-0.077993
0.037073
0.074002
-0.001522
0.090652
0.031786
0.068400
0.009519
0.020481
0.092366
-0.003180
0.042027
0.020686
0.048226
0.078487
-0.010897
0.100367
0.111075
0.081546
0.106390
0.128150
0.137118
-0.012899
0.066452
0.063034
-0.023250
0.052566
-0.046652
-0.045732
0.038981
0.015635
0.051693
0.116741
0.012343
0.003111
0.064616
-0.034603
0.060860
0.055961
-0.017577
-0.032580
-0.019725
0.061368
0.078458
0.109794
0.062854
0.074042
-0.021077
-0.009356
0.007437
-0.107974
0.015221
0.127389
-0.053356
-0.028461
0.052205
-0.068359
0.056714
0.027991
0.074347
0.101101
0.023625
0.087422
0.010898
-0.001618
0.017803
0.127133
0.100381
0.023745
0.094023
0.017364
-0.029952
-0.041599
-0.044352
0.081893
0.066568
-0.008146
-0.022654
-0.040333
-0.002292
0.077633
0.102722
0.102390
0.023323
-0.003378
0.011991
0.007676
-0.047174
0.011488
0.081420
0.010410
0.054235
0.091769
-0.005023
-0.002703
0.046214
-0.021175
0.003554
0.095869
0.020502
0.022654
0.076440
0.042085
0.084146
0.081837
-0.004808
0.093245
0.160045
0.122535
0.036436
0.016812
0.016675
-0.057009
0.018845
0.041133
0.051552
0.054452
0.056207
-0.012536
0.028265
0.005114
0.085953
0.072622
-0.007336
-0.052030
-0.059599
-0.029533
0.084625
0.132332
0.070242
0.066250
0.004493
-0.012650
0.004703
0.060562
0.079211
0.052742
-0.032947
0.088369
0.065550
0.003748
0.009374
0.120153
0.058449
0.069031
0.060342
-0.012528
-0.073652
-0.040847
-0.002198
0.002414
-0.009723
0.045785
0.024059
-0.043907
0.081654
0.053297
0.080996
0.101313
0.063155
0.094961
0.049059
0.004455
-0.045840
-0.017958
-0.005070
-0.021827
-0.017867
0.025635
0.017656
-0.037787
0.018989
-0.028463
0.010395
0.034472
-0.087707
-0.030142
-0.007977
-0.006425
0.022678
0.001449
0.098471
0.099581
0.132671
0.066354
-0.054464
0.016712
-0.052670
0.053091
0.058991
0.070530
0.073466
0.070615
0.052137
0.044762
0.052658
0.081829
0.160474
0.085114
0.124210
-0.015881
-0.028206
-0.001454
-0.044857
0.040535
0.014421
-0.005914
0.017361
0.069592
0.126687
0.201467
0.050587
0.059274
0.110772
0.026134
0.069297
0.000267
0.053238
0.099786
0.025413
0.002091
-0.016470
0.001667
-0.054432
0.125444
0.123576
-0.030412
0.059462
0.058309
0.113124
0.039500
0.006899
0.066905
-0.050739
0.028030
0.116341
0.019371
-0.014760
0.028747
0.146330
0.090298
0.033916
0.060764
0.066899
0.076219
0.099873
-0.014756
0.005467
0.030503
0.007950
0.090425
0.020858
-0.015151
-0.068503
0.032642
0.045790
-0.034076
0.017285
0.014149
0.004809
-0.010821
0.032989
0.110522
0.025873
-0.007290
0.011739
0.035493
0.074153
-0.067235
0.008168
-0.049775
0.050028
0.034901
-0.010502
0.054495
0.035887
-0.001456
0.008773
0.129810
0.014367
0.025113
0.111627
0.017440
0.123595
0.150018
-0.000755
0.129326
0.095411
0.114441
0.160022
0.160761
0.015946
0.064538
0.046349
-0.014501
0.063484
0.065750
-0.018739
-0.041687
-0.031089
0.000673
0.034828
0.004249
0.015399
-0.013390
0.035961
0.080418
0.124850
0.021669
0.106086
-0.010316
0.049438
0.012064
0.011260
0.070737
-0.103326
0.054595
0.066885
-0.050733
0.022723
0.024380
-0.000141
0.027410
0.058041
0.120756
-0.002945
-0.011238
0.029927
0.040490
0.085181
0.025281
-0.002889
0.050684
-0.039401
0.095983
0.084307
-0.007717
0.082470
0.002888
0.063381
0.093210
-0.047813
0.059853
0.017000
0.064318
0.076478
0.100187
0.098232
0.051429
0.110727
0.153885
0.021741
-0.049451
0.027565
0.019654
0.102812
-0.000181
0.055172
0.080927
-0.013739
0.034181
0.014401
0.026361
0.061235
0.025165
0.065070
0.062465
0.001972
-0.028509
0.086249
0.007911
-0.009503
0.093937
0.044344
-0.022755
0.016642
0.019640
0.048729
0.040004
0.016785
0.096035
0.019288
0.077230
0.119863
0.074533
0.175176
-0.004143
0.060826
0.063685
0.025116
0.089436
0.086946
0.080757
0.067860
0.095324
-0.002791
0.147871
0.118098
0.023336
0.068648
-0.017520
0.051493
0.084859
0.073783
0.080343
0.006260
0.005637
-0.051887
0.072757
0.053583
0.037117
0.092268
0.027730
-0.012316
0.036944
0.152842
0.049996
0.055141
0.088431
0.003948
0.122229
0.073354
0.043589
0.056082
0.071945
0.053771
0.062936
0.029338
0.035274
0.082310
0.078920
0.011161
-0.049802
0.004314
0.039449
0.043684
0.068392
0.017170
0.018987
0.074217
0.033185
0.112463
0.063244
0.057851
0.013817
0.047328
0.119580
0.015952
0.042068
0.106909
-0.047375
0.056424
0.151951
0.000009
0.072892
0.121529
0.016519
0.021524
0.023016
0.055190
0.021423
0.056038
0.039615
0.049905
0.121225
0.079728
0.104124
0.062880
0.038901
0.031249
-0.014942
0.037095
0.065788
0.070499
0.013427
0.053827
-0.040275
-0.039509
-0.014351
-0.023881
0.085324
0.157538
0.046280
0.021144
0.043258
0.031997
-0.002027
0.139118
0.033459
0.004562
0.046444
0.024385
-0.002570
0.012431
-0.018608
-0.003225
0.078462
0.061056
0.037136
0.093454
-0.047564
0.113091
0.101660
0.013056
0.135491
0.071062
0.075040
0.101490
0.060437
0.039774
0.021448
0.058021
0.150738
-0.021117
0.133722
0.111537
0.013787
0.004786
-0.002492
0.046689
0.021283
0.050597
0.090104
0.113490
0.000070
0.037647
0.121891
0.089862
-0.037848
-0.003775
-0.012959
0.121143
0.203540
0.023086
0.036163
0.081045
0.074563
0.040563
0.040553
-0.001588
-0.075229
0.025402
0.065269
0.022855
0.040875
-0.026414
0.097818
0.047201
0.114076
0.117909
0.055910
0.088005
0.095710
-0.033775
0.117366
0.131490
0.042209
0.040327
0.078803
0.062079
-0.036087
-0.029044
0.001120
0.025630
0.075060
0.026713
0.049646
0.126552
0.124491
0.023789
0.091924
-0.018202
0.053290
0.054485
0.065744
0.030875
0.019193
0.091198
0.131569
0.109101
0.104757
0.112328
0.075172
0.076932
0.122884
-0.016064
0.031317
0.047729
-0.045276
-0.012830
0.023957
0.091314
0.022598
-0.007712
0.071001
0.112926
0.099457
0.033059
-0.067723
0.137751
0.138784
0.012966
0.176468
0.095649
0.109566
0.052745
0.069033
0.070494
0.025741
0.023421
0.049805
0.055829
0.074944
0.017226
-0.022351
-0.036003
0.033795
0.042153
-0.010447
0.009771
-0.022396
0.024136
0.114071
0.057493
0.068574
0.088628
0.076355
0.054112
0.026403
0.103760
0.115601
0.071418
-0.014533
0.035822
-0.032412
0.001046
0.101844
0.110309
0.024655
-0.014744
-0.036936
0.020729
-0.003058
0.002391
0.045209
0.057250
0.056251
0.120738
0.120702
0.037592
0.099273
0.059126
-0.017349
0.055878
0.071903
0.037771
-0.001353
-0.024728
0.039121
-0.010330
0.091088
0.122629
0.070634
-0.042955
-0.019420
0.073217
0.038556
0.092169
0.032904
0.048569
0.109456
-0.002702
0.071372
-0.023509
0.040189
0.015190
-0.088423
0.005741
-0.020026
0.021406
-0.021055
0.044240
0.053093
-0.028829
0.120964
0.093876
0.079385
0.141694
0.039154
0.073727
0.173886
0.142166
0.063156
0.034044
-0.013524
0.055995
0.005304
0.029549
0.048073
0.091942
0.042582
0.089209
0.085703
0.008629
0.018159
0.043311
0.033795
0.018186
0.112676
0.065784
0.023394
0.072057
0.197586
-0.025868
-0.015163
0.004533
0.133755
0.119870
0.093048
0.090327
0.009603
-0.035662
0.009876
-0.034249
0.005040
0.107476
0.093464
0.031145
0.053429
0.013313
-0.033646
0.067697
0.048899
0.111648
0.066022
0.008250
-0.025562
-0.015814
0.043663
0.026502
0.020867
-0.011942
0.018402
-0.013248
0.045835
-0.049314
0.098751
0.115709
0.059801
0.042506
0.039084
0.085405
0.037543
-0.037201
0.014858
0.016243
0.115324
-0.045251
0.032321
0.109126
0.002897
0.005533
0.107610
0.029582
-0.050695
-0.087415
-0.101636
0.042061
-0.092774
-0.024611
0.026613
-0.005505
0.027115
0.008446
0.063103
0.068080
0.072961
0.079463
0.038242
0.138730
0.080376
0.110746
-0.025274
0.028773
0.071524
0.002950
0.007769
0.057643
-0.021794
0.007477
0.010313
-0.071320
0.092304
0.071702
0.014170
0.053743
0.029514
-0.054163
-0.141717
-0.006044
0.003970
-0.038684
0.108727
0.059407
0.121619
0.089221
0.007042
0.031125
0.025818
0.042331
-0.076802
-0.050635
0.095569
0.089338
0.017689
-0.062244
0.042068
-0.052706
0.000993
0.075473
0.090766
0.042286
0.031848
0.032748
0.139353
0.093929
0.136439
0.115605
0.017369
0.044679
0.081301
0.057155
0.001002
0.128906
0.002322
0.072917
0.115797
0.139881
0.060139
0.022207
0.108573
0.075927
0.002607
-0.002589
0.049309
0.046618
0.032811
0.066220
0.066691
0.076790
0.062685
-0.045561
0.032087
0.019254
-0.080253
-0.001554
0.027592
0.023386
0.105631
0.018552
0.073869
0.008950
0.028102
0.079639
0.031853
0.018714
-0.007067
0.060979
0.062836
0.118339
0.155083
0.013760
-0.011010
0.078356
0.032834
0.079364
0.088525
0.083890
-0.008753
-0.077254
0.046045
0.020782
0.030684
0.045356
-0.003820
0.038834
0.019593
0.062956
0.107012
0.077086
0.081167
0.066620
0.091497
0.007123
0.077494
0.132623
0.168190
0.145250
0.045604
-0.052287
-0.084020
0.004377
-0.018300
0.010755
0.029070
0.091006
0.058807
0.096196
0.076521
0.088587
0.103913
0.042939
-0.054451
0.056225
0.033851
-0.043120
0.032937
-0.002605
0.133501
0.093791
0.032156
0.097454
0.100593
0.105267
0.093312
-0.015136
-0.016868
0.041600
0.035095
0.047736
-0.085346
0.024976
0.049935
0.053190
0.034775
0.078218
-0.001636
-0.073175
-0.036653
0.051415
0.028850
0.087373
-0.006502
0.020882
0.060784
0.099406
0.089546
0.140480
0.115616
-0.043305
0.043317
0.002554
0.021786
0.131895
0.020344
0.046844
0.005795
0.014417
0.031414
0.037459
0.015645
0.135486
0.096195
0.034311
0.046414
0.023663
-0.048451
-0.053148
-0.021264
-0.006089
0.120531
0.084859
0.050822
0.065732
0.069312
0.165920
0.105357
0.038304
0.161380
0.025291
0.066444
-0.006916
-0.001519
0.040979
0.032701
-0.013351
0.041446
0.104238
-0.013348
0.055117
0.064296
0.027870
0.010608
0.069116
-0.016110
-0.003930
-0.035624
-0.066062
0.026472
0.055491
0.120245
0.136813
0.097212
-0.001924
-0.007805
0.026026
0.047941
0.016203
-0.038337
-0.022678
-0.052710
-0.004807
0.034696
0.036405
-0.029460
0.010162
-0.043395
0.036138
0.045502
0.034988
0.045348
0.045115
0.005159
0.087271
0.059844
0.102744
0.024479
-0.017947
0.086135
0.076084
0.080955
0.020938
0.073939
0.032791
0.154432
-0.011918
0.021380
0.085746
-0.034354
0.007823
0.034696
-0.036842
0.032486
0.007756
0.066264
0.005060
0.025369
-0.000991
-0.083416
0.024762
-0.016819
-0.000874
-0.095045
0.051331
0.049133
0.098010
0.149933
0.084360
0.050089
0.038029
0.099044
0.124322
0.076755
-0.013895
0.008793
0.037205
0.087597
-0.050418
0.038726
0.143372
0.046040
0.037395
0.009786
0.004936
0.062184
0.032877
0.016614
0.071589
-0.006698
-0.007633
0.028050
0.088276
0.131469
0.088031
0.047250
0.029837
0.020567
0.063889
0.021536
0.053252
-0.011201
0.063988
0.021066
0.026835
-0.042692
0.020793
-0.044427
0.027098
0.055194
0.051899
-0.030330
0.083484
0.072411
0.053479
0.099022
0.097451
0.015735
0.019895
0.070514
-0.057456
0.159288
0.099720
-0.084772
-0.019033
0.077010
0.040960
-0.001157
0.023675
0.030364
0.078326
0.114852
0.038859
0.060134
0.084751
0.072852
0.055552
0.039336
-0.018692
0.030023
0.014183
0.042492
0.102465
0.011100
0.068650
0.018869
-0.037009
