0	47.701486
50	2.341263
100	0.539715
150	0.573306
200	0.233498
250	0.384922
300	0.252286
350	0.239484
400	0.193501
450	0.440432
500	-0.043775
550	0.190130
600	0.205729
650	0.091863
700	-0.046885
750	0.047726
800	-0.244408
850	0.434136
900	0.115687
950	0.192639
1000	0.050673
1050	0.172021
1100	0.101303
1150	0.186910
1200	0.248665
1250	0.145826
1300	0.050522
1350	0.133939
1400	0.039300
1450	0.136631
1500	0.074153
1550	-0.104812
1600	0.126258
1650	0.083827
1700	0.084432
1750	0.199550
1800	0.126522
1850	0.081040
1900	0.177179
1950	0.008883
2000	0.104073
2050	-0.147539
2100	0.147028
2150	0.159601
2200	0.147953
2250	-0.050858
2300	0.119199
2350	0.182867
2400	-0.224281
2450	0.008065
2500	-0.181437
2550	-0.017587
2600	-0.036173
2650	-0.102239
2700	-0.056325
2750	-0.154079
2800	-0.001715
2850	0.034868
2900	0.036092
2950	-0.087132
3000	0.108062
3050	0.035832
3100	0.046832
3150	0.008195
3200	0.083133
3250	0.092281
3300	0.242867
3350	0.132774
3400	-0.034788
3450	0.129405
3500	-0.014148
3550	0.118700
3600	0.130385
3650	0.316290
3700	0.076911
3750	-0.090254
3800	0.094628
3850	0.077093
3900	0.160288
3950	-0.093328
4000	0.476069
4050	0.275116
4100	0.064003
4150	0.189981
4200	0.277397
4250	-0.095711
4300	0.181760
4350	0.064525
4400	-0.031739
4450	0.169174
4500	0.271717
4550	-0.047831
4600	0.273583
4650	0.140773
4700	-0.084894
4750	-0.157318
4800	-0.092966
4850	0.215015
4900	0.104532
4950	-0.081045
5000	0.037389
5050	-0.100711
5100	-0.068395
5150	0.005409
5200	0.050725
5250	0.093673
5300	0.287908
5350	0.095823
5400	0.096240
5450	-0.048318
5500	-0.106039
5550	0.093034
5600	-0.089293
5650	-0.120751
5700	-0.130837
5750	0.140915
5800	0.131281
5850	-0.013803
5900	-0.045255
5950	-0.182109
6000	-0.081473
6050	0.203671
6100	0.030991
6150	0.201952
6200	0.159817
6250	-0.145105
6300	0.311258
6350	0.225343
6400	-0.160874
6450	-0.182333
6500	0.201581
6550	-0.074270
6600	0.143153
6650	-0.108543
6700	0.107670
6750	-0.205589
6800	-0.107768
6850	0.318396
6900	0.069283
6950	0.166186
7000	0.156707
7050	0.094780
7100	-0.059417
7150	0.355967
7200	0.218681
7250	0.221604
7300	-0.033080
7350	-0.070819
7400	0.081652
7450	0.057676
7500	0.105061
7550	0.094032
7600	0.056480
7650	0.136757
7700	0.177635
7750	0.398130
7800	0.072621
7850	0.144414
7900	0.238340
7950	-0.032208
8000	-0.027702
8050	0.192212
8100	0.082339
8150	-0.199191
8200	0.208873
8250	0.114892
8300	0.071136
8350	0.314459
8400	0.104206
8450	0.141008
8500	0.070297
8550	0.027518
8600	-0.011901
8650	-0.195595
8700	0.055186
8750	0.101479
8800	0.128913
8850	0.007380
8900	-0.060073
8950	-0.035948
9000	0.010856
9050	0.032119
9100	-0.123479
9150	0.227013
9200	-0.021536
9250	0.156756
9300	0.275870
9350	0.104552
9400	-0.013972
9450	0.141711
9500	0.227075
9550	0.152985
9600	0.228103
9650	0.053978
9700	-0.093078
9750	0.282596
9800	-0.187593
9850	-0.027253
9900	-0.016958
9950	0.183661
10000	0.198866
10050	0.134987
10100	0.207056
10150	-0.000554
10200	0.062967
10250	-0.064605
10300	-0.112810
10350	0.037113
10400	0.165265
10450	-0.222762
10500	0.138421
10550	-0.017407
10600	0.300545
10650	0.092157
10700	0.231503
10750	0.154981
10800	-0.094192
10850	-0.158362
10900	0.098331
10950	0.032660
11000	0.205175
11050	0.096717
11100	0.059966
11150	0.083437
11200	0.157698
11250	0.075953
11300	0.157117
11350	0.126152
11400	0.038812
11450	-0.040286
11500	-0.042998
11550	0.099019
11600	0.130044
11650	0.088985
11700	0.193155
11750	0.156258
11800	0.021623
11850	0.012773
11900	0.168510
11950	0.034928
12000	0.303250
12050	0.040792
12100	-0.110250
12150	0.099143
12200	-0.093265
12250	-0.135384
12300	-0.011333
12350	0.022424
12400	0.145640
12450	0.114893
12500	-0.017840
12550	0.013033
12600	-0.028581
12650	0.007725
12700	0.211453
12750	0.254154
12800	-0.052813
12850	0.153038
12900	-0.000558
12950	0.211973
13000	-0.183235
13050	0.143521
13100	0.210752
13150	-0.033289
13200	0.129470
13250	-0.057055
13300	-0.077235
13350	0.217398
13400	0.226005
13450	0.026575
13500	0.150513
13550	0.211341
13600	0.115794
13650	0.115110
13700	-0.053739
13750	-0.071675
13800	0.136525
13850	0.106595
13900	-0.128731
13950	0.182170
14000	0.144894
14050	-0.022233
14100	0.260480
14150	0.265344
14200	0.157927
14250	-0.000802
14300	-0.035529
14350	0.058185
14400	0.092418
14450	0.063308
14500	0.346287
14550	0.134370
14600	0.164246
14650	0.242432
14700	0.213576
14750	-0.097059
14800	0.254297
14850	0.298108
14900	0.039928
14950	0.029090
15000	-0.116197
15050	0.298683
15100	-0.190978
15150	0.226928
15200	-0.162668
15250	-0.067319
15300	-0.254264
15350	0.033252
15400	0.092548
15450	-0.170947
15500	0.106076
15550	0.088783
15600	0.041625
15650	0.112916
15700	-0.141394
15750	0.197652
15800	-0.019730
15850	0.025647
15900	0.283873
15950	0.174480
16000	-0.196775
16050	-0.173920
16100	0.331777
16150	0.219488
16200	0.147415
16250	0.194866
16300	-0.153341
16350	0.173029
16400	-0.112166
16450	-0.135428
16500	-0.032388
16550	0.032723
16600	0.268698
16650	-0.004529
16700	0.047364
16750	0.113192
16800	-0.013362
16850	-0.018382
16900	-0.080811
16950	0.157172
17000	0.050515
17050	0.032943
17100	0.049350
17150	-0.004716
17200	0.068884
17250	0.051969
17300	0.015520
17350	-0.340427
17400	0.035541
17450	-0.017930
17500	0.089976
17550	-0.021601
17600	0.335379
17650	0.107859
17700	0.076866
17750	0.269618
17800	-0.012223
17850	0.083033
17900	0.160974
17950	0.084364
18000	0.087689
18050	0.092557
18100	0.005917
18150	0.335803
18200	-0.129724
18250	0.122424
18300	0.040169
18350	0.055478
18400	-0.012288
18450	0.056808
18500	-0.054305
18550	-0.187554
18600	-0.052076
18650	-0.035059
18700	0.242972
18750	0.281959
18800	0.179764
18850	0.109364
18900	0.111848
18950	0.265454
19000	-0.076153
19050	0.266201
19100	0.082122
19150	0.073144
19200	0.231954
19250	0.046036
19300	0.149442
19350	-0.115597
19400	0.054023
19450	0.325546
19500	0.044381
19550	0.237745
19600	0.132366
19650	0.174162
19700	0.004883
19750	0.224550
19800	0.077590
19850	0.064313
19900	-0.073537
19950	0.063633
20000	0.072816
20050	0.082403
20100	-0.179827
20150	-0.149621
20200	-0.308980
20250	0.224133
20300	-0.081055
20350	0.039682
20400	-0.053698
20450	0.152451
20500	0.002167
20550	0.025495
20600	0.003089
20650	0.031210
20700	0.113137
20750	0.030555
20800	0.000589
20850	0.137266
20900	-0.194806
20950	-0.070434
21000	0.275276
21050	-0.009482
21100	-0.095802
21150	-0.015546
21200	0.292319
21250	0.065257
21300	0.218894
21350	-0.136804
21400	-0.007745
21450	-0.156017
21500	-0.007753
21550	-0.053818
21600	-0.101648
21650	-0.020678
21700	-0.225906
21750	0.002628
21800	0.102207
21850	-0.148501
21900	-0.159020
21950	-0.134485
22000	-0.143083
22050	-0.060947
22100	0.154413
22150	0.067879
22200	0.118985
22250	0.199561
22300	-0.086874
22350	0.040970
22400	0.111698
22450	-0.135345
22500	0.079084
22550	0.114866
22600	0.141699
22650	0.058132
22700	-0.006826
22750	0.077882
22800	-0.047350
22850	-0.027688
22900	-0.131309
22950	0.071567
23000	0.184925
23050	0.236445
23100	-0.002449
23150	-0.137231
23200	-0.038240
23250	0.073864
23300	-0.017152
23350	0.203310
23400	0.062121
23450	-0.011205
23500	0.294956
23550	0.050680
23600	-0.025886
23650	-0.094843
23700	0.113180
23750	-0.004487
23800	0.035199
23850	-0.137335
23900	0.096334
23950	0.084207
24000	-0.149465
24050	0.008198
24100	0.157993
24150	-0.017151
24200	-0.032599
24250	-0.236516
24300	0.104867
24350	-0.201871
24400	-0.069080
24450	-0.192312
24500	0.054153
24550	0.016744
24600	0.115725
24650	0.246134
24700	0.385941
24750	0.005022
24800	-0.097756
24850	-0.135439
24900	0.007942
24950	-0.062153
25000	0.016654
25050	0.003406
25100	0.256738
25150	-0.025625
25200	0.075764
25250	-0.037716
25300	0.044201
25350	-0.104742
25400	-0.015767
25450	0.070200
25500	-0.011888
25550	-0.039658
25600	-0.192489
25650	0.314575
25700	0.181011
25750	-0.089347
25800	-0.020514
25850	0.024884
25900	0.070274
25950	-0.109010
26000	0.062025
26050	0.154685
26100	0.073936
26150	0.102042
26200	0.025541
26250	-0.160785
26300	0.229754
26350	0.124261
26400	-0.047902
26450	0.075843
26500	0.080700
26550	0.017345
26600	-0.115900
26650	-0.060680
26700	0.060416
26750	0.177984
26800	0.214982
26850	-0.010840
26900	0.118409
26950	-0.168296
27000	0.165266
27050	0.035485
27100	0.182246
27150	-0.151204
27200	0.029041
27250	0.019012
27300	-0.367006
27350	0.016395
27400	-0.156144
27450	-0.122195
27500	0.125095
27550	0.162697
27600	0.136498
27650	0.080081
27700	0.020942
27750	-0.007035
27800	0.124866
27850	0.019790
27900	-0.021685
27950	0.014329
28000	0.321535
28050	-0.005431
28100	0.125580
28150	-0.060478
28200	0.047659
28250	0.054188
28300	-0.053775
28350	-0.216209
28400	-0.036371
28450	-0.055387
28500	0.325286
28550	-0.040356
28600	0.009007
28650	0.079869
28700	0.000751
28750	0.040156
28800	-0.358649
28850	0.081725
28900	-0.055641
28950	0.170480
29000	-0.167607
29050	-0.144825
29100	-0.074466
29150	0.109314
29200	0.182739
29250	-0.059501
29300	-0.213959
29350	0.126417
29400	0.013304
29450	-0.175873
29500	0.063615
29550	0.247498
29600	-0.004157
29650	0.019193
29700	-0.122591
29750	0.104936
29800	-0.034012
29850	-0.324669
29900	-0.003913
29950	0.095865
30000	0.108105
30050	-0.082777
30100	0.088531
30150	0.088471
30200	-0.055700
30250	0.137163
30300	0.007410
30350	0.076636
30400	0.423839
30450	0.141822
30500	0.221431
30550	0.103750
30600	0.246210
30650	-0.086725
30700	0.226146
30750	-0.158645
30800	0.286446
30850	0.207567
30900	-0.014147
30950	0.089380
31000	0.154501
31050	0.188194
31100	0.052787
31150	0.036800
31200	-0.092378
31250	0.134520
31300	0.308013
31350	0.175269
31400	0.055527
31450	-0.190053
31500	0.018332
31550	0.186221
31600	0.121654
31650	0.209005
31700	0.237699
31750	-0.114707
31800	-0.051958
31850	0.145356
31900	0.166985
31950	0.050727
32000	-0.039482
32050	-0.055042
32100	-0.099466
32150	0.249507
32200	-0.067622
32250	-0.135885
32300	0.030092
32350	-0.037731
32400	0.056215
32450	-0.109661
32500	0.131371
32550	0.073116
32600	0.286655
32650	0.237865
32700	0.151701
32750	-0.048047
32800	0.073200
32850	-0.274375
32900	0.190516
32950	-0.076343
33000	0.049484
33050	0.119116
33100	0.305272
33150	0.101789
33200	0.138743
33250	0.307695
33300	-0.117613
33350	0.020079
33400	0.084688
33450	0.245994
33500	0.068541
33550	0.185890
33600	0.384608
33650	0.177684
33700	0.078863
33750	0.104615
33800	0.125652
33850	-0.125779
33900	0.306653
33950	0.049601
34000	0.079237
34050	-0.091985
34100	-0.268270
34150	0.000560
34200	0.077870
34250	-0.117634
34300	-0.044493
34350	-0.224933
34400	0.066724
34450	-0.058412
34500	0.121513
34550	0.267526
34600	-0.034447
34650	-0.006548
34700	-0.232277
34750	-0.006126
34800	0.019973
34850	0.116908
34900	0.018650
34950	0.062589
35000	0.238390
35050	0.049540
35100	-0.029504
35150	0.038192
35200	-0.165282
35250	0.068697
35300	-0.037027
35350	0.178663
35400	-0.139945
35450	0.086450
35500	-0.055011
35550	0.070909
35600	-0.155279
35650	0.238797
35700	0.230746
35750	-0.235108
35800	0.323082
35850	0.044026
35900	0.041949
35950	-0.057770
36000	-0.025434
36050	-0.088760
36100	-0.037050
36150	0.114430
36200	-0.226334
36250	0.093224
36300	0.242197
36350	0.017502
36400	0.129692
36450	-0.100702
36500	-0.231539
36550	0.153449
36600	-0.137300
36650	-0.083978
36700	-0.220883
36750	-0.046398
36800	0.219154
36850	0.226339
36900	-0.121601
36950	0.081008
37000	0.156029
37050	0.261818
37100	0.183616
37150	0.210760
37200	-0.050135
37250	-0.036044
37300	-0.019628
37350	0.208287
37400	0.203925
37450	0.214533
37500	0.082176
37550	0.089133
37600	0.051906
37650	-0.085728
37700	0.204154
37750	0.005937
37800	0.046787
37850	-0.014501
37900	0.284084
37950	0.125586
38000	0.178646
38050	-0.038369
38100	0.079462
38150	0.155911
38200	0.136719
38250	0.175515
38300	-0.074096
38350	-0.056021
38400	0.078033
38450	0.095127
38500	0.112733
38550	0.223517
38600	0.261060
38650	-0.152038
38700	-0.339112
38750	0.019821
38800	0.050398
38850	0.236242
38900	-0.155469
38950	-0.050206
39000	0.041726
39050	0.144332
39100	-0.025864
39150	0.044641
39200	0.108556
39250	0.412049
39300	0.011299
39350	0.075962
39400	0.178058
39450	0.012936
39500	0.067151
39550	0.152502
39600	-0.030294
39650	-0.042083
39700	0.117212
39750	-0.005615
39800	-0.076692
39850	0.067134
39900	0.137944
39950	-0.098238
40000	0.046591
40050	0.035494
40100	0.069838
40150	-0.065538
40200	-0.092713
40250	-0.118988
40300	-0.079122
40350	0.089851
40400	0.087730
40450	-0.010857
40500	0.131084
40550	0.126708
40600	-0.061229
40650	0.127952
40700	0.335852
40750	0.067262
40800	0.055480
40850	-0.000648
40900	0.114773
40950	0.029112
41000	0.115408
41050	0.030629
41100	0.125670
41150	-0.031818
41200	-0.119038
41250	-0.012101
41300	0.030563
41350	-0.015818
41400	0.060500
41450	-0.028474
41500	-0.092260
41550	-0.047190
41600	0.199096
41650	0.297128
41700	0.075099
41750	0.039085
41800	-0.131932
41850	0.114600
41900	0.094037
41950	-0.006202
42000	-0.047975
42050	0.031076
42100	-0.100194
42150	0.159193
42200	-0.092216
42250	0.098390
42300	0.223619
42350	-0.041758
42400	0.147714
42450	0.009849
42500	-0.086558
42550	0.214618
42600	0.008339
42650	-0.214371
42700	0.006916
42750	0.140665
42800	0.460787
42850	-0.162078
42900	0.057769
42950	0.214173
43000	0.260023
43050	0.149437
43100	0.460969
43150	0.141674
43200	0.226013
43250	-0.181731
43300	0.057525
43350	0.108375
43400	0.078744
43450	0.144583
43500	0.363392
43550	0.135866
43600	0.092198
43650	0.297661
43700	0.273762
43750	0.066908
43800	0.138769
43850	0.083963
43900	0.140253
43950	-0.133300
44000	-0.023966
44050	0.036062
44100	0.061582
44150	0.145804
44200	-0.129402
44250	0.121322
44300	0.027663
44350	-0.021122
44400	0.073109
44450	-0.005890
44500	0.139292
44550	0.010892
44600	0.086862
44650	0.036657
44700	0.323036
44750	0.167529
44800	0.041001
44850	-0.038164
44900	-0.073230
44950	0.032057
45000	0.241898
45050	0.122615
45100	-0.040314
45150	0.074551
45200	0.068690
45250	0.265494
45300	0.278286
45350	-0.050190
45400	0.209425
45450	0.333012
45500	0.253149
45550	0.109306
45600	0.009222
45650	-0.021070
45700	0.060696
45750	0.069285
45800	0.040696
45850	-0.030172
45900	-0.027388
45950	-0.051730
46000	0.155597
46050	0.061084
46100	-0.151604
46150	0.095228
46200	-0.010462
46250	-0.033303
46300	0.070430
46350	0.100630
46400	-0.113233
46450	-0.105194
46500	0.195186
46550	-0.073230
46600	-0.008838
46650	0.034123
46700	0.106132
46750	0.252699
46800	0.069553
46850	-0.064962
46900	0.097828
46950	-0.065696
47000	-0.036027
47050	-0.013193
47100	0.103713
47150	0.297882
47200	0.282032
47250	0.270369
47300	0.157504
47350	-0.022451
47400	0.025012
47450	0.141438
47500	0.096252
47550	0.018869
47600	0.088070
47650	0.073280
47700	-0.199436
47750	0.018989
47800	0.257310
47850	-0.155165
47900	0.229061
47950	-0.289270
48000	0.112261
48050	-0.125439
48100	0.079806
48150	-0.151699
48200	0.068102
48250	-0.233761
48300	-0.031898
48350	-0.145394
48400	-0.123170
48450	0.029148
48500	0.073806
48550	0.000940
48600	0.215622
48650	-0.078775
48700	0.005603
48750	0.071535
48800	0.102748
48850	-0.022437
48900	-0.007855
48950	-0.274467
49000	-0.142981
49050	0.018952
49100	0.392191
49150	-0.157706
49200	0.102323
49250	0.036353
49300	0.231338
49350	0.200486
49400	0.141188
49450	-0.145983
49500	0.216471
49550	0.074913
49600	0.064583
49650	0.022682
49700	0.011614
49750	0.085956
49800	0.042643
49850	-0.018186
49900	-0.056811
49950	0.062314
50000	0.103913
50050	0.203083
50100	-0.073009
50150	0.134917
50200	0.131137
50250	0.239035
50300	0.225600
50350	-0.301067
50400	-0.043725
50450	0.122926
50500	0.140732
50550	-0.023641
50600	-0.073364
50650	0.107130
50700	0.055003
50750	0.362816
50800	0.245279
50850	0.394709
50900	0.209251
50950	0.268215
51000	0.249345
51050	0.149650
51100	0.273362
51150	-0.067043
51200	-0.065362
51250	0.088704
51300	0.274263
51350	-0.025861
51400	0.216790
51450	0.004360
51500	-0.079897
51550	0.256360
51600	-0.053565
51650	-0.020432
51700	0.214091
51750	0.089827
51800	0.263332
51850	0.262683
51900	0.166046
51950	0.126895
52000	0.005445
52050	0.163363
52100	0.074238
52150	0.222411
52200	0.135101
52250	-0.069713
52300	0.064181
52350	-0.015347
52400	0.062836
52450	-0.001042
52500	-0.066354
52550	0.117030
52600	0.019859
52650	0.245296
52700	0.223733
52750	0.133585
52800	-0.050414
52850	-0.093383
52900	-0.327851
52950	-0.087322
53000	0.385737
53050	-0.088651
53100	-0.033783
53150	-0.071395
53200	0.167711
53250	-0.082620
53300	0.085877
53350	0.193595
53400	0.014762
53450	0.038136
53500	0.349288
53550	-0.044043
53600	-0.170815
53650	-0.177509
53700	-0.046377
53750	-0.009649
53800	0.122833
53850	0.159951
53900	0.051316
53950	-0.069576
54000	-0.153469
54050	-0.069706
54100	0.091333
54150	0.048337
54200	0.228266
54250	-0.097823
54300	0.221089
54350	-0.007596
54400	-0.105319
54450	0.114748
54500	-0.026549
54550	-0.061880
54600	-0.018549
54650	0.002527
54700	0.116398
54750	0.052151
54800	0.091300
54850	0.058335
54900	0.083524
54950	-0.072045
55000	0.057494
55050	-0.019999
55100	-0.203968
55150	-0.197348
55200	-0.025101
55250	0.059410
55300	-0.207258
55350	0.011374
55400	-0.208850
55450	0.126416
55500	-0.140130
55550	-0.175819
55600	0.078543
55650	0.200390
55700	0.059564
55750	0.015083
55800	-0.196863
55850	-0.085370
55900	-0.096055
55950	0.188574
56000	0.037491
56050	0.029897
56100	0.300538
56150	-0.019154
56200	0.265350
56250	0.114325
56300	-0.042805
56350	0.008866
56400	0.082099
56450	0.104031
56500	-0.036657
56550	0.160015
56600	0.036543
56650	0.368590
56700	0.046319
56750	0.192706
56800	0.005627
56850	0.053422
56900	0.117990
56950	-0.111208
57000	0.257348
57050	-0.039628
57100	-0.022626
57150	0.132199
57200	0.051426
57250	0.300348
57300	0.354575
57350	-0.123319
57400	0.044419
57450	-0.018604
57500	0.321545
57550	-0.046911
57600	0.140538
57650	-0.073644
57700	0.023193
57750	0.202586
57800	0.103885
57850	0.270082
57900	-0.102777
57950	0.340266
58000	0.149011
58050	0.065311
58100	0.027567
58150	-0.036561
58200	0.134802
58250	0.333309
58300	-0.004271
58350	0.067251
58400	0.037626
58450	-0.230516
58500	-0.038659
58550	-0.174214
58600	0.020254
58650	0.129230
58700	0.173786
58750	0.015822
58800	0.168611
58850	-0.003581
58900	0.362325
58950	0.248292
59000	-0.180022
59050	0.117554
59100	0.312900
59150	0.239601
59200	0.055710
59250	-0.062751
59300	-0.026452
59350	-0.175618
59400	-0.191622
59450	-0.212454
59500	0.164942
59550	-0.022271
59600	0.076236
59650	0.312775
59700	0.311921
59750	0.110315
59800	0.133206
59850	0.047303
59900	0.096061
59950	-0.077512
60000	0.067684
60050	-0.006232
60100	0.142968
60150	0.015087
60200	-0.153088
60250	0.111844
60300	0.191098
60350	0.041568
60400	0.084592
60450	-0.081694
60500	-0.007307
60550	-0.038832
60600	-0.004889
60650	-0.048604
60700	0.254794
60750	0.188195
60800	0.224482
60850	0.019428
60900	0.111222
60950	-0.227982
61000	-0.004806
61050	-0.213933
61100	-0.089763
61150	0.216364
61200	-0.165692
61250	-0.136572
61300	-0.168042
61350	-0.041980
61400	0.099755
61450	0.083440
61500	-0.102551
61550	0.095859
61600	0.100453
61650	0.006027
61700	-0.021641
61750	0.191717
61800	0.062744
61850	0.310670
61900	-0.086361
61950	-0.113872
62000	-0.027265
62050	0.013603
62100	-0.038010
62150	-0.167917
62200	0.001790
62250	-0.122939
62300	-0.099440
62350	-0.041511
62400	0.215221
62450	0.239434
62500	-0.101719
62550	0.072184
62600	0.053079
62650	-0.064106
62700	-0.155440
62750	-0.298190
62800	0.054413
62850	-0.143768
62900	-0.019957
62950	0.095910
63000	0.040259
63050	0.350849
63100	0.014845
63150	0.039606
63200	0.097539
63250	-0.121316
63300	0.034017
63350	-0.147698
63400	0.180345
63450	0.230968
63500	-0.136400
63550	-0.172324
63600	0.083066
63650	0.004293
63700	0.042971
63750	0.012706
63800	0.255328
63850	0.067454
63900	-0.134201
63950	0.069797
64000	-0.295418
64050	0.052587
64100	0.087452
64150	0.081999
64200	-0.082784
64250	0.183108
64300	0.024977
64350	-0.100024
64400	0.021690
64450	-0.052163
64500	-0.063173
64550	-0.023327
64600	0.298262
64650	-0.147603
64700	0.050357
64750	0.096511
64800	-0.154070
64850	-0.118639
64900	0.103162
64950	0.108581
65000	0.089442
65050	-0.145399
65100	0.050216
65150	0.029017
65200	0.021005
65250	-0.063956
65300	-0.020682
65350	-0.070090
65400	-0.087646
65450	-0.099352
65500	-0.007609
65550	0.117267
65600	-0.023012
65650	0.195140
65700	0.054035
65750	-0.157236
65800	-0.141079
65850	-0.102966
65900	0.014153
65950	0.010448
66000	0.136893
66050	0.065369
66100	-0.076914
66150	-0.063396
66200	0.090350
66250	0.048984
66300	-0.120949
66350	0.140882
66400	-0.064064
66450	0.031326
66500	0.103870
66550	0.013418
66600	-0.057373
66650	0.163368
66700	-0.060076
66750	0.115441
66800	-0.145705
66850	0.154713
66900	0.024494
66950	0.022002
67000	0.169331
67050	0.156206
67100	0.064546
67150	0.112019
67200	-0.116145
67250	0.098016
67300	0.068586
67350	0.057778
67400	0.004540
67450	0.111512
67500	0.044421
67550	-0.106415
67600	0.070312
67650	-0.064313
67700	0.011826
67750	0.112226
67800	-0.137305
67850	-0.152522
67900	0.123332
67950	0.255154
68000	-0.169731
68050	0.081738
68100	-0.017474
68150	0.014395
68200	0.038809
68250	0.032550
68300	0.105934
68350	-0.138405
68400	0.012638
68450	-0.209527
68500	-0.147611
68550	0.133250
68600	-0.096807
68650	-0.049772
68700	-0.050925
68750	0.209844
68800	-0.304477
68850	-0.081358
68900	-0.128683
68950	0.230718
69000	-0.020796
69050	-0.049301
69100	-0.003837
69150	-0.225671
69200	0.240806
69250	0.178487
69300	-0.118938
69350	-0.074515
69400	-0.030499
69450	0.124565
69500	0.228768
69550	0.236088
69600	0.067154
69650	0.177693
69700	-0.073198
69750	0.286098
69800	0.031878
69850	-0.298961
69900	0.106542
69950	0.103335
70000	0.037761
70050	0.279518
70100	0.134181
70150	-0.075316
70200	-0.046752
70250	-0.196364
70300	-0.001124
70350	-0.002223
70400	0.033299
70450	0.046162
70500	-0.118180
70550	-0.018542
70600	0.157448
70650	0.146556
70700	0.095713
70750	-0.042093
70800	0.096056
70850	-0.007026
70900	0.252394
70950	0.109655
71000	-0.229853
71050	-0.005034
71100	0.164647
71150	-0.015529
71200	0.166338
71250	-0.095301
71300	-0.096595
71350	-0.237533
71400	0.041474
71450	-0.090717
71500	0.103460
71550	-0.001615
71600	-0.114960
71650	0.335656
71700	0.001229
71750	-0.021485
71800	0.083393
71850	0.121276
71900	-0.315699
71950	0.187713
72000	0.007235
72050	-0.092522
72100	-0.079902
72150	-0.267890
72200	-0.046924
72250	0.076108
72300	-0.082153
72350	-0.046094
72400	0.132059
72450	-0.257491
72500	-0.292396
72550	0.057304
72600	-0.164784
72650	-0.116255
72700	-0.014289
72750	-0.053275
72800	0.129724
72850	0.034358
72900	0.195689
72950	-0.063638
73000	0.094311
73050	0.035745
73100	0.001982
73150	0.158453
73200	0.077147
73250	0.104792
73300	-0.093602
73350	-0.213010
73400	0.120758
73450	0.382245
73500	0.077954
73550	-0.053996
73600	0.021547
73650	-0.008919
73700	0.314915
73750	0.287935
73800	0.027196
73850	-0.037958
73900	0.174032
73950	0.117511
74000	0.187610
74050	0.126116
74100	0.271016
74150	-0.034193
74200	-0.024128
74250	0.231593
74300	0.027697
74350	-0.295138
74400	-0.088617
74450	-0.030976
74500	0.069571
74550	0.110521
74600	-0.044918
74650	-0.093236
74700	-0.158920
74750	0.022891
74800	0.003359
74850	-0.047778
74900	0.068231
74950	-0.016663
75000	0.030582
75050	0.040443
75100	0.020926
75150	0.102153
75200	0.110062
75250	-0.199734
75300	0.239453
75350	-0.005848
75400	0.009022
75450	0.230325
75500	0.022542
75550	0.265069
75600	0.208759
75650	0.329087
75700	0.055292
75750	-0.036347
75800	0.041332
75850	-0.004747
75900	0.124776
75950	0.285607
76000	0.001398
76050	-0.251267
76100	0.182675
76150	0.201245
76200	0.137846
76250	0.228441
76300	0.384998
76350	-0.034846
76400	0.126736
76450	-0.050320
76500	-0.034399
76550	-0.148215
76600	0.111570
76650	0.253426
76700	0.323187
76750	0.016047
76800	-0.054211
76850	0.026500
76900	-0.058445
76950	0.188036
77000	0.096681
77050	-0.107754
77100	0.260094
77150	-0.065275
77200	-0.113413
77250	0.344569
77300	0.068457
77350	-0.037841
77400	-0.001163
77450	-0.081631
77500	-0.138135
77550	0.103990
77600	-0.068605
77650	0.300059
77700	-0.106219
77750	0.255996
77800	0.151938
77850	0.397887
77900	0.233791
77950	0.097616
78000	0.115719
78050	0.032560
78100	0.141572
78150	-0.128589
78200	-0.036807
78250	0.071333
78300	0.219340
78350	0.160580
78400	-0.131701
78450	0.185573
78500	0.255798
78550	-0.075084
78600	0.231946
78650	-0.009980
78700	0.265554
78750	-0.419498
78800	-0.129023
78850	-0.092164
78900	0.151017
78950	-0.109723
79000	-0.041432
79050	-0.112582
79100	-0.033640
79150	0.051317
79200	-0.097534
79250	0.135059
79300	0.104542
79350	-0.149061
79400	0.182131
79450	-0.304842
79500	-0.159652
79550	-0.039085
79600	0.016476
79650	0.153711
79700	0.116902
79750	0.128660
79800	0.021563
79850	-0.156698
79900	0.039802
79950	0.079296
80000	0.108474
80050	-0.099758
80100	0.000511
80150	0.229788
80200	-0.159893
80250	0.060918
80300	-0.028693
80350	-0.140829
80400	0.002539
80450	-0.205565
80500	-0.065541
80550	-0.192561
80600	-0.063181
80650	0.235653
80700	-0.012826
80750	0.009536
80800	-0.015739
80850	-0.226768
80900	-0.127924
80950	0.037663
81000	0.016476
81050	0.091454
81100	-0.057344
81150	-0.007459
81200	-0.171600
81250	0.038407
81300	0.238805
81350	-0.006542
81400	-0.227410
81450	-0.103174
81500	0.251078
81550	0.092498
81600	-0.072168
81650	-0.059927
81700	-0.122919
81750	0.030806
81800	-0.028600
81850	0.117029
81900	-0.048841
81950	0.065096
82000	-0.008180
82050	0.059616
82100	-0.053476
82150	-0.036332
82200	-0.264325
82250	0.101136
82300	0.060735
82350	-0.194679
82400	0.133053
82450	-0.010342
82500	-0.069977
82550	-0.137091
82600	0.189732
82650	0.074384
82700	0.057028
82750	-0.116000
82800	0.128913
82850	0.137189
82900	0.026112
82950	0.214367
83000	0.244171
83050	0.293585
83100	-0.009161
83150	0.016592
83200	-0.135183
83250	-0.045270
83300	-0.093781
83350	-0.147329
83400	0.331613
83450	0.185825
83500	0.078149
83550	0.014670
83600	-0.125757
83650	-0.009533
83700	0.155651
83750	-0.104635
83800	-0.158752
83850	0.262724
83900	0.122991
83950	0.153483
84000	-0.115047
84050	0.287200
84100	0.134230
84150	0.190362
84200	0.162359
84250	0.027964
84300	0.110702
84350	-0.056234
84400	0.281109
84450	-0.111556
84500	-0.177671
84550	0.139788
84600	0.289917
84650	-0.015424
84700	0.159358
84750	0.104241
84800	0.113130
84850	-0.089965
84900	-0.048723
84950	0.225181
85000	-0.160359
85050	0.061349
85100	-0.017215
85150	0.025709
85200	-0.165486
85250	-0.192218
85300	-0.020313
85350	0.231017
85400	-0.103177
85450	-0.081259
85500	-0.006935
85550	0.203373
85600	0.170643
85650	0.072241
85700	-0.039209
85750	0.208312
85800	0.048141
85850	0.152777
85900	0.140139
85950	0.245044
86000	0.115108
86050	0.154924
86100	-0.032562
86150	-0.106238
86200	0.091838
86250	0.025807
86300	-0.214641
86350	-0.168771
86400	0.104737
86450	0.148593
86500	0.096114
86550	0.065101
86600	-0.182219
86650	0.093206
86700	-0.038418
86750	-0.050524
86800	-0.182027
86850	0.066460
86900	0.352970
86950	0.183955
87000	-0.130728
87050	-0.136135
87100	0.080213
87150	-0.021949
87200	0.043797
87250	0.141943
87300	-0.255159
87350	0.263422
87400	0.057569
87450	0.521107
87500	0.270139
87550	0.033157
87600	0.121529
87650	-0.019347
87700	-0.063861
87750	0.143541
87800	0.069355
87850	0.301988
87900	0.140338
87950	-0.123964
88000	0.101502
88050	-0.056759
88100	0.263417
88150	0.188476
88200	-0.076958
88250	-0.069751
88300	0.212675
88350	-0.048560
88400	0.084210
88450	0.107138
88500	0.331917
88550	0.068707
88600	0.055368
88650	0.156789
88700	-0.169519
88750	-0.144340
88800	0.109709
88850	0.125644
88900	-0.077629
88950	0.103727
89000	0.007856
89050	-0.108511
89100	-0.204406
89150	0.237098
89200	-0.139389
89250	0.329070
89300	-0.061995
89350	0.263832
89400	0.022867
89450	0.213155
89500	-0.014685
89550	0.137562
89600	0.165679
89650	-0.064440
89700	-0.067723
89750	0.256819
89800	-0.062610
89850	-0.007225
89900	0.022663
89950	0.198455
90000	0.163115
90050	-0.017033
90100	0.367754
90150	-0.015677
90200	-0.125279
90250	-0.070331
90300	0.157705
90350	0.305544
90400	-0.131414
90450	0.146756
90500	0.085086
90550	-0.135872
90600	0.026664
90650	0.017305
90700	0.270010
90750	0.005779
90800	0.028321
90850	-0.015535
90900	-0.243156
90950	0.367328
91000	0.214185
91050	0.063901
91100	0.042441
91150	0.302700
91200	0.143708
91250	-0.146047
91300	0.278053
91350	0.108923
91400	0.200458
91450	0.166462
91500	0.212293
91550	0.150515
91600	0.201135
91650	-0.054355
91700	0.196269
91750	-0.125853
91800	-0.050750
91850	0.015109
91900	-0.189050
91950	0.294774
92000	0.012533
92050	0.088735
92100	-0.081948
92150	0.065968
92200	0.192350
92250	0.033379
92300	0.014994
92350	-0.071597
92400	0.176246
92450	0.138904
92500	0.148510
92550	0.319624
92600	-0.018265
92650	-0.088638
92700	0.241831
92750	0.269933
92800	0.002883
92850	-0.004279
92900	-0.041134
92950	0.103674
93000	0.141713
93050	-0.043600
93100	-0.031675
93150	0.058489
93200	0.267529
93250	0.212549
93300	-0.168954
93350	-0.111305
93400	0.168304
93450	0.016878
93500	-0.030113
93550	0.034479
93600	-0.073188
93650	-0.004630
93700	0.116990
93750	-0.070942
93800	0.143583
93850	-0.037232
93900	-0.006775
93950	0.098102
94000	0.024624
94050	0.000815
94100	0.214313
94150	0.086490
94200	0.164611
94250	0.228289
94300	0.055219
94350	-0.058961
94400	-0.090681
94450	0.128244
94500	0.209778
94550	0.256099
94600	0.077975
94650	-0.250650
94700	0.133723
94750	0.001561
94800	0.000805
94850	0.112315
94900	0.131370
94950	0.025938
95000	0.023536
95050	-0.058298
95100	0.154284
95150	-0.048726
95200	-0.052192
95250	0.013309
95300	0.046803
95350	-0.229589
95400	0.090089
95450	0.212865
95500	-0.035709
95550	0.054074
95600	0.014965
95650	0.065494
95700	-0.064108
95750	0.041850
95800	0.050183
95850	0.005994
95900	0.084864
95950	-0.003766
96000	0.114087
96050	0.175095
96100	0.039262
96150	-0.078136
96200	0.034210
96250	0.133321
96300	-0.016078
96350	0.071925
96400	0.048353
96450	-0.130762
96500	0.212568
96550	0.064161
96600	0.337193
96650	0.221649
96700	-0.000366
96750	0.103345
96800	0.164166
96850	0.148549
96900	0.056195
96950	-0.086411
97000	0.080603
97050	0.005161
97100	-0.083514
97150	-0.299587
97200	0.148260
97250	0.086493
97300	0.095870
97350	0.225573
97400	0.091980
97450	0.098365
97500	-0.099540
97550	-0.027749
97600	0.071983
97650	0.078775
97700	0.020575
97750	0.082946
97800	0.097683
97850	0.125497
97900	-0.139201
97950	-0.230676
98000	-0.132811
98050	0.117580
98100	-0.021935
98150	0.308219
98200	-0.139314
98250	-0.019088
98300	-0.128015
98350	-0.132420
98400	0.048523
98450	0.126972
98500	-0.262210
98550	0.087459
98600	0.236963
98650	0.258246
98700	0.202944
98750	-0.114831
98800	0.122874
98850	0.058479
98900	0.288617
98950	-0.022160
99000	-0.008020
99050	0.157846
99100	-0.103279
99150	-0.161646
99200	0.069397
99250	-0.122175
99300	-0.019903
99350	-0.105195
99400	0.025074
99450	-0.245724
99500	-0.113895
99550	-0.149628
99600	-0.082652
99650	-0.194274
99700	-0.128955
99750	0.058682
99800	-0.075123
99850	-0.168894
99900	0.053254
99950	-0.056266
100000	0.125361
100050	0.109624
100100	0.055278
100150	-0.005301
100200	0.099015
100250	-0.033686
100300	-0.043148
100350	0.078396
100400	0.067596
100450	0.227229
100500	0.414412
100550	-0.200125
100600	0.062219
100650	0.170219
100700	0.283319
100750	0.102726
100800	-0.025265
100850	-0.064984
100900	-0.281879
100950	-0.207406
101000	0.184448
101050	0.316079
101100	0.031727
101150	0.035325
101200	0.134777
101250	0.141916
101300	-0.109493
101350	-0.110662
101400	0.123275
101450	0.330822
101500	0.073270
101550	0.131839
101600	0.114672
101650	0.146164
101700	0.142644
101750	0.058419
101800	0.153043
101850	0.237348
101900	-0.089471
101950	0.299259
102000	0.199381
102050	-0.166400
102100	-0.015506
102150	0.252154
102200	0.063555
102250	0.099001
102300	-0.032111
102350	-0.003561
102400	-0.110014
102450	0.036486
102500	0.364661
102550	0.155032
102600	0.222231
102650	0.140227
102700	0.218171
102750	0.231280
102800	0.146762
102850	0.031916
102900	-0.038903
102950	0.020881
103000	0.067503
103050	-0.154360
103100	0.111222
103150	0.154886
103200	0.155728
103250	-0.000653
103300	0.114058
103350	-0.011573
103400	-0.117794
103450	0.087959
103500	0.020425
103550	0.066223
103600	-0.033781
103650	0.067006
103700	0.213774
103750	0.139420
103800	0.021135
103850	0.026757
103900	-0.144263
103950	-0.162225
104000	0.032830
104050	-0.134249
104100	-0.056648
104150	-0.046735
104200	0.052607
104250	0.123496
104300	0.046109
104350	0.161187
104400	0.271972
104450	-0.013662
104500	0.398307
104550	-0.074762
104600	0.004937
104650	0.223997
104700	-0.042899
104750	0.091394
104800	0.203460
104850	-0.125335
104900	-0.221738
104950	0.021829
105000	0.060305
105050	-0.160598
105100	0.210977
105150	0.119812
105200	-0.019539
105250	0.189504
105300	-0.171707
105350	0.002087
105400	0.168209
105450	-0.020354
105500	0.258983
105550	0.061827
105600	0.307555
105650	-0.046641
105700	-0.108424
105750	-0.071241
105800	0.108784
105850	0.234722
105900	-0.077634
105950	0.080798
106000	0.246957
106050	0.078673
106100	0.262182
106150	0.012798
106200	-0.170836
106250	-0.221595
106300	0.067892
106350	0.196541
106400	0.160665
106450	0.058773
106500	-0.075521
106550	0.339419
106600	0.088434
106650	0.052917
106700	-0.033880
106750	0.104898
106800	0.382609
106850	0.125213
106900	0.398829
106950	0.067496
107000	0.099241
107050	0.153200
107100	0.072375
107150	0.228218
107200	0.018474
107250	-0.080653
107300	0.047569
107350	0.175307
107400	0.033914
107450	-0.104367
107500	0.154110
107550	0.081890
107600	-0.088483
107650	0.129000
107700	0.234055
107750	0.010882
107800	0.005825
107850	-0.027116
107900	0.001255
107950	-0.032431
108000	0.164725
108050	-0.081964
108100	0.220777
108150	0.155359
108200	0.074518
108250	0.148178
108300	0.258874
108350	0.031109
108400	-0.093267
108450	0.012695
108500	0.025436
108550	0.181528
108600	0.037757
108650	0.140073
108700	-0.010435
108750	0.056496
108800	0.169675
108850	0.116910
108900	0.054213
108950	-0.052245
109000	0.083863
109050	0.155133
109100	0.103924
109150	0.124777
109200	-0.018544
109250	-0.078126
109300	0.050214
109350	-0.025541
109400	-0.169375
109450	-0.195193
109500	-0.131333
109550	-0.229823
109600	-0.143809
109650	-0.016583
109700	-0.107008
109750	0.139777
109800	0.016959
109850	-0.099044
109900	0.260227
109950	-0.069478
110000	0.089526
110050	-0.084297
110100	0.021618
110150	0.218647
110200	0.098974
110250	0.182986
110300	0.145683
110350	0.064825
110400	0.134932
110450	0.197819
110500	0.016931
110550	0.193260
110600	-0.061644
110650	-0.237762
110700	0.220902
110750	0.014844
110800	0.134736
110850	0.188059
110900	-0.003560
110950	-0.036715
111000	0.186280
111050	-0.006990
111100	-0.027701
111150	-0.146142
111200	0.062466
111250	-0.009634
111300	-0.039085
111350	-0.303398
111400	0.143405
111450	-0.275937
111500	-0.057381
111550	-0.015150
111600	-0.127603
111650	-0.047367
111700	-0.206256
111750	0.203771
111800	-0.107527
111850	0.347835
111900	0.125963
111950	0.151610
112000	-0.108897
112050	0.186851
112100	0.043907
112150	0.118298
112200	-0.008248
112250	-0.034621
112300	0.017418
112350	0.188923
112400	-0.058188
112450	0.204478
112500	0.179350
112550	-0.077834
112600	0.217787
112650	0.155814
112700	0.226020
112750	0.074175
112800	0.133924
112850	0.317813
112900	-0.039448
112950	-0.053582
113000	0.139290
113050	-0.006258
113100	0.123059
113150	-0.114642
113200	0.318013
113250	-0.142912
113300	0.061282
113350	-0.132761
113400	-0.001206
113450	0.105347
113500	-0.075277
113550	0.278528
113600	-0.024729
113650	0.195639
113700	-0.249649
113750	0.050251
113800	-0.021565
113850	0.071637
113900	-0.015373
113950	0.433262
114000	0.064707
114050	-0.064573
114100	0.065386
114150	-0.164700
114200	0.228043
114250	0.201396
114300	-0.063310
114350	0.092298
114400	-0.121658
114450	-0.027287
114500	0.013955
114550	0.087166
114600	0.127363
114650	0.496344
114700	-0.072594
114750	-0.060568
114800	0.139880
114850	-0.047500
114900	-0.114290
114950	0.120376
115000	-0.076718
115050	0.165895
115100	-0.046517
115150	-0.047931
115200	0.050797
115250	0.130043
115300	0.077304
115350	-0.006710
115400	-0.031817
115450	0.067103
115500	0.061876
115550	-0.036667
115600	0.132440
115650	0.115011
115700	0.093539
115750	-0.073447
115800	0.026746
115850	0.060009
115900	-0.021592
115950	-0.152857
116000	0.003559
116050	0.084972
116100	0.162190
116150	-0.003761
116200	0.081623
116250	0.088230
116300	0.136116
116350	0.128338
116400	-0.037853
116450	0.094210
116500	0.411377
116550	0.027959
116600	0.235088
116650	0.158211
116700	-0.063655
116750	-0.163465
116800	0.218411
116850	0.213410
116900	0.029879
116950	-0.045499
117000	0.031867
117050	-0.021032
117100	0.058262
117150	0.158349
117200	0.179537
117250	0.015279
117300	-0.001178
117350	0.201322
117400	0.040115
117450	0.254672
117500	0.337872
117550	0.103377
117600	0.015894
117650	0.038172
117700	-0.028536
117750	0.076637
117800	0.088422
117850	-0.156255
117900	-0.021570
117950	-0.055658
118000	-0.075169
118050	0.058075
118100	-0.016145
118150	0.219756
118200	0.108804
118250	-0.087809
118300	0.094140
118350	0.168274
118400	0.040503
118450	-0.026846
118500	0.043772
118550	-0.095826
118600	-0.163072
118650	-0.163489
118700	0.164493
118750	0.158278
118800	0.244948
118850	-0.006781
118900	-0.006106
118950	0.149624
119000	0.081779
119050	-0.021276
119100	0.112611
119150	-0.105971
119200	0.051973
119250	0.270147
119300	0.120124
119350	-0.025329
119400	0.082685
119450	0.238754
119500	0.030986
119550	0.078419
119600	0.206036
119650	-0.045918
119700	0.150026
119750	0.307292
119800	-0.003240
119850	-0.007802
119900	-0.051155
119950	-0.048087
120000	0.098571
120050	-0.162240
120100	0.168862
120150	0.238126
120200	0.033522
120250	0.022351
120300	0.125252
120350	0.108892
120400	0.158263
120450	0.133037
120500	0.080335
120550	0.085289
120600	0.034505
120650	0.226455
120700	0.059125
120750	0.073866
120800	-0.154173
120850	0.232037
120900	0.079309
120950	0.114986
121000	0.105580
121050	0.198276
121100	0.004818
121150	-0.076308
121200	0.188015
121250	-0.173642
121300	0.012131
121350	0.126312
121400	0.196017
121450	0.052467
121500	0.176103
121550	0.209787
121600	0.063656
121650	0.017659
121700	0.031037
121750	0.231042
121800	-0.028273
121850	0.064686
121900	0.264733
121950	0.229439
122000	0.063849
122050	-0.099311
122100	-0.163371
122150	0.004569
122200	-0.004798
122250	-0.174730
122300	0.130980
122350	-0.011530
122400	-0.104885
122450	-0.180489
122500	-0.046182
122550	-0.092289
122600	0.151607
122650	0.166824
122700	0.191083
122750	0.002423
122800	0.057280
122850	0.042774
122900	0.080932
122950	0.227537
123000	0.028477
123050	0.050660
123100	0.181956
123150	0.008631
123200	0.219475
123250	-0.075730
123300	0.260221
123350	0.070046
123400	0.182492
123450	0.186349
123500	0.162819
123550	0.125809
123600	-0.126282
123650	-0.079976
123700	0.236821
123750	0.027074
123800	0.065232
123850	0.018989
123900	0.081327
123950	0.112569
124000	0.040081
124050	-0.003508
124100	0.060800
124150	-0.021644
124200	0.140120
124250	0.133502
124300	0.029757
124350	0.132084
124400	0.257117
124450	0.288219
124500	0.045237
124550	-0.105412
124600	-0.025302
124650	0.062993
124700	0.011607
124750	-0.132717
124800	0.198868
124850	0.103162
124900	0.220622
124950	0.093379
125000	0.021744
125050	0.097410
125100	-0.083976
125150	0.107828
125200	0.501823
125250	0.378042
125300	0.147387
125350	0.112538
125400	0.121966
125450	-0.221081
125500	-0.113381
125550	0.123905
125600	0.058322
125650	0.030508
125700	-0.054826
125750	-0.064666
125800	0.147314
125850	0.053469
125900	0.063353
125950	0.228466
126000	0.080854
126050	-0.060418
126100	0.054046
126150	-0.094867
126200	0.104992
126250	-0.100752
126300	-0.113814
126350	0.233853
126400	0.196297
126450	0.044843
126500	-0.096247
126550	0.166887
126600	-0.078763
126650	0.297711
126700	0.214248
126750	-0.173333
126800	0.093695
126850	-0.045579
126900	-0.073024
126950	-0.116285
127000	-0.048365
127050	0.203285
127100	0.119566
127150	0.155932
127200	0.173312
127250	0.110004
127300	0.173083
127350	0.072500
127400	0.049579
127450	0.318410
127500	-0.025794
127550	0.154518
127600	0.223632
127650	0.314576
127700	0.006889
127750	0.067966
127800	0.172957
127850	0.223850
127900	0.165398
127950	0.246088
128000	-0.148295
128050	-0.010803
128100	0.071337
128150	-0.113931
128200	0.193861
128250	-0.047869
128300	0.019361
128350	0.058731
128400	0.092404
128450	0.082715
128500	0.057639
128550	0.070214
128600	0.052142
128650	-0.269224
128700	-0.091665
128750	0.167073
128800	0.014430
128850	0.106245
128900	-0.017108
128950	0.123141
129000	-0.016417
129050	-0.138082
129100	0.185424
129150	0.127765
129200	0.000795
129250	0.144705
129300	-0.027771
129350	0.273519
129400	-0.112532
129450	0.015175
129500	-0.021678
129550	-0.229750
129600	-0.040752
129650	-0.189784
129700	0.434770
129750	-0.083646
129800	0.173839
129850	-0.096385
129900	-0.074505
129950	-0.138041
130000	-0.030164
130050	-0.267773
130100	-0.237446
130150	0.064866
130200	0.074896
130250	0.148711
130300	-0.009083
130350	-0.031610
130400	-0.187847
130450	0.012581
130500	-0.204960
130550	-0.002366
130600	-0.108568
130650	-0.064125
130700	0.055030
130750	-0.011771
130800	0.204263
130850	-0.065480
130900	-0.192555
130950	-0.036445
131000	-0.245403
131050	0.067993
131100	-0.071291
131150	0.299613
131200	-0.103215
131250	-0.261388
131300	0.093204
131350	-0.177880
131400	0.136042
131450	-0.067952
131500	0.034145
131550	-0.136682
131600	0.214373
131650	0.141160
131700	0.015449
131750	-0.022305
131800	-0.074943
131850	-0.122698
131900	0.248504
131950	0.263408
132000	0.162956
132050	0.261902
132100	0.011917
132150	0.124362
132200	0.036178
132250	-0.056912
132300	-0.123148
132350	-0.071355
132400	0.072331
132450	0.093938
132500	-0.161205
132550	0.009423
132600	0.162809
132650	-0.177874
132700	-0.008230
132750	0.116608
132800	0.030950
132850	0.100687
132900	0.024745
132950	0.325687
133000	0.040395
133050	0.007254
133100	-0.080339
133150	0.154930
133200	-0.011090
133250	0.158283
133300	0.051158
133350	0.124623
133400	0.050258
133450	0.045060
133500	-0.002621
133550	-0.084159
133600	0.286874
133650	-0.099643
133700	0.074297
133750	0.236082
133800	-0.125586
133850	0.115221
133900	0.151697
133950	-0.076157
134000	0.103835
134050	-0.021677
134100	0.172225
134150	0.221141
134200	0.055136
134250	-0.120265
134300	0.095039
134350	0.177670
134400	0.141840
134450	-0.089124
134500	0.004606
134550	0.242269
134600	-0.079698
134650	0.260148
134700	-0.012625
134750	-0.002666
134800	0.002288
134850	0.275996
134900	0.053498
134950	-0.018707
135000	0.096983
135050	-0.082155
135100	-0.094758
135150	-0.074363
135200	0.017298
135250	0.019535
135300	0.276863
135350	0.221110
135400	-0.054436
135450	0.114551
135500	-0.067182
135550	0.337316
135600	-0.082248
135650	-0.003695
135700	0.146182
135750	0.172478
135800	0.076575
135850	0.026302
135900	0.068285
135950	0.131761
136000	0.109392
136050	0.068885
136100	-0.269975
136150	-0.126174
136200	-0.125837
136250	-0.009160
136300	-0.147157
136350	-0.156348
136400	0.282724
136450	0.313412
136500	0.157505
136550	-0.031581
136600	0.310161
136650	-0.092537
136700	-0.360312
136750	-0.122545
136800	-0.095976
136850	0.056529
136900	0.308854
136950	-0.102976
137000	0.137674
137050	-0.003207
137100	-0.186556
137150	0.236057
137200	-0.096747
137250	0.299713
137300	0.006963
137350	-0.001888
137400	0.295896
137450	0.133246
137500	0.080779
137550	-0.079174
137600	-0.214681
137650	-0.074165
137700	-0.238985
137750	0.024028
137800	0.217707
137850	-0.105590
137900	-0.020099
137950	0.030235
138000	0.170662
138050	-0.162016
138100	-0.083929
138150	-0.043526
138200	-0.178197
138250	0.015530
138300	0.101480
138350	-0.058345
138400	-0.073250
138450	-0.006951
138500	-0.019473
138550	0.171670
138600	-0.004035
138650	0.089452
138700	0.070176
138750	0.001173
138800	0.068120
138850	0.087275
138900	-0.172212
138950	0.033823
139000	0.193458
139050	0.130095
139100	0.116637
139150	0.243438
139200	0.369874
139250	0.283251
139300	0.222548
139350	0.124441
139400	-0.041921
139450	0.150371
139500	0.083222
139550	0.020064
139600	0.091813
139650	0.132843
139700	0.082833
139750	0.102758
139800	-0.125991
139850	0.004628
139900	0.040167
139950	0.181733
140000	-0.070848
140050	-0.079494
140100	0.086864
140150	0.079588
140200	-0.108612
140250	0.076406
140300	0.036839
140350	-0.121914
140400	0.103673
140450	0.127019
140500	0.139260
140550	0.177966
140600	-0.049091
140650	-0.116246
140700	-0.032246
140750	0.348275
140800	0.462037
140850	0.198358
140900	-0.191030
140950	0.161507
141000	0.134681
141050	0.128550
141100	-0.154921
141150	-0.023231
141200	-0.068887
141250	0.060707
141300	-0.135192
141350	0.236844
141400	0.203455
141450	-0.049972
141500	-0.109100
141550	0.198511
141600	-0.071458
141650	0.021204
141700	-0.007365
141750	-0.213905
141800	0.322577
141850	-0.112834
141900	0.020570
141950	-0.052202
142000	-0.038586
142050	-0.156795
142100	0.182491
142150	0.075260
142200	-0.149949
142250	-0.072732
142300	0.119702
142350	0.161591
142400	0.064165
142450	-0.085039
142500	-0.067935
142550	-0.173897
142600	-0.182993
142650	0.169534
142700	0.173455
142750	0.174874
142800	0.007908
142850	0.082038
142900	-0.287987
142950	0.160175
143000	0.124784
143050	0.021211
143100	0.092684
143150	-0.085973
143200	0.151234
143250	0.080264
143300	0.059626
143350	0.153604
143400	-0.039703
143450	-0.069905
143500	0.235687
143550	-0.091840
143600	0.207502
143650	0.232888
143700	0.141558
143750	0.037188
143800	0.094763
143850	0.248681
143900	0.146371
143950	0.044281
144000	-0.034602
144050	-0.012568
144100	0.352437
144150	-0.012429
144200	0.038104
144250	0.000093
144300	0.004619
144350	-0.056488
144400	-0.160260
144450	-0.135772
144500	-0.078126
144550	0.036743
144600	-0.316984
144650	-0.089236
144700	-0.027300
144750	0.051766
144800	-0.232625
144850	0.047574
144900	0.210196
144950	-0.148785
145000	-0.090038
145050	-0.060108
145100	-0.154688
145150	-0.024509
145200	-0.160051
145250	0.133362
145300	-0.059150
145350	0.174914
145400	-0.043145
145450	0.310781
145500	0.053597
145550	0.069154
145600	0.088263
145650	-0.288861
145700	0.234394
145750	0.156605
145800	-0.114308
145850	-0.084238
145900	0.044170
145950	-0.094865
146000	0.174904
146050	-0.122271
146100	-0.238349
146150	-0.190632
146200	0.061428
146250	0.260877
146300	0.046905
146350	0.197149
146400	0.051750
146450	-0.064219
146500	0.253901
146550	0.298519
146600	0.059470
146650	0.163771
146700	0.095109
146750	0.038578
146800	0.156666
146850	0.158076
146900	-0.052028
146950	-0.166758
147000	-0.012433
147050	0.022798
147100	0.016807
147150	0.033585
147200	0.160358
147250	0.089592
147300	0.154503
147350	0.156921
147400	0.091413
147450	0.159533
147500	0.340069
147550	-0.153247
147600	-0.071252
147650	0.275067
147700	0.211157
147750	0.286903
147800	0.134722
147850	0.261036
147900	-0.274094
147950	-0.068327
148000	-0.007025
148050	0.159755
148100	0.057007
148150	0.153482
148200	0.033877
148250	-0.126216
148300	0.165436
148350	0.076268
148400	0.098330
148450	-0.072491
148500	-0.116219
148550	-0.114778
148600	-0.183771
148650	-0.119991
148700	-0.058764
148750	0.014898
148800	0.007982
148850	0.024222
148900	0.218688
148950	0.046919
149000	0.018908
149050	-0.143409
149100	0.006354
149150	0.190002
149200	0.037659
149250	-0.157507
149300	-0.040588
149350	0.082833
149400	0.117871
149450	-0.158287
149500	-0.129616
149550	-0.200915
149600	0.048035
149650	0.139885
149700	0.052751
149750	0.257843
149800	0.123327
149850	0.160437
149900	-0.042758
149950	0.124983
150000	0.019225
150050	0.164815
150100	0.213638
150150	-0.018263
150200	0.009028
150250	0.237913
150300	0.048872
150350	-0.082400
150400	-0.039891
150450	-0.030394
150500	0.120568
150550	0.162065
150600	-0.019930
150650	-0.142681
150700	0.141284
150750	-0.218546
150800	-0.166931
150850	-0.177423
150900	0.132024
150950	0.144633
151000	0.136536
151050	0.230805
151100	0.089805
151150	0.079215
151200	0.119158
151250	-0.101422
151300	0.005313
151350	-0.022501
151400	0.025371
151450	-0.080884
151500	0.285782
151550	0.193582
151600	-0.165693
151650	-0.167587
151700	-0.161992
151750	0.118231
151800	0.111061
151850	-0.006788
151900	0.145050
151950	0.151390
152000	0.146322
152050	0.169167
152100	-0.074999
152150	0.114390
152200	-0.066467
152250	-0.093543
152300	-0.042928
152350	-0.028697
152400	0.392958
152450	0.073095
152500	-0.169666
152550	-0.247817
152600	-0.274109
152650	-0.113037
152700	-0.069455
152750	-0.010131
152800	0.063350
152850	-0.135639
152900	0.022961
152950	-0.147889
153000	0.078728
153050	-0.051723
153100	0.248143
153150	-0.116922
153200	0.061179
153250	-0.129492
153300	0.060947
153350	0.219237
153400	0.352615
153450	0.048935
153500	0.245967
153550	-0.103003
153600	-0.139315
153650	0.005626
153700	0.118550
153750	0.005477
153800	0.192121
153850	0.190046
153900	0.142221
153950	-0.035361
154000	-0.035114
154050	0.029564
154100	-0.024931
154150	0.108505
154200	-0.010866
154250	0.108263
154300	-0.054288
154350	-0.188576
154400	0.015873
154450	0.163909
154500	0.183676
154550	0.133407
154600	0.187146
154650	0.083130
154700	0.244887
154750	-0.045116
154800	0.083994
154850	0.151931
154900	0.139767
154950	0.021357
155000	-0.122672
155050	0.005588
155100	0.038242
155150	-0.140699
155200	0.208096
155250	0.034650
155300	-0.197349
155350	-0.088850
155400	0.244298
155450	0.069275
155500	0.084994
155550	-0.003179
155600	0.107663
155650	-0.019994
155700	0.333767
155750	-0.073918
155800	-0.119797
155850	0.069534
155900	-0.046410
155950	-0.248608
156000	0.253718
156050	-0.282980
156100	0.027125
156150	-0.051044
156200	-0.245141
156250	0.160122
156300	-0.108034
156350	0.181231
156400	0.046022
156450	0.105244
156500	0.021477
156550	0.083122
156600	0.063235
156650	-0.048349
156700	-0.090654
156750	0.164852
156800	0.066101
156850	0.082094
156900	0.281976
156950	-0.000417
157000	-0.323261
157050	0.193735
157100	0.163690
157150	0.231077
157200	0.089297
157250	0.017485
157300	-0.154500
157350	0.067599
157400	0.269839
157450	0.115972
157500	0.177554
157550	-0.099845
157600	0.191745
157650	-0.028107
157700	0.166256
157750	0.095456
157800	-0.071161
157850	-0.100419
157900	-0.098114
157950	0.037934
158000	0.270730
158050	-0.119997
158100	-0.362271
158150	-0.067310
158200	-0.129377
158250	0.252533
158300	0.345586
158350	-0.097513
158400	0.052560
158450	0.196839
158500	-0.034532
158550	0.484927
158600	-0.213817
158650	0.130873
158700	0.222007
158750	0.048975
158800	-0.161635
158850	-0.101891
158900	0.079776
158950	0.001475
159000	0.020789
159050	-0.122885
159100	0.119889
159150	-0.223238
159200	0.013837
159250	0.198990
159300	0.214283
159350	-0.248074
159400	0.303746
159450	0.093079
159500	-0.223808
159550	0.033621
159600	-0.042486
159650	-0.149020
159700	-0.094840
159750	0.039518
159800	0.130692
159850	0.258860
159900	-0.217990
159950	0.227726
160000	-0.117398
160050	-0.002292
160100	0.037424
160150	0.277294
160200	-0.046031
160250	0.049751
160300	-0.205457
160350	-0.018382
160400	0.422712
160450	0.105506
160500	-0.143949
160550	0.168932
160600	0.295966
160650	0.058547
160700	-0.014886
160750	-0.059611
160800	0.168802
160850	0.269204
160900	0.269218
160950	0.199367
161000	0.152830
161050	-0.075618
161100	0.089792
161150	0.133445
161200	0.424741
161250	0.157483
161300	0.022927
161350	0.285972
161400	0.254547
161450	0.121319
161500	0.252631
161550	0.239115
161600	-0.086705
161650	-0.102259
161700	0.262573
161750	0.193841
161800	0.073084
161850	0.134833
161900	-0.016949
161950	0.047881
162000	-0.139000
162050	-0.020224
162100	0.014933
162150	-0.188910
162200	-0.004001
162250	-0.018663
162300	0.060315
162350	0.422216
162400	0.194944
162450	0.038258
162500	0.025262
162550	0.149492
162600	0.146854
162650	0.136241
162700	0.056624
162750	0.373497
162800	0.185511
162850	0.123615
162900	0.023719
162950	0.275808
163000	0.295434
163050	0.160777
163100	-0.117436
163150	0.156312
163200	0.047663
163250	-0.084729
163300	-0.022084
163350	0.208421
163400	0.236851
163450	0.182325
163500	-0.026430
163550	-0.347746
163600	0.119899
163650	-0.103678
163700	-0.047711
163750	0.183118
163800	0.146302
163850	0.052650
163900	-0.143559
163950	0.100251
164000	0.040409
164050	-0.056594
164100	0.031420
164150	-0.040926
164200	0.291608
164250	-0.248238
164300	-0.025726
164350	-0.148111
164400	0.157807
164450	0.017109
164500	0.397771
164550	0.042657
164600	-0.001177
164650	0.169075
164700	-0.024564
164750	0.171717
164800	0.314017
164850	0.055241
164900	0.042882
164950	0.062551
165000	-0.147457
165050	-0.011513
165100	0.192287
165150	0.170198
165200	0.087675
165250	-0.104798
165300	-0.115730
165350	-0.032803
165400	0.037188
165450	0.080883
165500	-0.045294
165550	0.110437
165600	0.042209
165650	0.006685
165700	0.251101
165750	0.089112
165800	-0.152451
165850	0.128213
165900	-0.111202
165950	0.123727
166000	-0.155129
166050	0.095327
166100	0.323314
166150	0.215736
166200	0.015234
166250	0.039356
166300	0.066755
166350	0.155119
166400	0.131293
166450	-0.096534
166500	0.095959
166550	0.094169
166600	-0.129506
166650	0.169367
166700	0.080096
166750	-0.142184
166800	-0.205521
166850	-0.077804
166900	-0.249356
166950	0.255134
167000	0.209909
167050	-0.185636
167100	0.080736
167150	0.003138
167200	0.061394
167250	-0.056855
167300	0.162154
167350	-0.035315
167400	-0.298462
167450	0.062285
167500	0.092742
167550	-0.125429
167600	-0.119318
167650	0.066126
167700	-0.074718
167750	0.022257
167800	0.116473
167850	-0.046586
167900	0.279320
167950	0.082925
168000	0.135341
168050	0.038765
168100	0.134031
168150	-0.064404
168200	-0.088219
168250	0.135770
168300	0.026410
168350	-0.135237
168400	0.107032
168450	0.113216
168500	-0.100961
168550	-0.051355
168600	0.100645
168650	-0.200100
168700	-0.034118
168750	0.056719
168800	0.155011
168850	0.132019
168900	0.226823
168950	0.145142
169000	-0.109594
169050	-0.146940
169100	-0.134247
169150	-0.005441
169200	-0.047017
169250	-0.132227
169300	0.062254
169350	0.046531
169400	0.125001
169450	0.142707
169500	0.017834
169550	-0.082403
169600	-0.076957
169650	0.345157
169700	0.161133
169750	0.139843
169800	0.123712
169850	0.248349
169900	-0.030332
169950	-0.173863
170000	0.177600
170050	-0.097661
170100	0.135483
170150	0.408412
170200	0.025807
170250	-0.137323
170300	0.000250
170350	-0.194900
170400	-0.062815
170450	-0.178385
170500	-0.078277
170550	0.058052
170600	0.043424
170650	0.058764
170700	0.098647
170750	0.088945
170800	0.263954
170850	0.179593
170900	0.206502
170950	-0.059428
171000	0.002842
171050	0.103066
171100	0.075286
171150	0.129851
171200	-0.156455
171250	0.235168
171300	-0.169132
171350	0.091861
171400	-0.073778
171450	0.024377
171500	0.022426
171550	-0.253663
171600	0.193094
171650	0.089583
171700	-0.108669
171750	0.185362
171800	0.198190
171850	0.066668
171900	-0.149265
171950	0.019887
172000	-0.202806
172050	-0.063832
172100	0.060066
172150	0.187632
172200	-0.032655
172250	-0.135571
172300	0.001031
172350	-0.091410
172400	0.028676
172450	-0.267687
172500	-0.012978
172550	0.254089
172600	0.025954
172650	-0.058183
172700	0.072694
172750	0.128128
172800	-0.187617
172850	0.084281
172900	0.021929
172950	-0.064089
173000	-0.132796
173050	-0.010436
173100	0.060459
173150	-0.032291
173200	0.047254
173250	0.181413
173300	-0.106515
173350	0.109604
173400	0.015056
173450	0.038812
173500	-0.056085
173550	-0.243402
173600	-0.136234
173650	0.097145
173700	0.138590
173750	0.153353
173800	0.205128
173850	0.308233
173900	-0.020243
173950	-0.022000
174000	0.107907
174050	-0.064524
174100	0.193818
174150	0.038232
174200	0.094028
174250	0.025763
174300	-0.008017
174350	0.230269
174400	-0.128807
174450	0.091777
174500	0.390778
174550	0.090492
174600	0.196919
174650	0.008932
174700	-0.019582
174750	0.226913
174800	0.062319
174850	0.021205
174900	0.209165
174950	0.181812
175000	0.171121
175050	0.096186
175100	-0.060550
175150	-0.102116
175200	0.167017
175250	-0.039637
175300	-0.184440
175350	0.174200
175400	0.000614
175450	-0.069608
175500	-0.018237
175550	0.044330
175600	-0.405232
175650	0.138467
175700	-0.044098
175750	0.220782
175800	-0.016167
175850	-0.087094
175900	0.076665
175950	-0.030116
176000	0.440801
176050	0.261396
176100	0.368321
176150	-0.097698
176200	0.051748
176250	-0.024100
176300	-0.175035
176350	-0.145577
176400	0.046977
176450	-0.042100
176500	-0.133348
176550	-0.126602
176600	-0.122652
176650	-0.164077
176700	-0.129894
176750	-0.249309
176800	0.127573
176850	0.198491
176900	-0.324505
176950	0.096069
177000	0.073369
177050	0.190814
177100	0.078091
177150	-0.155781
177200	-0.009992
177250	-0.038405
177300	0.072926
177350	-0.160153
177400	0.211376
177450	-0.065005
177500	-0.115209
177550	0.070595
177600	-0.023327
177650	-0.155262
177700	-0.136376
177750	-0.074763
177800	0.298825
177850	0.035619
177900	-0.090605
177950	0.317690
178000	-0.188410
178050	-0.204039
178100	0.221173
178150	0.062036
178200	-0.068667
178250	-0.147915
178300	0.139413
178350	-0.064619
178400	-0.262165
178450	-0.210899
178500	0.228366
178550	0.045864
178600	0.064567
178650	0.286277
178700	0.066458
178750	0.043767
178800	0.129619
178850	0.019467
178900	0.149973
178950	0.060963
179000	0.169372
179050	-0.023669
179100	-0.120520
179150	-0.019435
179200	-0.236603
179250	-0.066714
179300	-0.004048
179350	0.103527
179400	0.073161
179450	-0.145454
179500	0.284758
179550	0.044609
179600	-0.169860
179650	0.001488
179700	-0.180567
179750	0.097554
179800	0.005239
179850	-0.246647
179900	0.298078
179950	0.033673
180000	0.032647
180050	0.124661
180100	0.089495
180150	0.076936
180200	0.179874
180250	0.028205
180300	0.042193
180350	-0.118194
180400	-0.067454
180450	-0.047786
180500	-0.172033
180550	0.148315
180600	0.005734
180650	-0.003260
180700	0.182686
180750	-0.050043
180800	0.182360
180850	-0.067867
180900	0.098721
180950	0.166492
181000	-0.014406
181050	-0.209236
181100	0.242098
181150	0.014518
181200	-0.126360
181250	-0.009734
181300	0.159589
181350	0.244640
181400	0.113554
181450	-0.074782
181500	0.369607
181550	0.061442
181600	0.153963
181650	-0.105883
181700	-0.096294
181750	-0.105353
181800	0.089936
181850	0.162177
181900	-0.085170
181950	0.143272
182000	-0.032199
182050	0.109003
182100	-0.169015
182150	0.156168
182200	0.016637
182250	0.214325
182300	-0.020052
182350	0.131215
182400	0.283845
182450	0.140405
182500	0.085016
182550	0.059952
182600	0.085807
182650	-0.023784
182700	0.069360
182750	-0.063840
182800	0.297508
182850	-0.025025
182900	0.054495
182950	0.027954
183000	-0.005900
183050	0.119272
183100	0.245968
183150	0.035468
183200	0.174382
183250	-0.100832
183300	-0.176689
183350	0.299577
183400	0.160534
183450	-0.054179
183500	-0.089916
183550	0.013724
183600	0.031792
183650	0.047731
183700	0.059158
183750	0.293343
183800	0.253874
183850	-0.179200
183900	0.275914
183950	0.336567
184000	0.292562
184050	-0.081862
184100	0.060067
184150	0.212325
184200	0.132476
184250	0.100270
184300	-0.005329
184350	0.067395
184400	-0.108609
184450	0.037872
184500	-0.008866
184550	0.008007
184600	0.140042
184650	0.206404
184700	0.057838
184750	0.027595
184800	0.048997
184850	0.376301
184900	-0.080673
184950	0.238200
185000	-0.026172
185050	0.049875
185100	0.004959
185150	0.040647
185200	-0.145622
185250	0.041234
185300	-0.027072
185350	-0.198145
185400	-0.129807
185450	-0.105771
185500	0.053389
185550	-0.020669
185600	0.137940
185650	-0.096267
185700	0.059113
185750	-0.028310
185800	-0.006407
185850	0.097368
185900	0.193374
185950	0.069482
186000	0.334408
186050	0.029607
186100	0.112604
186150	0.270698
186200	0.113780
186250	0.012136
186300	0.097736
186350	0.098873
186400	0.064848
186450	0.086576
186500	-0.208988
186550	-0.118527
186600	0.084663
186650	-0.073281
186700	0.094584
186750	-0.011587
186800	-0.216126
186850	-0.140633
186900	0.422680
186950	0.082660
187000	-0.175628
187050	0.087154
187100	-0.082239
187150	-0.129723
187200	0.103261
187250	-0.146057
187300	0.080148
187350	0.100170
187400	0.114136
187450	-0.093783
187500	0.103062
187550	0.304574
187600	-0.019574
187650	-0.041736
187700	0.103160
187750	-0.009135
187800	-0.118644
187850	0.108506
187900	0.095051
187950	-0.103886
188000	-0.082052
188050	0.221736
188100	0.030249
188150	0.020055
188200	0.112402
188250	-0.148865
188300	-0.106450
188350	-0.077478
188400	0.325273
188450	0.229575
188500	0.317847
188550	0.189387
188600	0.145065
188650	-0.030850
188700	-0.131438
188750	0.109598
188800	-0.040915
188850	-0.297589
188900	-0.130256
188950	-0.104984
189000	0.060724
189050	-0.188572
189100	0.156323
189150	-0.405186
189200	0.123848
189250	-0.044469
189300	0.194555
189350	-0.006358
189400	-0.185782
189450	-0.431885
189500	-0.209548
189550	-0.311575
189600	0.145675
189650	-0.253044
189700	-0.126243
189750	0.156379
189800	-0.305809
189850	0.013858
189900	-0.310935
189950	-0.021699
190000	-0.211601
190050	0.190320
190100	-0.108234
190150	-0.105334
190200	0.015985
190250	-0.243987
190300	-0.028619
190350	0.324953
190400	-0.117155
190450	0.072558
190500	0.105405
190550	0.035783
190600	0.222225
190650	0.075423
190700	0.144353
190750	-0.029767
190800	-0.152668
190850	-0.106250
190900	-0.117276
190950	-0.103985
191000	-0.104333
191050	-0.000047
191100	0.101643
191150	-0.178911
191200	0.096148
191250	0.069482
191300	-0.020467
191350	0.049328
191400	0.080414
191450	-0.175320
191500	0.055222
191550	-0.056546
191600	0.158424
191650	-0.019421
191700	-0.027981
191750	0.091700
191800	0.188533
191850	-0.019746
191900	0.050456
191950	-0.111006
192000	0.032795
192050	0.136000
192100	0.052183
192150	-0.035863
192200	0.423836
192250	-0.002108
192300	0.020211
192350	-0.237918
192400	0.103940
192450	0.091578
192500	-0.122861
192550	0.245821
192600	-0.229484
192650	0.059386
192700	0.238604
192750	0.086313
192800	0.101039
192850	0.016089
192900	-0.209891
192950	-0.058481
193000	0.081284
193050	0.006967
193100	0.080516
193150	0.150522
193200	-0.104459
193250	0.101756
193300	-0.096351
193350	0.120901
193400	0.110119
193450	0.064427
193500	-0.171939
193550	-0.124128
193600	-0.271117
193650	-0.100730
193700	0.008677
193750	-0.264437
193800	0.170650
193850	0.200810
193900	0.307235
193950	0.078336
194000	0.056095
194050	0.027324
194100	0.097503
194150	-0.023539
194200	-0.017465
194250	0.046972
194300	0.043875
194350	0.409563
194400	-0.012329
194450	0.000994
194500	-0.046873
194550	-0.040765
194600	0.096957
194650	0.241064
194700	-0.029442
194750	-0.006358
194800	0.151504
194850	-0.137527
194900	0.054039
194950	0.207453
195000	0.177658
195050	-0.017755
195100	0.019834
195150	0.196123
195200	-0.031466
195250	-0.074554
195300	0.102826
195350	-0.024664
195400	0.028464
195450	-0.076759
195500	0.091306
195550	0.003097
195600	0.137830
195650	0.160698
195700	0.214652
195750	-0.195727
195800	0.017035
195850	0.186274
195900	0.266661
195950	-0.101590
196000	-0.025237
196050	-0.221449
196100	0.065401
196150	-0.127621
196200	0.161041
196250	0.126725
196300	0.186173
196350	0.023461
196400	0.047280
196450	0.217738
196500	0.280816
196550	0.080793
196600	0.239811
196650	0.100400
196700	0.023292
196750	-0.066416
196800	-0.116750
196850	-0.028500
196900	0.127560
196950	-0.049585
197000	0.091886
197050	0.133447
197100	0.290232
197150	-0.023787
197200	-0.099701
197250	-0.053181
197300	-0.069089
197350	-0.370461
197400	-0.048023
197450	-0.137171
197500	0.229054
197550	0.083488
197600	0.174078
197650	0.202543
197700	-0.065922
197750	0.186881
197800	0.007759
197850	-0.022220
197900	0.236949
197950	0.217723
198000	-0.181534
198050	0.001386
198100	-0.063795
198150	0.238846
198200	-0.129869
198250	0.175211
198300	0.185271
198350	0.216299
198400	0.247178
198450	0.288236
198500	-0.024791
198550	-0.093356
198600	0.187689
198650	-0.090559
198700	-0.145601
198750	0.040258
198800	0.093425
198850	-0.030394
198900	0.167692
198950	0.122681
199000	0.133055
199050	0.160501
199100	0.127927
199150	-0.002981
199200	-0.186464
199250	0.214739
199300	-0.039990
199350	0.110709
199400	0.023440
199450	-0.086507
199500	0.055764
199550	-0.083037
199600	0.034127
199650	0.301301
199700	-0.064276
199750	0.112776
199800	-0.253030
199850	0.143563
199900	-0.115926
199950	0.094981
