2.608893
1.191884
0.671201
0.358628
0.400777
0.348065
0.406219
0.281766
0.311524
0.399861
0.392304
0.321094
0.318868
0.315517
0.480557
0.246505
0.377241
0.338027
0.184114
0.280698
0.319915
0.269294
0.364565
0.269919
0.242323
0.228394
0.274514
0.226076
0.312792
0.240449
0.108674
0.236954
0.139916
0.155740
0.140803
0.125115
0.150659
0.135664
0.165295
0.187796
0.120480
0.024392
0.096204
0.181072
0.192544
0.111480
0.180109
0.177868
0.174211
0.051253
0.100007
0.166440
0.110194
0.036475
0.057071
0.141638
0.101922
0.112825
0.218035
0.122542
0.108295
0.180954
0.178951
0.169670
0.122782
0.123703
0.216280
0.120841
0.135800
0.201759
0.152007
0.183310
0.177313
0.119933
0.113717
0.211906
0.143913
0.093431
0.179057
0.117538
0.054021
0.107101
0.165587
0.119128
0.143727
0.187132
0.155090
0.177888
0.225676
0.185018
0.187440
0.233626
0.120850
0.163806
0.094514
0.184040
0.067513
0.112173
0.062271
0.138829
0.149321
0.139965
0.251318
0.186204
0.171435
0.185924
0.171414
0.099453
0.118103
0.056908
0.134860
0.131670
0.117185
0.155091
0.102270
0.089376
0.090514
-0.021699
-0.004892
0.137157
0.150077
0.138346
0.096317
0.050560
0.100264
0.087982
0.185865
0.180984
0.132740
0.171615
0.161547
0.150464
0.074182
0.148953
0.033262
0.012378
0.060111
0.095716
0.107585
0.082942
0.086236
0.126645
0.198776
0.128106
0.092358
0.152363
0.095126
0.133368
0.204954
0.192743
0.189008
0.194226
0.051699
0.023367
0.051196
0.051027
0.115790
0.214824
0.110010
0.140894
0.155904
0.034854
0.118638
0.116839
0.158423
0.103441
-0.028936
0.125577
0.169489
0.171407
0.091829
0.137538
0.121543
0.077125
0.116859
0.079946
0.113832
0.110646
0.028149
0.099334
0.148721
0.232382
0.124074
0.116523
-0.006714
0.064213
-0.076660
0.102519
0.101481
0.041644
0.101964
0.147987
0.088613
0.079830
0.073252
0.127163
0.143733
0.149449
0.114239
0.099207
0.120185
0.114285
0.209837
0.130668
0.152749
0.072951
0.119589
0.113575
0.180271
0.107706
0.068577
0.059035
0.155631
0.101125
0.121213
0.124373
0.097998
0.106506
0.067598
0.086678
0.200734
0.124974
0.102382
0.024109
0.026152
0.189027
0.128313
0.166776
0.152270
0.074236
0.062124
0.177602
0.107659
0.096213
0.101065
0.058232
0.176447
0.143040
0.105151
0.140501
0.112662
0.147441
0.196989
0.045790
0.069919
-0.009269
0.122805
0.073168
0.040885
0.009759
0.114645
0.057770
0.084697
0.055092
-0.014362
0.087995
0.127150
0.069593
-0.014877
0.134318
0.159589
0.138299
0.118142
0.152301
0.048720
0.120789
0.118552
0.220731
0.171945
0.108738
0.098985
0.095481
0.095187
0.154029
0.194843
0.064255
0.050867
0.208748
0.121462
0.154643
0.144512
0.039367
0.130340
0.187309
0.123320
0.105150
0.091474
0.161976
0.129716
0.169614
0.119142
0.111806
0.149506
0.080375
0.112625
0.185189
0.138804
0.146013
-0.031197
0.056674
0.251131
0.192993
0.149511
0.089385
0.122104
0.144680
0.063033
0.058749
0.146962
0.170872
0.167226
0.268475
0.142924
0.117567
0.186711
0.113592
0.144454
0.093221
0.097146
0.146702
0.084337
0.116402
0.160725
0.062674
0.116360
0.057491
0.126572
0.090764
0.058695
0.047449
0.170872
0.188986
0.117003
0.160101
0.103232
0.085512
0.091699
0.082731
0.108280
0.013204
0.065259
0.096230
0.152532
0.038169
0.106943
0.135954
0.149841
0.129035
0.049036
0.046706
0.203345
0.130970
0.201224
0.178380
0.048155
-0.034402
-0.026887
0.001590
0.016945
0.162852
0.132048
0.117116
0.062668
0.059027
0.068592
0.151704
0.058871
0.057320
0.114316
0.089560
0.038892
0.118965
0.121220
0.092752
0.077258
0.111353
0.024005
0.117962
0.141654
0.202963
0.080152
0.157292
0.019797
-0.023477
0.099504
0.083757
0.182008
0.215798
0.028128
0.030780
0.039593
0.042836
0.122253
0.064861
0.071560
0.125184
0.138952
0.100476
0.103175
0.142912
0.081804
0.105168
0.120768
0.111073
0.157116
0.103558
0.168240
0.166515
0.135150
0.134871
0.029727
-0.006506
0.094958
0.163511
0.142522
0.080034
0.131930
0.097978
0.139820
0.087887
0.068092
0.124370
0.190158
0.228198
0.151359
0.258353
0.100800
0.153402
0.063206
0.143573
0.165438
0.098572
0.103210
0.195677
0.118804
0.029446
0.032179
0.122483
0.020309
0.119226
0.134225
-0.044383
0.104803
0.087220
0.143205
0.153093
0.115482
-0.013531
0.040858
-0.009612
-0.003145
0.098127
0.060172
0.004520
0.130469
0.071980
0.152144
0.051563
0.114257
0.096663
-0.018291
0.025388
0.030405
0.006586
-0.088420
0.014371
0.040138
0.048334
0.046957
0.028413
0.110871
0.068560
0.114560
0.058176
0.043303
0.034793
0.195739
0.161597
0.144066
0.049208
0.074516
0.096218
0.095625
0.091800
0.027922
0.018198
0.020554
0.010973
0.084237
0.102508
0.049968
0.127401
-0.044100
0.003307
0.008727
0.127809
0.058979
0.088320
0.084368
0.095850
0.013851
0.022428
0.063401
0.137836
0.148728
0.184327
0.179099
0.119295
0.181462
0.110440
0.054316
0.167903
0.089295
0.185919
0.229918
0.172515
0.070032
0.088030
0.136765
0.141944
0.171602
0.103168
0.051713
0.087941
0.061382
0.073760
0.165031
0.091026
0.151844
0.156484
0.019336
0.003008
0.058130
0.016239
0.054490
-0.032614
0.096738
0.173343
0.081926
0.102826
0.149954
0.038497
0.057473
0.076367
0.007842
0.047592
0.044492
0.069260
0.107066
0.078095
0.124907
0.109495
0.057507
0.143830
0.044669
-0.041762
0.050837
0.010577
0.079296
0.089166
0.051959
0.127654
-0.045802
0.035980
0.020278
0.092901
0.163594
0.056847
0.049613
0.006533
-0.033793
0.146501
0.096143
0.049850
0.057793
0.033903
0.031212
0.146713
0.149666
0.130346
0.055177
0.083474
0.156799
0.060661
0.098220
0.134504
0.010930
-0.009776
0.074932
0.005722
-0.066179
0.040221
-0.060156
-0.024912
-0.027028
0.061334
0.149281
0.161236
0.122425
0.055130
0.000556
0.049627
0.050762
0.009078
0.086131
0.094298
0.123989
0.153884
0.082603
0.042183
0.067389
0.136744
0.160386
0.154604
0.203923
0.124014
0.101409
0.051041
0.193539
0.131109
0.117761
0.078044
0.093306
0.074235
0.080833
0.057333
0.060859
0.075705
0.126168
0.184398
0.131763
0.096060
0.043931
-0.029859
0.121701
0.219892
0.105458
0.066181
0.059563
0.090533
0.046836
0.018794
0.120677
0.139395
0.148340
0.124559
0.135687
0.118587
0.159008
0.081383
0.095526
0.119699
0.151073
0.030020
0.130917
0.061283
0.074279
0.130729
0.158587
0.174055
0.124964
0.062403
0.064074
0.019203
-0.015531
0.043367
-0.005322
-0.033483
0.125717
0.049162
0.093810
0.170285
0.187453
0.140855
0.144933
0.023496
0.025555
0.103374
0.120039
0.039146
0.036831
0.047175
0.116888
0.149223
-0.037001
0.071284
0.163422
0.140480
0.193859
0.181941
0.102508
0.085010
0.103417
0.106950
0.024767
-0.013099
0.018578
0.009579
0.010860
0.165574
0.198831
0.130250
0.133110
0.178653
0.119168
0.088840
0.057839
0.021344
0.106976
0.068879
0.017297
-0.061099
0.050683
0.044110
0.156310
0.032946
0.119555
0.081138
0.026872
0.132433
0.069390
-0.034122
0.052319
-0.044688
0.096974
0.133977
0.068078
0.043253
-0.009202
-0.020310
-0.002010
0.015704
-0.011384
0.029262
0.068211
0.051551
0.108482
0.120386
0.119617
0.104094
0.049876
0.138261
0.109509
-0.027362
0.151677
0.091239
-0.068799
0.089046
0.056079
0.079938
0.192095
0.025640
0.147186
0.024299
0.049119
0.136834
0.101679
0.107912
0.122683
0.035292
0.047537
0.075245
0.093775
0.039745
0.022601
0.011822
0.143557
0.166975
0.100686
0.197867
0.173500
0.085142
0.137460
-0.016644
0.032351
0.072159
0.091294
0.005567
0.071482
0.069435
0.061551
0.087158
0.037460
0.052712
-0.053758
0.036225
0.050157
0.043571
0.085104
0.105851
0.096080
0.133858
0.050187
0.022885
0.076322
0.072979
0.121069
0.146217
-0.001541
-0.026476
0.027953
0.116063
0.116452
0.162729
0.006714
0.047122
0.118580
-0.050852
0.100848
0.085036
0.054271
0.147006
0.141521
0.161952
0.074344
0.063572
0.106086
0.017409
0.137763
0.091435
0.023242
0.063532
0.017221
0.137544
0.100247
0.178900
-0.001514
0.062400
0.043641
0.038439
0.164775
0.026635
0.103649
0.039089
0.036407
0.055980
0.008934
0.069702
0.039286
0.046738
0.109296
0.068612
0.153733
0.159787
0.098140
0.110778
0.009600
-0.026051
0.107375
0.162495
0.167426
0.112380
0.194334
0.019031
0.049083
0.057430
0.167985
0.112693
-0.002302
0.023178
-0.050703
0.022156
0.098072
0.153544
0.174445
0.071639
-0.003559
0.137215
0.088095
0.047274
0.052985
0.158190
0.101611
0.082623
0.159716
0.101614
0.137928
0.146350
0.011522
0.090257
0.175716
0.127631
0.091981
0.075023
0.039450
0.068291
0.015860
0.128300
0.028387
0.013401
0.068448
-0.017295
0.011487
-0.026178
0.085226
0.155594
0.154252
0.123284
0.076285
0.054727
0.005305
0.059779
0.065356
0.022237
0.057492
0.054695
0.140613
0.170084
0.044852
0.109317
0.063431
0.067187
0.128217
0.073163
0.035746
0.010636
0.051186
0.058805
0.132246
0.067916
-0.043899
0.016376
0.067591
0.010368
0.044959
0.062208
0.081937
0.139260
0.110624
0.044243
0.002821
0.085553
0.012274
0.030092
0.061372
0.058369
0.009686
0.089816
0.112681
0.197344
0.157687
0.052395
0.075137
0.063496
0.085076
0.085445
0.145478
0.168038
0.173951
0.104081
0.033909
0.155138
0.145065
0.036899
0.005549
-0.002146
0.054013
0.024371
-0.058661
0.009899
0.068939
0.033909
0.158430
0.131992
0.048778
0.053637
0.061607
0.115566
0.240856
0.104017
0.023589
0.053595
0.036223
-0.071150
0.045171
0.083067
0.015063
0.081944
0.058480
0.009473
0.027614
0.063804
0.170702
0.089260
-0.005361
-0.043992
0.091796
0.108126
0.012701
0.056164
0.026863
0.032215
0.113967
0.163774
0.044234
0.058492
0.072141
0.184127
0.136638
0.168495
0.143914
-0.037415
0.108502
0.049052
0.095197
0.141994
0.024268
-0.076738
-0.099066
0.015842
0.087360
0.032283
0.078349
0.030332
0.174185
0.108124
0.035173
0.182575
0.100074
0.061348
0.080242
0.126125
0.110096
0.089809
0.052891
0.117227
0.076528
0.031985
0.132799
0.119856
0.128405
0.121671
0.139332
0.081692
0.065021
0.036964
0.022327
0.029962
0.005658
0.092912
0.086448
0.138063
0.073871
0.028796
0.001908
0.010037
-0.044093
0.081430
0.097333
0.081918
0.131460
0.065460
0.048543
-0.008725
0.080236
0.084770
0.026404
0.125221
0.109862
0.043813
0.186008
0.007058
0.095716
0.161478
0.047513
0.070330
0.104418
0.152874
0.006005
-0.010905
0.024616
-0.019314
-0.062807
0.104172
0.013845
-0.052320
0.030280
0.047310
0.064671
0.017544
0.044358
0.076083
-0.044237
0.066528
0.065405
0.044996
0.045188
0.046652
0.122723
0.077583
0.044544
0.094192
0.039307
0.002974
0.106284
0.113430
0.166742
0.144711
0.142103
-0.050267
-0.021798
0.098517
-0.005659
0.015590
0.076651
-0.009946
-0.055314
-0.030588
0.012416
0.018893
0.013750
0.202326
0.067305
0.100958
0.072016
0.018523
0.106717
0.001359
0.058278
0.051735
0.064925
0.092179
0.001713
0.035024
0.107106
0.104804
0.138527
0.048626
0.099918
0.029776
0.005690
0.138011
0.078925
0.103888
0.060391
0.118689
0.044436
0.026998
0.061970
0.097567
0.052814
0.091012
0.112676
0.068943
0.177779
0.106520
0.097520
0.188330
0.063799
0.061736
0.092902
0.146091
0.098259
0.194096
0.099512
-0.049106
-0.025769
0.096127
0.185385
0.130638
0.226503
0.145846
0.088288
0.088628
0.083714
0.035467
0.111863
0.029072
0.020755
0.186303
0.097920
0.034911
-0.037785
0.046031
0.110659
0.080700
0.046121
0.094878
0.105363
0.135608
0.095766
0.055653
0.120843
0.045236
0.120968
0.086934
0.081940
0.062226
0.106065
0.115249
0.149477
0.073459
0.133107
0.158663
0.140604
0.034245
0.081224
0.034651
-0.015170
0.045833
0.137045
0.070803
0.097101
0.065954
0.034226
0.138753
0.066212
0.103235
0.053228
0.019706
0.035525
0.064837
0.111507
0.132837
0.078004
0.097322
0.075717
0.137162
0.141792
0.065902
0.092379
0.091947
0.145451
0.043960
0.130250
0.092873
0.098470
0.125733
0.089407
0.150209
0.051874
0.113340
0.105730
0.178552
0.125020
0.072546
0.021779
0.112738
0.011864
0.070282
0.107938
0.083618
0.086269
0.122251
-0.002080
0.163473
0.036210
0.077956
0.098878
0.050074
0.086770
0.021104
0.149131
0.057445
0.025357
-0.004373
-0.023224
0.102310
0.077549
0.013969
0.071491
-0.031145
0.057293
-0.040902
0.007055
-0.037058
0.038297
0.027113
0.064545
0.088195
0.076311
0.156623
0.090755
-0.031434
0.083533
0.169625
0.022328
0.147075
0.131693
0.221002
0.092993
-0.001406
0.113340
0.127932
-0.050427
-0.012878
0.063819
0.127793
0.067607
-0.007091
-0.037259
0.113499
0.065766
0.068557
0.006082
0.018152
0.066908
0.149569
0.123511
0.023697
0.085443
0.133003
0.025358
0.065300
0.119640
0.147214
0.091232
0.128595
0.078917
0.011726
-0.048834
0.022009
0.135355
0.130089
0.215032
0.166438
0.081778
0.111039
0.055012
0.027398
0.111512
0.119962
0.080496
0.030573
0.116593
0.140307
-0.046903
0.070300
0.117502
0.097041
0.120867
0.167091
0.167238
0.198993
0.147798
0.094546
0.104341
0.036756
0.035348
-0.001726
0.018263
0.043632
0.093630
0.030587
0.044294
0.035567
0.012129
0.050307
0.020748
0.110198
0.129776
0.093399
0.019399
0.035766
-0.008498
0.059685
0.052597
0.090143
0.156993
0.126094
-0.003718
0.168860
0.136808
0.080405
0.111132
0.108486
0.066396
0.024157
-0.031271
0.051926
-0.040309
0.036138
0.117428
0.145842
0.019589
0.079547
0.162468
0.082640
0.101250
0.143001
-0.022100
0.034717
0.061450
0.088487
0.113159
0.096442
0.011967
-0.000857
0.094711
0.134227
0.130120
0.075212
0.147179
0.090421
0.171841
0.152937
0.051719
0.010291
0.040397
0.049861
0.123425
0.021188
0.024260
0.142956
0.090819
0.130402
0.170051
0.106691
0.099928
0.099491
0.142148
0.147149
0.055152
0.192269
0.140514
0.051676
0.066792
0.065636
-0.019323
0.057932
0.104937
0.217904
0.044722
0.197574
0.170034
0.058876
0.132370
0.045603
0.073325
-0.081017
0.051250
0.039589
-0.054061
-0.035503
-0.031407
0.091771
-0.021808
0.085781
0.036443
0.022070
0.038923
0.061752
0.186613
0.133041
0.124790
0.133928
0.021042
0.079172
0.002668
0.045625
0.012856
-0.022350
0.058740
0.089295
-0.015990
0.005046
-0.030494
0.019231
0.103415
0.095520
0.085926
0.019415
-0.051785
0.117383
0.162773
0.058838
0.002442
0.133975
0.080988
0.023516
-0.012475
0.014305
-0.065034
0.059837
0.135762
0.185415
0.102693
0.025273
0.031127
0.020382
0.081651
0.036640
0.089150
0.016226
0.129593
0.052625
-0.024871
0.019925
0.018761
0.045858
0.070865
-0.015846
-0.100691
-0.021526
0.004722
0.030256
0.016607
0.041956
0.060569
-0.012053
-0.060213
0.012865
0.068190
0.086779
0.083692
-0.028480
0.038770
0.074921
0.024769
0.118138
0.016032
0.056292
0.040765
0.112642
0.122938
0.080835
0.070035
-0.063321
0.075273
0.064508
0.083235
-0.007214
-0.096042
-0.014091
0.047539
0.047574
0.097233
0.168682
0.113671
0.089280
0.034745
-0.006570
0.047706
0.116728
0.112326
0.125433
0.057934
0.033764
0.114505
0.039431
0.178046
0.103221
0.042134
0.044576
-0.048230
0.070827
0.048486
0.073072
0.058025
0.113661
0.117782
0.047199
-0.042305
-0.028464
0.058167
0.079953
0.103355
0.039336
0.028619
-0.003683
-0.017360
0.046102
0.061917
0.232743
0.093300
0.031937
0.045844
-0.007782
0.040979
0.064902
0.108119
-0.050345
0.008911
-0.054606
-0.041703
0.033244
0.089375
0.006820
0.058073
0.009926
-0.029216
0.030841
-0.021640
-0.010695
0.031177
0.124351
0.089320
0.019194
0.092930
0.047861
0.110911
0.134207
0.047036
-0.013135
0.055570
0.009147
0.033110
0.153300
0.054168
0.113432
-0.003191
0.025781
0.089740
0.003131
0.080031
0.143760
0.037979
0.063166
0.077411
0.021459
0.124567
0.076796
0.016891
-0.025649
0.048584
0.103060
-0.050929
0.043610
0.029074
0.010233
0.020438
0.076343
0.137153
0.170277
0.126030
0.141074
0.159672
0.079804
0.021725
0.019476
0.088477
0.107124
0.185330
0.149729
0.142687
0.091891
0.055547
0.041245
0.087181
0.022211
0.075375
0.178671
0.124916
0.238279
0.059988
0.063904
0.199137
0.161586
0.110421
0.200055
0.137873
0.155009
0.151546
0.029332
0.142043
0.011852
0.089331
-0.078349
0.026609
0.006805
0.029085
0.012303
-0.016356
0.084367
0.155372
0.051413
0.105609
0.062872
0.008449
0.079564
0.224522
0.071987
0.175531
0.212893
0.142603
0.049356
0.132832
0.107578
0.117827
0.041538
0.160460
0.069655
0.050288
0.166637
0.103577
0.118163
0.061169
-0.030215
-0.006960
0.002488
0.041553
0.044878
0.013051
0.101484
0.139833
0.127730
0.208839
0.104289
0.056952
0.000145
0.154209
0.025097
0.014690
0.112002
0.138013
0.116742
0.135767
0.116449
0.188045
0.000785
0.115735
0.155393
-0.008340
0.105875
0.038954
-0.006802
0.053851
0.000842
0.107638
0.075198
0.007433
0.169367
0.137548
-0.013549
0.069258
0.075100
0.004822
0.115013
0.033534
-0.014822
-0.015683
0.033235
0.049730
0.082500
0.051719
0.006993
-0.014243
0.102344
0.155772
-0.006933
0.126771
0.185371
-0.036152
0.048335
0.085706
0.099024
0.174106
0.050118
0.056721
0.091911
0.092610
0.058393
-0.043448
0.068310
0.033546
0.137740
0.084761
0.152507
0.224136
0.103404
0.035081
0.174482
0.067138
0.091785
0.136080
0.039928
-0.008869
0.073394
0.156957
0.147066
0.144048
0.039776
0.049818
0.178657
0.110472
0.021211
0.056367
0.077299
-0.029493
0.072125
0.074132
0.171585
0.095210
0.104877
0.045245
0.078450
0.117517
0.167845
0.124129
0.121101
0.069106
0.071446
0.090179
0.034867
-0.007801
0.099005
0.070532
0.092409
0.100585
0.078426
0.023141
0.119652
0.154642
0.119181
0.115570
0.121039
0.138115
0.115190
0.138199
0.065945
0.099854
0.077207
0.068589
0.047127
0.084471
0.037031
0.080944
0.116268
0.004556
0.122326
0.091639
0.050534
0.084017
0.041191
0.010483
0.036136
0.078373
0.095503
0.088616
0.191796
0.110800
0.176331
0.053796
0.066263
0.055237
0.067300
-0.014901
-0.040484
-0.018659
0.030307
0.108546
0.130274
0.121600
0.060373
0.059066
0.086647
0.083157
0.087291
0.139566
-0.011472
0.084902
-0.016693
0.065097
0.078760
0.071180
0.120855
0.090884
0.073248
0.048691
0.045327
0.017164
0.020046
0.002292
0.003910
0.017762
0.125824
0.138880
-0.070194
0.000735
-0.005274
0.062721
0.019692
0.026991
0.057478
0.100717
0.011297
0.092025
0.087451
-0.033167
-0.014623
0.132895
0.108074
0.035159
0.046188
0.095545
0.070690
0.084207
0.085779
0.107818
0.082929
0.089323
0.117020
0.071499
0.121543
0.004432
0.063980
0.170026
0.076845
0.064709
0.154373
0.113940
-0.005972
0.093354
0.014737
0.073211
-0.000483
0.033876
0.052180
0.163511
0.053133
-0.001608
0.168271
0.087415
0.202314
0.135108
0.059270
0.042148
-0.036351
0.017774
0.061461
0.102595
0.040545
0.083386
0.079372
0.145439
0.066707
0.073881
0.059847
0.017000
0.018504
0.056784
0.062595
0.019321
0.084887
0.055375
0.054863
0.089896
0.130965
0.069353
0.122020
0.063261
0.059677
0.099119
0.022651
0.155071
0.118994
0.077916
0.071265
0.253324
0.182708
0.042523
0.124207
0.131583
0.160684
0.096151
0.024023
0.041083
-0.050219
-0.038838
0.062784
0.120550
0.135294
0.145899
0.080158
0.057991
0.079916
0.036036
0.084404
0.042631
0.107206
0.141300
-0.041442
0.134674
0.041381
0.036247
0.058758
-0.039579
0.122308
0.157183
0.057339
0.121745
0.060234
0.011531
-0.021054
0.053084
-0.018397
0.036435
-0.024006
0.011284
-0.037329
0.038177
0.167209
0.076720
0.053219
0.071254
0.091567
0.164301
0.048443
0.118832
0.199543
0.080359
0.112224
0.060746
0.088557
0.050124
0.091686
0.158229
0.048783
0.007867
-0.048826
-0.004103
0.012771
0.031600
0.039850
0.098706
0.053034
0.068849
0.073483
0.096639
0.137378
0.019696
-0.067264
-0.039559
0.041773
0.115726
-0.004996
0.000078
0.116305
0.117064
0.099160
0.026925
0.057518
0.091411
0.029994
0.057867
0.083883
0.131910
0.092844
0.078469
0.045005
-0.045493
0.053572
0.181661
0.126573
0.095611
0.061330
0.097060
0.063463
0.115887
-0.020382
0.077577
0.037514
0.158988
0.042195
0.048913
0.002450
0.043958
0.126350
0.067766
-0.040805
0.063830
-0.036128
0.044981
0.082815
0.004973
0.046143
0.074820
0.019241
0.025715
0.060270
0.048929
0.107608
0.086941
0.105747
0.137135
0.142052
0.059835
0.213532
0.119858
-0.062057
0.024664
0.042037
0.071408
0.032877
-0.007455
0.056255
0.018768
-0.023456
0.030120
0.062861
0.021000
0.107058
0.056627
0.147195
-0.004195
0.074932
0.029410
-0.038181
0.148610
0.050933
-0.044084
0.106744
0.040688
0.047506
0.061074
0.085075
0.116010
0.104656
-0.041659
0.135586
0.071433
0.126651
0.080761
0.037424
0.038381
0.102285
0.148111
0.059209
0.100112
0.107768
0.122854
0.115182
0.108260
0.001193
0.053503
0.022915
0.035854
0.113790
0.145825
0.115013
0.180760
0.093891
0.148059
0.023782
0.056941
0.001944
0.016652
0.063532
0.039140
0.150319
0.026263
0.154934
0.116536
0.015334
0.039238
0.138337
0.082649
0.119962
0.072209
0.175386
0.022656
0.068507
0.103417
0.088200
0.047414
0.155045
0.127986
0.043421
0.146553
0.169201
0.102533
0.121645
0.076122
0.065201
0.029870
0.073471
-0.003553
0.180540
0.059244
0.120932
0.065400
-0.083290
0.075204
0.169804
0.181981
0.167916
0.171278
0.198372
0.146919
0.152827
0.065732
0.076665
0.051065
0.186489
0.154847
0.106517
0.076898
0.015076
0.057155
0.044787
0.004593
0.022476
0.097863
0.078318
-0.007390
0.067984
0.030598
-0.010170
0.014798
0.043601
0.000160
0.064303
0.155970
0.164333
0.121019
0.099256
0.110863
0.094287
0.055830
-0.079189
0.036889
0.067956
0.098558
0.033300
0.042614
-0.035659
-0.006547
0.114170
0.136391
-0.002581
0.014421
0.056095
0.032234
0.097871
-0.005879
0.080937
0.091129
0.061641
0.128154
0.049158
0.031006
0.043309
0.075396
0.090565
0.153468
0.134218
0.096707
0.183682
0.205288
0.169979
-0.027587
0.150855
0.071075
0.005404
0.140665
0.043350
0.065134
0.035449
-0.019837
0.014578
0.099567
0.069548
0.057144
-0.068272
0.005419
0.110417
0.013181
0.028725
0.082845
0.046120
0.025073
-0.058827
0.059358
0.054355
0.127387
0.072052
0.088143
0.055051
0.099176
0.024127
-0.032878
0.016305
0.053652
0.044998
0.032279
0.015176
0.145198
0.115036
0.069152
0.178641
0.167368
0.043577
0.103167
0.117256
0.075699
0.079739
0.059183
0.041025
0.072093
0.093213
0.106243
0.110195
0.002491
0.095182
-0.005060
-0.110900
-0.025323
0.041739
0.071062
0.047039
0.010432
0.124748
0.060014
0.048790
0.075505
0.029135
-0.086062
0.058549
0.020732
0.011524
0.034383
0.035070
-0.033669
0.067470
0.016899
0.026943
0.042363
-0.002819
0.036412
0.072180
0.038832
0.087570
0.021067
0.103362
-0.070896
0.103420
0.050923
0.032347
0.032158
0.026294
-0.034433
0.119793
0.090648
0.037490
0.069358
0.010430
0.048910
-0.010902
0.065729
0.018020
-0.005722
-0.131514
-0.055873
-0.031837
0.003673
0.009348
0.045299
-0.063622
-0.033679
-0.017328
0.033581
0.090290
0.046860
0.093916
0.109964
0.042392
0.087951
0.143302
0.124710
0.124253
0.102715
0.035806
0.011417
0.058010
0.063747
0.042265
0.049106
0.025711
0.015842
0.057642
-0.014133
-0.061555
0.079204
0.017275
0.044570
0.041287
0.075043
0.045351
0.084177
0.090776
-0.020604
0.058035
0.186963
0.158077
0.031158
-0.005974
-0.013930
0.021913
0.067281
-0.011731
-0.026850
0.052584
0.041763
0.062327
0.033778
0.094795
0.161530
0.051479
-0.015232
-0.017689
0.098828
0.028008
0.034792
-0.072829
-0.011546
-0.081509
-0.010519
0.167244
0.088667
0.159053
0.007295
0.031841
0.054003
0.063504
0.047531
0.154836
0.117766
0.077384
0.037673
0.148871
0.108803
0.056940
0.024884
0.101229
0.118956
0.142119
0.151010
0.066869
0.028417
0.057913
0.152681
0.092900
0.003957
0.089619
0.129446
0.079112
0.072349
0.066516
0.128883
0.229368
0.044680
0.016711
0.118393
0.142091
0.124770
0.077684
0.038305
-0.010636
0.060626
0.101098
-0.014587
0.103248
0.086777
-0.046479
0.038687
-0.000943
0.046363
-0.046545
-0.025354
0.039343
0.006769
0.126845
0.075317
0.041896
0.080570
0.024089
0.038719
0.030927
0.142675
0.167332
0.039530
0.032858
0.012605
0.049454
0.095692
0.105374
0.104851
0.040580
0.062486
0.057096
-0.060521
0.024433
0.054043
0.163820
0.057242
0.129695
0.030118
0.057653
0.102255
0.158785
0.052530
0.098381
0.079122
0.097270
0.140256
0.108812
0.133189
-0.015132
0.121070
0.010611
0.084137
0.093663
0.058902
0.106679
0.062664
0.102595
0.113625
0.046307
0.021282
0.033990
0.102880
0.028152
0.030521
0.036307
0.052353
-0.016430
-0.055904
0.009438
0.045925
0.020866
0.078213
0.040369
0.052689
0.080300
-0.079793
0.047884
0.082350
0.080169
0.023052
0.077596
0.170365
0.156688
0.002015
-0.009003
-0.000809
0.023819
0.016151
0.064891
0.138368
0.054873
0.153219
0.034359
0.039530
0.028922
0.075417
0.221421
0.155766
0.064467
0.121199
0.113839
0.091271
0.033746
0.048567
0.137220
0.130067
0.156369
0.031286
0.070180
0.038790
0.061659
0.016966
-0.043695
0.026741
0.036924
0.128703
0.093510
0.038954
0.022315
-0.097775
0.058027
0.019702
0.078649
0.059111
0.051122
0.059606
0.051383
0.074646
0.115270
0.067321
0.017371
-0.014179
0.075582
0.075338
0.091287
0.026781
0.024844
0.112558
0.112042
0.004440
0.048446
0.053188
0.024431
0.052942
-0.027100
0.031829
0.086349
0.023373
0.073851
0.038743
0.094113
0.079034
0.039563
0.046192
0.072348
-0.026431
0.065150
0.193876
0.139725
0.123755
0.077211
0.063702
0.087197
0.040471
0.059219
0.128644
0.126434
0.118853
0.075012
0.020222
-0.007011
0.090475
0.073855
0.079383
0.085875
0.041437
0.046515
0.011940
0.025591
0.028089
0.033743
0.074124
0.025374
-0.041535
0.048130
0.067296
0.009648
0.041018
0.106641
0.044133
0.049156
0.012479
-0.029675
0.162601
0.105123
0.054789
0.056246
0.100142
0.080835
-0.051319
-0.075522
0.092809
0.123904
0.131009
0.034918
0.033722
0.044241
-0.005122
0.009921
0.015278
0.094431
-0.008894
0.154084
0.110189
0.072253
0.048037
0.121083
0.124832
0.089624
0.073164
0.003236
-0.045652
0.045266
0.040012
0.131810
0.069758
0.073718
0.122715
0.012045
0.091007
-0.000458
-0.075860
-0.074977
0.038853
0.038988
0.045040
0.049979
0.077130
-0.065221
0.010509
-0.008931
0.092693
0.043405
0.165896
0.013806
0.126019
0.034485
0.019830
0.078417
-0.069228
0.110174
0.114155
0.080305
-0.014236
0.043272
-0.047013
0.050154
-0.010141
0.025327
-0.074792
0.020653
0.019946
0.048667
0.026295
-0.002548
0.012142
0.030055
0.012752
0.008962
-0.018608
0.015990
0.023826
0.124228
0.036616
-0.000948
0.005780
0.063589
0.125958
0.061029
-0.030306
-0.056577
0.106148
0.121809
0.142067
0.148017
0.154174
0.175150
0.098642
0.198297
0.148074
0.134965
0.138942
0.061078
0.033505
-0.018075
0.118826
0.019304
-0.012789
0.080970
0.059675
0.067116
-0.008354
0.102917
0.153369
0.096555
0.119326
0.025349
0.027661
0.031155
0.104236
0.175814
0.075241
0.160031
0.123996
0.145475
0.039036
0.158938
0.115119
0.068360
0.140279
0.100114
0.130664
0.063771
0.054521
0.016140
0.053039
0.061183
0.029325
0.079754
0.158195
-0.002423
0.027667
0.075223
-0.000436
-0.062640
-0.082296
-0.002906
0.054627
0.139254
0.078135
0.083902
0.043161
-0.020195
0.028779
0.009368
0.028386
0.020711
0.109746
0.116435
0.079608
0.166638
0.067223
0.063995
0.013022
-0.051866
-0.000988
-0.008017
-0.030670
0.109418
0.046571
-0.005913
0.066784
0.154220
0.144527
0.080711
0.093047
0.021055
0.094071
0.061159
0.082012
0.048630
-0.001398
0.088024
0.130269
0.074237
0.099986
0.108372
0.078091
-0.005931
0.028789
0.037542
0.014564
-0.020844
-0.063790
0.003415
0.111271
0.044406
0.089386
0.073643
0.065941
0.055249
0.138268
-0.005367
0.095273
0.078815
0.065585
-0.047078
-0.002871
-0.045289
-0.034434
0.003962
0.059495
0.062995
0.069802
0.148212
0.030294
-0.036551
0.034429
0.041156
-0.021308
0.108721
-0.010467
0.121724
0.046806
-0.007206
0.055551
0.123294
-0.011778
0.064080
0.040153
0.008765
0.012886
-0.043500
0.082319
-0.038119
0.042916
0.211923
0.054066
-0.053653
0.014085
-0.030205
-0.006566
0.103868
0.098838
0.059507
-0.020059
0.118439
0.114025
0.095744
-0.012220
0.039246
0.043076
0.080947
0.135199
0.098825
0.102409
0.101093
0.111852
0.036361
0.086126
-0.004273
-0.049778
0.052473
0.007394
-0.017669
0.051640
0.053822
0.124101
0.065225
0.048878
0.067284
0.077831
-0.004202
0.020613
0.068498
0.036396
0.004944
0.084916
0.107191
0.087233
0.056678
-0.000186
0.024839
-0.029308
0.026064
0.047692
0.054243
-0.020320
-0.013056
0.033612
0.051123
0.113582
0.090125
0.015064
0.099407
0.051744
0.041881
0.053980
0.062501
0.105440
0.062253
0.063531
-0.027370
-0.010744
0.046557
0.082478
0.143330
0.016530
0.022310
-0.043685
0.039904
0.079493
0.039245
-0.036619
0.034094
0.045555
-0.006888
0.052669
0.005280
0.009424
0.077655
0.001418
-0.025902
-0.004363
0.058829
0.079313
0.113865
0.063592
0.088348
-0.033004
0.202952
0.185181
0.090776
0.069978
0.005844
0.042478
0.050334
0.112961
-0.101025
0.085149
0.135408
-0.020139
-0.012795
0.080593
0.206700
0.193493
0.151834
0.124761
0.037717
0.076974
0.158176
0.079874
0.080615
0.107569
-0.036709
0.083697
-0.049043
-0.011507
0.182221
0.066214
0.072968
0.040224
0.049025
-0.036424
0.076757
-0.002781
0.026660
0.046537
0.037901
0.079018
0.109459
0.110178
0.087920
-0.035382
0.062850
0.012988
0.083694
0.079286
0.140035
0.128730
0.059162
0.157537
0.133115
0.103160
0.161025
0.023854
0.107989
-0.010519
-0.010390
0.042488
0.148692
0.042493
0.049797
0.186531
0.111579
0.069015
0.061295
0.166328
0.085798
0.059755
0.056826
0.009761
-0.012916
0.031129
-0.007914
0.051102
-0.018369
0.031858
0.053203
0.065405
-0.018885
-0.033175
-0.013562
0.077406
0.069960
0.066468
0.118181
-0.030253
0.042410
0.002322
0.021019
0.147139
0.039137
0.141222
0.088922
0.096228
0.044457
0.004733
-0.052754
0.080057
0.144682
0.011490
0.068683
0.159578
0.132115
0.080477
0.125283
0.064175
0.108612
0.040081
0.044350
0.037143
0.094350
0.058575
0.036546
0.013571
0.034982
-0.058862
0.033317
0.074542
0.073322
0.059845
0.147830
0.103884
0.066269
0.089324
0.095709
0.030123
0.105455
0.150830
0.104501
0.134075
-0.017121
-0.047294
0.006219
0.067704
0.040466
0.009425
0.049574
0.015942
0.112617
0.007598
0.037577
0.028879
0.050972
0.093894
0.099526
0.169444
0.092029
0.088486
0.077310
0.093200
0.165927
0.103895
0.115009
0.093373
0.152617
0.070997
-0.011472
0.013623
0.050755
0.095180
0.127193
0.166881
0.109286
0.034317
0.038423
0.035742
0.093024
0.099584
0.129667
0.099128
0.078751
0.081192
0.115902
0.107859
-0.029657
0.038811
0.130745
0.043765
0.048140
0.034347
0.070962
0.095046
0.053102
0.038306
0.162368
0.151545
0.098187
0.109920
0.021042
-0.039036
0.042224
0.089816
0.103127
0.027198
0.005163
0.002289
-0.034356
0.153453
0.144770
0.103320
0.133117
0.203410
0.110393
0.074817
0.028456
-0.009988
-0.009418
0.056210
0.105336
0.121722
0.054070
0.086941
0.083996
0.064490
0.027294
0.015062
0.075498
0.043456
0.055261
0.065583
0.129771
0.051517
0.012492
0.010531
-0.008093
0.099053
0.086762
0.060339
0.056415
-0.066208
-0.025942
-0.009620
0.066191
0.044525
0.051652
-0.001683
0.149646
0.082921
0.042650
0.031930
0.067722
0.229442
0.084621
0.099841
0.073081
-0.025901
-0.023301
-0.018590
0.011245
0.068253
0.138196
0.032501
0.042547
0.020470
0.025649
0.042062
0.041851
0.042084
0.114835
0.160443
0.157420
0.066223
0.061150
0.078488
-0.063862
0.011129
0.026482
-0.016378
0.034772
-0.044714
0.090546
0.026444
0.043297
0.037686
-0.004343
0.024153
0.052965
0.150643
0.198050
0.098666
0.116382
0.000309
0.043555
0.011502
0.012493
0.133460
0.033153
0.148617
0.013819
0.023274
0.042231
0.057115
0.019900
0.047101
0.129716
0.116732
0.061833
0.125213
0.093172
0.058316
0.097299
0.047980
0.037946
-0.024173
-0.002923
0.140701
0.056019
0.055956
-0.035868
0.025520
0.066023
0.083398
-0.013708
-0.007783
0.094857
0.134294
0.060735
0.117017
0.082695
0.108812
-0.007240
0.080301
0.043999
-0.084172
0.128299
0.092494
0.165329
0.140217
0.035779
0.062579
0.010493
0.040257
0.001454
-0.078087
0.005261
0.064332
0.093269
0.028789
-0.024707
0.017304
0.097608
0.022932
0.055410
0.062157
0.099445
0.000121
0.122607
0.117003
-0.016441
-0.023832
0.099159
0.123055
0.015254
0.088589
0.117230
0.071709
0.052810
0.040697
0.104538
0.067470
0.060938
0.115238
0.235315
0.119925
0.161457
0.039642
0.046603
0.160945
0.001085
0.111396
0.043880
0.091956
0.141741
0.133869
0.039571
0.054358
0.018549
0.135741
0.090189
0.003916
0.038393
0.036225
0.109553
0.074174
0.034372
-0.052151
-0.028913
-0.004584
-0.026226
-0.000245
0.055182
0.042879
0.094762
0.036603
0.019520
0.103585
-0.001295
-0.013681
-0.031221
-0.028473
0.048009
-0.019812
-0.021872
0.058926
-0.035150
0.005068
0.146383
0.030331
0.061389
0.113107
0.104360
0.008811
0.166217
0.165145
0.140025
0.120445
-0.008958
0.046111
0.006600
0.139878
0.166574
-0.010521
-0.014204
0.095463
0.092464
0.169329
0.087168
-0.066905
-0.007533
-0.000995
0.036133
0.173776
0.038452
0.048476
0.027179
0.118868
0.107213
0.028963
0.088445
0.057204
-0.014025
0.046761
-0.017713
0.052718
0.002251
0.104085
0.106833
0.116164
0.056851
0.077078
0.127644
0.125787
0.084683
-0.022462
0.054756
-0.041005
0.085890
0.014116
0.047367
-0.006910
0.070266
0.095780
0.159379
0.146843
-0.004673
0.062773
0.072568
0.099164
0.078445
0.050480
0.151008
0.061358
0.092529
0.057889
0.065321
0.032711
0.100006
0.160043
0.010509
0.052781
0.055669
0.097308
0.096355
0.096738
0.050359
0.138502
0.137997
0.060165
0.191442
0.053843
0.059194
0.030390
0.121511
0.010783
0.020077
0.064881
0.018009
0.008456
0.037058
0.028674
0.053663
0.100292
0.096073
0.086953
0.040500
0.023993
0.000909
-0.071573
0.024271
0.141515
0.054412
0.071542
-0.005642
-0.006591
-0.025462
-0.015082
-0.001960
-0.009954
0.064503
0.049043
0.025007
0.060733
0.054653
0.094060
0.101028
0.216365
0.189077
0.151808
0.025474
0.197275
0.177161
0.094115
0.136806
-0.011665
0.181019
0.105779
-0.001128
0.185587
0.117458
0.074789
0.069234
-0.025581
-0.019562
-0.043365
0.006308
0.071975
0.142053
0.098335
0.114722
0.138345
0.028850
-0.040205
0.094180
0.074295
-0.044689
0.035154
0.115481
0.147051
0.125952
0.110415
-0.091552
-0.002741
0.014320
-0.001963
0.098700
0.132804
0.010677
0.014714
0.089297
-0.035113
0.000671
0.006778
0.018984
0.025230
-0.059194
-0.068865
-0.024172
0.005427
0.052406
-0.013235
0.041631
0.107459
0.078812
0.116251
-0.026887
0.042536
0.135020
0.048021
0.064858
0.046983
0.071979
-0.028589
0.111267
0.007620
0.158314
0.122183
0.116633
0.033909
0.077275
-0.044652
0.070771
0.161926
0.054112
0.107776
0.185475
0.134645
0.043055
0.155748
-0.081640
0.047073
0.020408
0.022196
0.002995
0.030899
0.083112
0.048473
0.109586
0.129070
0.060421
0.114962
0.107940
0.011139
-0.041771
-0.016870
0.032051
0.068087
0.056461
0.083586
0.039385
0.095935
0.117839
0.029414
0.074140
-0.022717
-0.000380
0.041225
-0.028272
0.025359
0.076087
0.177548
0.035748
0.064264
0.070518
0.019532
0.088375
0.131554
0.230111
0.056497
0.024395
0.009731
0.007331
0.065298
0.052106
0.076299
0.172974
0.091922
0.087461
0.055829
0.062490
-0.003451
0.032871
0.030922
0.074443
0.155863
0.069822
0.142465
0.062483
0.110648
0.097846
0.146110
0.026986
-0.012849
0.044098
0.064204
-0.027590
0.042046
0.012744
0.086366
-0.045481
0.079484
0.043534
0.002464
0.015637
0.097334
0.014785
0.152658
0.013431
0.027182
-0.028865
0.046384
0.134367
0.116316
0.079219
-0.002017
0.100311
-0.013658
0.050633
0.030150
0.094102
0.024567
0.031466
0.074314
-0.018954
0.138744
0.081519
0.150278
0.054945
0.093847
0.023434
0.005869
0.069027
-0.020328
-0.102771
-0.013681
0.085889
0.071353
0.044354
-0.036325
0.049069
0.027612
-0.053400
0.114247
0.073212
0.046546
0.111452
0.102348
0.125592
0.134275
0.031949
0.047277
0.025616
0.106252
0.083120
0.015196
0.099399
0.032288
0.047551
0.010627
-0.042009
-0.086297
-0.031459
0.021892
0.021183
0.000795
0.102495
0.087642
0.121392
0.116700
0.143845
0.091635
0.080198
0.077962
0.091733
0.160273
0.090948
0.016493
0.149794
0.135954
0.148268
0.067839
0.040824
0.035778
-0.004190
0.049348
0.126933
-0.024301
0.028349
0.055292
-0.030416
0.041087
0.000233
-0.035720
-0.084780
0.016868
0.028423
0.059251
-0.047724
0.033637
0.039204
0.054601
0.054717
0.067332
0.010109
0.071032
0.139871
0.064635
0.110064
0.146352
0.049262
0.128425
0.135242
0.080165
0.122724
0.091770
0.118181
0.085166
0.041017
0.078388
0.074914
0.032717
0.129733
0.007867
-0.092343
0.028693
0.011178
-0.001599
-0.082611
-0.085093
0.044186
0.071739
0.036190
-0.013496
0.136348
0.010852
0.047673
0.157691
0.157336
0.115628
0.110777
0.117605
0.102082
0.099448
0.066772
0.049055
0.059267
0.007947
0.058975
0.081311
-0.001416
-0.016143
0.061866
0.049214
0.032261
-0.002749
0.016930
0.132716
0.108939
-0.045516
0.078240
0.067594
0.128860
-0.027075
0.000636
0.021795
-0.018981
0.077581
0.109614
0.123032
0.069746
0.088970
0.092225
0.061808
0.127983
0.111866
-0.053609
0.179807
-0.035025
0.057259
0.137910
0.042708
0.005833
0.014879
0.006297
0.003529
0.153442
0.023382
0.033041
0.076656
0.004561
0.065320
0.050928
0.062056
0.074524
0.037179
0.048540
0.034627
0.034503
0.035867
0.048916
0.078437
0.072046
0.097189
0.001939
0.115364
0.150449
0.142675
0.145583
0.002924
0.074904
0.067706
0.032226
-0.086702
0.130931
0.080927
0.026012
0.047654
-0.004160
-0.033151
-0.018705
0.005159
0.006294
0.046079
0.020221
0.097558
0.171107
0.189195
0.078225
-0.038845
0.062894
0.019031
-0.014004
0.022693
0.042435
0.059076
0.075601
-0.014707
0.078107
0.132749
0.064913
0.165103
0.120504
-0.036603
-0.043803
0.017637
0.077149
0.085701
0.116715
0.047994
0.078656
0.167932
0.013116
-0.019831
0.074511
0.043459
0.148755
0.037432
0.003439
0.090336
0.083960
0.025373
0.120547
-0.012769
0.075095
0.138468
0.059719
0.126878
0.112314
-0.001153
-0.012751
0.064093
0.095509
-0.006902
0.038058
0.151105
0.040861
0.163343
0.044339
0.039684
0.075159
0.211948
0.040987
0.024732
0.025589
0.181034
0.042405
0.112308
0.086930
0.089714
0.117310
0.096393
0.091520
0.082920
0.068424
-0.055178
0.059158
0.049443
0.143250
0.070813
0.053755
0.110971
0.024095
0.054823
0.044210
-0.028383
0.111885
0.041026
0.000906
0.127238
0.022666
0.141061
0.015146
0.009213
0.043253
-0.019284
-0.012804
0.022210
-0.007487
0.004263
-0.041835
0.156936
0.043638
0.110133
0.155476
0.033636
0.033186
0.101962
0.050534
0.147390
0.222979
0.160663
0.069744
0.052673
-0.011286
0.039887
0.039837
0.134189
0.118294
0.052408
0.118579
-0.021261
0.101418
0.019352
0.041679
-0.049397
0.015739
0.022959
0.012821
0.048136
0.020955
0.173144
0.074352
0.060833
0.062217
0.050565
-0.031093
0.059474
0.089014
0.038506
-0.015962
0.048726
0.065619
0.125640
0.070898
0.040013
0.034314
0.029012
0.032922
-0.129639
0.017071
-0.043138
-0.065135
0.160941
0.185060
0.101111
0.166477
0.044020
-0.023908
-0.000149
0.029239
0.002846
0.024269
0.110676
0.139930
0.086583
-0.007479
0.065179
0.149328
0.111013
0.080151
0.020728
0.025557
0.105609
0.123774
0.164603
0.068762
0.042795
0.081326
0.064329
0.135404
0.207314
0.044964
0.078939
0.089204
0.087033
-0.037068
0.081634
0.057561
-0.022402
0.083435
0.068089
0.094239
0.186842
0.076642
-0.073951
0.097872
0.057921
-0.040103
0.040738
0.106862
0.065622
-0.056444
0.040146
0.071648
0.066292
-0.049678
0.075292
0.095941
0.059040
0.104072
0.030325
0.110143
0.007954
-0.018056
-0.008328
0.037972
0.145352
0.128262
0.188270
0.101430
0.078842
0.054106
0.049949
0.034626
0.007457
0.129906
0.056213
0.050005
0.057755
0.051253
0.057469
-0.012135
-0.025590
0.007768
0.085065
0.055919
-0.015103
-0.030575
0.087294
0.131739
0.047533
0.143683
0.202020
0.181480
0.082753
0.060104
0.015106
0.070512
0.004410
0.135361
0.075612
0.098299
0.054971
0.115835
0.142061
0.067636
0.084761
0.150028
0.069102
0.013840
0.014171
0.077369
0.093263
-0.042623
0.000326
0.039017
0.032624
0.074397
0.063389
0.041615
0.051031
0.115983
0.011178
0.054526
0.126909
0.050634
0.059787
0.113450
0.088684
0.062484
-0.010679
0.013287
0.077216
0.045323
0.010140
-0.035922
0.058210
-0.005157
0.072423
0.035892
-0.098196
0.022811
0.089346
0.122487
0.075845
0.017292
-0.052911
-0.023167
0.111167
0.013136
0.105511
-0.012187
0.067341
0.007730
-0.065797
0.087539
0.074918
0.127918
0.153962
0.034015
0.028428
0.085711
0.062621
-0.004984
-0.103730
0.032372
0.110538
0.055158
0.029819
0.027222
-0.009227
0.057491
0.095453
0.052191
0.103871
0.052742
0.022499
0.027581
0.097121
0.034071
0.126106
0.036515
0.087492
0.170546
0.104921
0.139106
0.119460
0.165300
0.067809
0.092102
0.109471
-0.012474
-0.007606
0.129769
0.008617
0.024158
0.053058
0.000348
0.059623
0.142130
0.051151
-0.049149
0.036514
0.028396
0.067444
0.055877
0.110559
0.042679
0.113162
0.051800
-0.030793
0.035856
0.070793
0.110049
0.128706
0.028583
0.020274
-0.000138
0.055461
0.061460
0.108098
0.072748
0.079693
0.175667
0.128586
0.126135
-0.004867
0.064141
0.054482
0.098213
0.112064
0.143880
0.169467
0.158701
0.054641
0.044278
-0.005636
0.017717
0.123858
0.076121
0.094065
0.111018
0.088869
0.099065
0.112254
0.141169
0.065855
0.099716
0.024422
0.046255
0.181078
0.091502
0.073118
0.111357
0.016766
0.053010
0.057708
0.058948
0.063425
0.061459
-0.011878
0.041589
0.036028
-0.012943
0.038970
0.062803
0.113915
0.077521
0.001390
-0.009641
0.044139
0.028054
-0.012503
-0.082174
-0.093385
-0.054908
0.005161
0.003400
0.029688
-0.047676
-0.005500
0.044698
0.032022
-0.002804
0.040446
0.125237
0.058868
0.198988
0.141403
0.048938
0.089343
0.024830
0.067526
0.095293
0.039587
-0.053054
-0.060398
0.023484
0.042283
0.127785
0.160379
0.095507
-0.014140
0.067993
-0.009181
0.057967
0.123852
0.074191
0.161997
-0.013026
0.039964
0.023399
-0.029212
0.161594
0.113085
0.025412
0.074999
0.012366
0.052742
0.117007
0.143795
0.037822
0.049381
0.088733
0.000253
-0.034046
0.013105
0.073955
0.097775
0.082673
0.180820
0.110728
0.052205
0.027733
0.103077
0.158604
0.018854
-0.020756
0.053915
0.027920
0.077355
0.197336
0.087652
0.071631
0.091883
0.103983
0.097443
0.177601
0.128584
0.122226
0.135301
0.116522
0.179974
0.185078
0.069295
0.130047
0.173203
0.112343
0.123791
0.090418
0.024286
-0.094613
0.013131
0.002334
0.107138
0.075692
0.074299
0.108867
0.071572
0.107404
0.063562
0.117241
0.115431
0.136459
0.154951
0.050081
0.062635
0.005547
0.119329
0.113431
0.086206
0.042970
0.063127
0.018342
0.034361
0.116838
0.141756
0.161164
0.101018
0.161250
0.238643
0.097215
0.021313
0.113977
0.072429
0.077510
0.068680
0.060052
0.012277
-0.024867
0.048404
0.041047
0.087360
0.111109
0.130545
0.098901
0.074426
0.059545
0.024880
0.017307
-0.055104
0.007649
-0.034052
0.084325
0.078016
0.059146
0.106783
0.024651
0.004649
0.118038
0.088979
0.066432
0.024984
0.136831
0.114415
0.028235
0.045073
0.133563
0.145284
0.126559
0.084543
0.048152
0.022886
0.105297
0.097453
0.134544
0.111678
0.039611
-0.035148
0.032285
0.062217
0.126999
0.072980
0.042731
0.021677
0.063913
0.052348
0.024271
-0.012804
0.068331
0.058738
0.032234
0.073584
0.056944
0.028621
0.023255
0.035054
0.069072
0.095874
0.076489
0.142992
0.128650
0.095053
0.114227
0.093461
0.044723
0.074954
0.008102
0.130896
0.091482
0.021861
0.024801
-0.000171
0.029205
-0.055864
-0.031417
0.084486
0.046533
0.083867
0.122652
0.094592
-0.001665
0.129438
0.025907
0.049370
0.103486
0.156255
0.115026
0.128933
0.012629
0.075214
0.105078
0.075124
0.051388
0.124828
0.103520
0.090629
0.102434
0.159398
0.061476
0.028559
0.055765
-0.001821
0.016555
0.053453
0.036076
-0.007208
0.074727
0.075927
0.136151
0.114554
0.015274
-0.033838
0.105357
0.126940
0.076122
0.077733
0.049049
0.013113
0.038289
0.063360
-0.019229
-0.006817
0.020623
-0.002684
0.056174
0.083838
0.080236
0.075948
-0.022600
0.038256
0.059549
0.008311
-0.044210
0.040807
0.064495
0.116846
0.147622
0.031079
0.071505
0.071006
0.029687
0.039978
0.036022
0.013303
-0.057637
0.036321
-0.036085
0.079405
0.059375
0.073405
0.014710
0.000859
-0.004378
-0.029923
-0.018881
0.036939
0.069391
0.075140
-0.010851
0.034716
-0.009803
0.014240
0.136381
0.074771
0.065780
0.120446
0.152660
0.097660
0.042789
0.142511
0.030562
0.198968
0.043755
0.078165
0.013913
0.097629
-0.070033
0.030149
0.068720
0.039986
0.062720
0.118631
0.179260
0.085775
0.040008
0.085959
0.065961
0.064582
0.088260
0.037609
0.153581
0.103252
0.047111
0.088625
0.059920
0.121340
0.122592
0.135480
0.037895
0.050873
-0.012135
0.031222
0.036868
0.066962
0.127058
0.086429
0.057696
0.050556
0.062289
0.137017
0.033541
0.115028
0.094872
0.060723
0.081158
0.031837
0.045388
0.055792
0.107084
0.131024
0.157642
0.018118
0.116466
0.120093
0.107788
0.124646
0.030094
0.075128
0.078371
0.089123
-0.031288
0.083827
0.087513
0.034603
0.030280
-0.048340
0.001545
0.021785
0.023641
0.071492
0.078151
-0.007792
-0.008413
0.101334
-0.004010
0.110401
0.143188
0.053084
0.070200
0.131797
0.149999
0.016783
0.062980
0.068851
0.039142
0.014201
0.138216
0.142429
0.120188
0.061377
0.011987
0.057969
0.007024
0.017111
-0.002144
-0.040246
0.030354
0.038379
0.060743
0.027217
0.015442
0.060911
0.111194
0.108615
0.000882
-0.010578
0.026628
0.086287
0.083081
0.062655
0.040845
0.008134
0.069817
-0.015653
0.005657
-0.048108
0.022684
-0.042509
0.063017
-0.031964
-0.038078
0.111423
0.018281
0.094254
0.108795
0.041715
-0.001877
0.102358
0.059251
0.041514
0.151801
0.119544
0.098748
0.063764
-0.025127
0.059597
0.114654
0.121895
0.070140
0.096834
0.057586
0.165004
0.072433
0.015095
0.023614
0.006050
-0.008270
0.117151
0.135934
0.116962
-0.005065
0.039078
-0.042716
0.011033
0.015590
0.034575
0.031938
0.045743
0.086003
0.087632
0.223826
0.199405
0.140545
-0.044953
-0.020418
-0.001148
0.034088
0.113378
0.116943
0.131297
0.100866
-0.015195
0.014700
0.072841
0.065615
0.145001
0.082991
0.052618
0.119431
0.095605
0.066450
0.088962
0.012741
0.077808
0.022330
0.037522
0.101272
0.077758
0.101180
0.077711
0.153993
0.012473
0.159882
0.096422
0.000797
0.054974
0.077557
0.060298
0.030581
0.126094
0.054361
0.112079
0.021603
0.067978
0.153235
0.182674
0.163467
0.086258
0.056132
0.085748
0.158818
-0.001707
-0.040221
0.040088
0.118652
0.060313
0.026179
0.120274
0.124467
0.084573
0.117265
0.119636
0.140350
0.039193
0.022451
0.044343
0.058411
0.158363
0.079500
0.125602
0.071438
0.008362
-0.000899
0.004452
0.053198
0.106627
0.100264
0.129020
0.030057
-0.003821
0.133261
0.147970
0.091656
0.024801
0.011151
0.040017
0.101105
0.106985
0.132394
0.102608
0.070996
-0.033357
0.079015
0.050658
-0.032754
-0.052800
0.033184
0.037380
0.023040
0.132460
0.079831
0.081727
0.161479
0.059330
-0.017874
0.124440
0.089115
0.073784
-0.006266
0.102700
0.053631
0.077178
0.086370
0.048568
0.118261
0.070240
0.003704
-0.024321
-0.003052
0.079919
0.008314
0.071399
0.005012
0.001963
0.010442
0.069829
0.151734
0.203263
0.108044
0.214859
0.045936
0.037635
0.065118
-0.000697
0.033901
0.004318
0.059632
0.122812
0.048042
0.047327
0.067777
0.122016
0.082058
0.063124
0.046586
-0.014526
0.032498
0.041813
0.077834
0.065695
0.055438
0.138607
0.182532
0.014382
0.071718
0.131024
0.096110
0.060249
-0.045064
-0.021745
0.091627
0.062457
0.087120
0.088541
0.103489
0.021988
0.066830
0.094708
0.080789
0.072113
0.028890
0.012884
0.066609
0.087005
0.043046
0.070066
0.033842
0.056941
0.009445
0.046572
0.061195
-0.096601
0.093505
0.129608
-0.024137
-0.069639
0.018450
-0.000781
0.085061
0.060614
0.051301
0.138999
0.065549
0.053742
-0.002831
0.082687
0.127018
0.093347
0.154394
0.158266
0.098226
0.151349
0.096434
0.077550
0.013146
0.044491
0.051876
0.046422
0.051239
0.045810
0.029111
0.054919
0.124290
0.156001
0.169124
0.018156
0.061317
0.014610
0.090253
0.125189
0.036786
0.085149
0.114833
0.015650
0.094593
0.095326
-0.029743
0.039031
0.193076
0.094354
0.081550
0.091393
0.156016
0.176033
0.129883
0.123471
-0.001240
-0.058606
-0.007809
0.109486
0.178014
0.076992
0.039785
0.099177
0.013292
-0.001612
0.069819
0.039710
-0.042392
0.043766
0.048280
-0.021489
0.064306
0.013123
0.048137
-0.020874
0.000473
-0.021819
-0.026993
0.052522
0.038176
0.020139
0.058366
0.012409
-0.061210
0.012775
0.102349
-0.011798
0.098626
0.058273
0.070579
0.032180
0.024017
-0.039968
-0.048944
-0.002052
-0.006157
0.047255
0.030500
0.036743
-0.031165
0.100900
0.097141
-0.092972
0.040435
0.011483
-0.005944
0.027386
0.047025
0.090182
-0.033468
0.014161
0.040981
-0.040290
-0.082317
0.033173
0.063095
0.086428
-0.010325
0.041884
-0.044580
-0.010161
0.091674
-0.030086
0.130102
0.123883
0.139045
0.112787
0.205140
0.071216
0.019621
0.059094
0.016183
0.096374
0.091625
0.102927
0.120701
0.018618
0.032385
0.112461
0.099568
0.073718
0.125658
-0.006393
0.021550
0.068532
0.033631
0.083633
0.065530
0.027027
0.111910
0.119443
0.168701
0.030156
0.029693
0.094899
0.058750
0.144235
0.073053
0.072233
0.054178
-0.060895
0.078630
0.113864
0.029079
0.079640
0.101217
0.117862
0.049341
0.034244
0.000335
0.013971
0.095147
0.019793
0.053310
0.100345
0.115148
0.024622
0.077345
0.072658
0.070569
0.056911
0.109416
0.060863
0.050347
0.065214
-0.034454
0.053885
0.052605
0.095014
0.065205
0.015093
0.061203
0.070552
0.033304
0.054143
-0.045378
0.074306
-0.038690
-0.036198
0.058688
0.154969
0.125651
0.000050
-0.000041
0.107667
0.061087
0.001305
0.045358
0.068326
0.114215
0.041312
0.058105
0.013996
0.156041
0.118625
0.064353
0.150989
0.116164
0.102228
0.158919
0.019841
-0.006979
0.048136
0.041246
0.101671
0.131456
0.092947
0.157853
0.136394
0.087730
0.071584
0.099947
0.086067
-0.042583
0.061648
0.004738
0.013840
-0.047375
0.047088
-0.005196
-0.006403
0.087335
0.114266
0.098844
0.125327
0.162618
-0.015252
0.043339
0.093163
0.011251
0.017562
-0.013337
0.052890
0.096245
0.068269
0.082613
0.009268
-0.029041
0.040484
0.069456
-0.034433
0.107526
0.030854
0.100193
0.066965
0.153956
0.119631
0.112114
0.126636
0.082603
0.216291
0.102695
0.063223
0.075387
0.043252
0.086963
0.084436
-0.008253
0.027657
0.038335
-0.028371
0.074464
-0.016185
0.054718
0.108727
0.031841
0.140943
0.128856
0.053179
0.004795
0.045989
0.123684
0.133281
0.054412
0.063229
0.050604
0.037969
0.060393
0.020512
0.111661
0.035457
0.089036
0.038325
0.021338
-0.016703
-0.127253
-0.028929
0.028202
-0.063375
-0.031241
-0.000633
0.032771
0.019168
0.073030
0.074895
0.164230
0.075986
0.003720
0.125570
0.178831
0.177456
0.023467
0.007192
0.032786
0.074729
0.122522
0.014530
-0.071516
0.094646
0.034279
-0.005707
0.049884
-0.058637
0.070098
-0.013273
0.070872
0.086268
0.035553
0.087853
-0.033465
0.055534
0.062187
0.003769
-0.049516
0.091729
0.089498
0.064776
0.080749
0.032589
0.100582
0.162422
0.058720
0.036182
0.066317
0.020532
-0.037382
-0.039436
-0.013280
0.050793
0.070441
0.054014
-0.059742
0.082107
0.133012
-0.092033
0.067193
0.077823
0.074532
0.039256
-0.011675
0.076090
0.077500
0.042321
0.018987
0.008989
0.176968
0.035350
0.083043
0.040764
0.095547
0.034156
0.014765
0.019610
0.019946
0.058531
-0.077962
-0.070187
0.030063
-0.084135
0.044621
0.039562
0.014966
0.005254
-0.016033
0.026306
0.004625
0.027253
0.041725
0.046529
0.007336
-0.003655
-0.093736
0.063078
-0.056578
0.063094
0.125752
0.139626
0.066323
-0.024127
0.026182
-0.071094
0.003884
0.001193
-0.021348
0.054289
0.042548
0.002661
0.080439
0.067249
-0.062226
0.039052
0.032413
0.057128
-0.016049
0.056823
0.036380
0.023596
0.046800
0.007420
0.125044
0.042205
0.080173
0.116554
0.085894
0.055441
0.053422
-0.035873
0.068014
0.102308
0.046710
0.116048
-0.046847
0.077297
0.000715
0.062373
0.064192
0.080648
0.060132
0.060099
-0.044028
-0.059508
-0.017785
0.096841
0.141240
0.204185
0.131222
0.159427
0.157099
0.013245
-0.014416
0.009332
0.014169
0.007819
0.006236
-0.036544
0.125839
0.094642
0.052972
0.003753
0.006587
0.082662
-0.070450
0.086862
0.052671
0.112750
0.099090
0.069943
0.142607
0.107367
0.039909
0.085406
0.046489
-0.001395
0.063078
0.118040
0.002383
0.084269
0.116247
0.110341
0.065577
0.006557
0.080842
0.074558
0.069139
0.115430
-0.101280
-0.047084
0.038137
0.019376
0.072289
0.049621
0.106110
0.081263
0.112915
-0.056402
-0.006693
-0.017789
-0.103431
-0.085506
0.133544
0.137660
0.211924
0.101397
0.029675
-0.009556
0.064920
0.165880
0.041392
0.071046
0.123127
0.088144
0.097725
0.007034
-0.016851
0.000121
0.014235
0.077575
0.106679
-0.057351
0.033127
0.019770
0.064317
0.045863
0.029537
0.130303
-0.021174
0.025065
-0.007338
-0.010283
0.087432
0.012622
0.018426
0.144252
0.011804
0.018351
0.027970
0.120754
0.066680
0.008223
0.059754
0.014619
0.027597
0.101431
0.105606
0.030426
-0.021902
0.010963
0.093791
-0.002848
0.037474
0.055542
0.091122
0.062582
0.071320
0.046070
-0.031580
-0.037912
0.026049
0.032933
-0.014244
0.026070
0.087130
0.046093
0.056919
0.020617
0.028995
0.029159
0.049710
-0.026595
-0.071663
0.029248
-0.026092
0.083640
0.153232
0.110025
0.108672
0.074092
0.126021
0.152400
0.139792
0.074191
0.188840
0.129103
0.052114
0.133256
0.074731
0.075193
-0.033189
0.017138
0.025105
0.066822
0.069967
0.006271
0.007528
0.001388
-0.019050
-0.009885
-0.059357
-0.031787
-0.050496
-0.003029
0.010397
0.073517
0.127178
0.022930
0.036854
0.111058
0.053283
0.037514
0.013740
0.106231
0.046134
0.032378
0.092898
0.101178
-0.006480
0.054678
-0.001403
0.041743
0.062403
0.001821
0.031304
0.008952
0.083137
0.105755
0.004465
0.105548
0.057205
-0.023335
0.114682
-0.071843
0.078533
0.066988
0.084255
0.136153
0.135900
0.049019
0.142982
0.090076
0.106083
0.131708
0.076114
0.036883
0.117054
0.213106
0.220308
0.055610
0.136279
0.079564
0.056024
0.114824
-0.028870
0.044793
0.132430
0.091402
0.055372
0.157148
0.134375
0.028147
0.030054
0.150928
-0.027159
0.078382
0.075187
-0.044964
0.032630
-0.050107
-0.030854
0.047741
0.050125
0.037567
0.139981
0.016028
0.070835
0.047338
-0.043950
0.028437
0.117093
0.069188
0.040038
0.090226
0.074639
0.154552
0.134113
0.035237
0.052159
-0.025298
0.090378
0.102773
0.187058
0.018477
0.144178
0.032894
0.097759
0.135118
0.157889
0.055138
0.050012
0.055387
0.094549
0.085251
0.050945
0.079319
0.019773
0.069123
-0.010991
0.016655
0.056064
0.087901
0.139293
0.129212
0.063676
0.058697
0.083625
0.032753
0.122041
0.021614
0.172308
0.019656
0.090465
0.066043
0.023230
-0.016249
0.093878
0.086645
0.171262
0.157807
-0.003267
0.100260
0.038684
0.094743
0.201648
0.220391
0.079791
0.046821
0.062537
0.047445
0.035635
0.031394
0.076003
0.053494
0.132140
0.196900
0.071448
0.126930
-0.009650
0.061391
0.146863
0.067693
0.037177
0.075485
0.038858
-0.014950
-0.066085
0.082476
0.039576
0.050547
0.072340
0.012847
0.032285
0.051572
0.123885
0.114814
0.041077
0.139041
0.073787
0.095760
0.087002
0.036398
-0.008310
0.058255
-0.024989
0.089435
0.006595
0.004031
0.130108
0.091715
0.036291
0.029415
0.073576
-0.017736
-0.063190
0.015409
0.070227
0.063942
-0.013566
-0.034526
-0.056460
-0.024189
0.101257
0.132351
0.040233
0.031139
-0.000236
0.123455
0.034524
0.058484
-0.005756
0.011424
-0.107629
-0.014375
0.032116
0.122315
0.002772
-0.000723
0.006227
-0.030582
0.039506
0.035022
0.006175
-0.004356
0.161862
0.177006
0.045411
0.014467
0.005040
0.033848
0.069515
0.027628
-0.033888
0.042045
0.058056
-0.022379
0.017216
0.090910
0.036096
0.031009
0.050984
0.071688
0.066251
0.021086
0.100950
-0.010533
0.057660
0.166513
0.118932
0.128482
0.080304
0.080602
0.008668
-0.002482
0.058562
0.003753
-0.064561
0.110003
0.081583
0.157902
0.030979
0.056748
0.100088
-0.009691
-0.107180
-0.016866
0.069926
0.061366
0.050465
0.115561
0.094082
0.018694
0.056271
0.123565
0.047507
0.073203
0.022210
0.165260
0.083546
0.017268
0.076565
0.041199
0.030541
0.093106
0.085123
0.046121
0.056295
-0.044129
0.081299
0.036450
-0.023643
0.038642
0.080620
0.107477
0.057032
0.036149
0.017052
0.002394
0.048349
0.014392
-0.007902
-0.081355
-0.021599
0.006886
0.064211
0.045690
-0.030673
0.018326
0.075976
-0.008411
0.091394
0.025887
0.023735
-0.053951
-0.009648
0.051491
0.054358
0.038260
0.186129
0.175741
0.059266
0.041658
0.059521
-0.004942
-0.007200
0.041284
0.002557
0.034822
0.088482
0.044937
-0.028376
-0.027878
-0.020124
0.028913
0.085250
-0.028322
0.108250
0.076651
0.156678
0.116031
-0.051121
0.032836
-0.001977
-0.062508
0.077065
0.053658
0.086141
0.035976
0.002125
0.040772
0.096384
-0.002022
0.017200
0.054138
0.018470
0.139802
0.124369
-0.029513
-0.013762
0.050561
-0.030007
-0.042415
-0.009944
0.011344
-0.106292
-0.019197
0.065685
0.202805
0.220199
0.188041
0.087190
0.104532
-0.048126
0.044306
0.106963
-0.080506
0.093346
0.100498
0.047031
0.047908
0.101724
0.107175
0.042252
0.151574
0.183522
0.086378
0.060880
0.080835
0.200623
0.120949
0.044952
-0.017606
-0.001670
-0.014742
-0.027241
0.039070
0.196961
0.123278
0.104669
0.108841
0.019797
0.066955
0.084077
0.029870
-0.074064
-0.023246
0.151984
0.060791
0.068047
0.066720
-0.030122
0.075354
0.075864
-0.003934
0.185968
0.082216
0.150713
0.116689
0.026204
0.022426
-0.032354
0.029714
0.034035
0.032850
0.078912
0.015971
0.033690
0.050629
0.054121
0.092531
0.057978
0.141363
0.118444
0.068692
0.128142
0.053029
0.077280
0.002057
0.054914
0.085251
0.070908
0.047362
0.039055
0.085855
0.104916
0.044821
0.067629
-0.010634
0.067550
0.170156
0.007348
-0.015628
0.023298
0.045750
-0.022119
0.041974
0.096710
-0.075321
0.108751
0.098379
0.099757
0.054452
-0.013986
-0.059166
0.033729
0.003521
-0.080337
-0.000698
0.142536
0.028868
0.026968
0.007308
0.014489
0.076557
0.120388
0.146900
0.108388
0.143102
0.138663
0.018645
-0.056865
-0.015143
0.028258
0.023317
0.011116
-0.047211
0.035098
0.085018
0.118475
0.075065
0.092769
0.032301
0.036521
0.067136
0.114394
0.074217
0.046858
0.081267
0.070363
0.045056
0.027633
0.048829
0.120091
0.143957
0.102124
0.010453
0.013777
0.088739
0.071313
0.102385
0.129216
0.108469
0.076923
0.127531
-0.041016
0.000879
0.081698
0.003071
0.094097
0.097778
0.062527
0.189030
0.051960
0.024858
0.004021
0.107270
0.001944
0.002067
0.036987
0.062307
0.023303
-0.059289
0.118312
0.077287
-0.012714
0.016537
0.055006
-0.006172
-0.006179
0.011016
-0.039810
0.031072
0.058024
0.031957
0.054257
0.045421
0.103591
-0.027035
0.204597
0.110430
0.106936
0.096546
0.049578
0.113540
0.076653
0.184670
0.148262
0.124323
0.153175
0.150138
0.077969
0.126209
0.073145
0.170143
0.128223
0.115055
0.086348
0.068057
0.009256
-0.020453
0.018684
-0.038221
0.063208
0.073287
0.075226
0.003367
0.082583
0.023419
0.105311
0.080331
0.058966
-0.036079
0.021037
0.055258
0.131266
0.204103
0.171244
0.172618
0.124844
0.147202
0.044512
0.009179
-0.026169
0.067064
0.151938
0.024931
0.010875
0.122285
0.112278
-0.028870
-0.016228
0.029921
0.080728
0.073108
0.172720
0.128636
0.057955
-0.000363
-0.002662
0.059793
0.006895
-0.003146
0.096668
0.042756
0.085507
0.024311
0.007762
0.193616
0.100423
0.059063
0.082402
0.017658
0.029979
-0.033392
0.108874
0.048392
0.104356
0.107136
-0.006673
0.022078
0.124252
0.026418
0.079046
-0.012737
0.148781
0.110067
0.076950
0.089742
0.069193
0.069495
-0.039726
0.061618
0.074179
0.094501
0.084970
0.104929
0.106712
0.111613
0.101011
0.009941
0.043718
0.045994
0.047402
-0.032048
0.021204
0.074587
0.127441
0.101460
0.157825
-0.000499
0.050311
0.123204
0.020804
0.049525
0.101062
0.002628
0.015672
0.004700
0.065019
0.094120
0.104886
0.111350
0.098400
0.028935
0.057150
0.100997
0.139513
0.123540
0.099623
0.106143
0.080558
0.012944
0.033739
0.037589
0.102914
-0.030387
0.065655
0.108606
0.069577
0.002814
0.089064
0.125657
0.021737
-0.062236
0.016936
0.106284
0.107212
0.065005
0.049921
0.014372
-0.021901
-0.031707
0.013792
0.096906
-0.013534
0.026482
0.026225
0.000368
0.022795
0.017690
0.065277
0.119584
0.050715
0.125878
0.003504
0.008194
0.018456
0.033348
0.035943
-0.011873
-0.015757
-0.064649
0.021084
0.000998
0.117827
0.007966
-0.032090
0.029322
-0.018057
0.019671
0.051449
0.074772
-0.000759
0.001634
0.071500
0.035388
0.049511
0.166077
0.068674
0.038977
-0.000875
0.100816
-0.010490
0.014042
0.081802
0.080402
0.094568
0.221396
0.146940
0.096816
0.046854
0.003072
0.027837
0.083347
0.140525
0.144062
0.071636
0.116175
0.045788
0.029552
0.137277
0.054892
0.096258
0.118935
0.014156
0.023307
0.126994
0.165883
0.088223
0.099243
0.074779
0.113038
0.087033
0.038853
0.041311
0.011591
-0.043093
0.011715
0.010410
0.083265
0.113534
0.168762
0.103391
0.095725
0.053767
-0.041664
0.033405
0.060714
0.078842
-0.004517
0.031157
0.062345
0.087555
0.093186
0.099447
0.106573
0.041245
0.080862
-0.010150
-0.034108
-0.044410
0.084035
0.087496
0.010042
-0.005144
0.114930
0.104505
0.036790
0.032187
0.102748
0.025999
0.027993
-0.003911
0.104425
0.071699
-0.080560
0.029469
-0.039958
0.040695
0.038878
0.033399
-0.011035
0.050209
0.055404
-0.039529
0.098641
0.077240
0.144006
0.112280
0.029178
-0.022861
0.015009
0.112625
0.045471
0.016025
0.065651
0.086970
0.059640
0.091843
0.132634
0.145084
0.065305
0.042767
0.150730
0.174316
0.077160
0.126521
0.209402
0.157756
0.074156
0.037885
0.061630
0.047814
0.032004
0.082825
0.059852
0.078845
0.009476
0.057695
0.007866
0.078056
0.032404
-0.031036
-0.083362
0.017272
0.035547
-0.028761
0.085191
0.049345
0.122930
0.110948
0.073732
0.052678
0.014981
0.038610
0.007592
-0.070949
-0.075368
-0.081884
-0.075767
0.029609
0.008165
-0.038135
0.076046
0.029108
0.042720
0.027471
0.111733
0.130600
-0.064195
0.039283
0.118144
0.036069
0.046342
-0.027930
-0.017538
0.107501
0.062115
0.061366
0.083731
0.081747
0.091010
0.095755
0.086630
0.150205
0.045738
0.085857
0.076100
0.022843
0.048526
0.074511
0.041378
0.085455
0.183739
0.220916
0.096489
-0.011213
0.025997
0.014904
0.043113
-0.032794
0.018248
0.028801
-0.035197
0.007291
-0.022782
0.019959
0.135105
0.153210
0.202493
0.061884
0.042961
0.027006
0.085385
0.090575
0.096469
0.054226
0.177494
0.088769
0.141736
0.092405
0.085616
0.128111
0.096824
0.060914
0.018024
-0.021409
-0.064228
0.048891
0.101317
0.132811
0.114229
0.021136
0.146977
0.050710
0.109693
0.143281
0.126871
0.036540
0.118755
0.071903
0.110621
-0.001510
0.069581
0.099909
0.089701
0.041431
0.113505
0.144701
0.121133
0.086785
0.100903
0.097684
0.057850
0.092036
0.073566
0.086630
0.039817
0.026336
0.113790
0.043049
-0.005035
0.065487
-0.016902
0.004886
0.084008
0.021663
0.000426
0.051325
0.166726
0.140917
0.144113
0.017986
0.029004
0.043346
0.059633
0.114308
0.040749
0.036956
0.054638
0.052982
0.068310
0.041040
0.011429
0.123146
0.147092
0.103522
0.092245
0.138848
0.055812
0.092410
0.179023
0.070729
0.038407
0.148329
0.048248
0.064548
0.120344
0.033894
0.135280
0.152746
0.118106
-0.039537
0.046766
0.071202
0.089997
0.106377
0.068197
0.091707
0.032458
0.000009
-0.013566
0.083431
0.054619
0.050852
0.014456
-0.033395
0.115699
0.060678
-0.014155
0.144019
0.047820
-0.060555
0.048824
0.073854
0.040334
0.051561
0.089869
-0.008823
0.047053
0.039517
0.072059
0.063777
0.126115
0.106473
0.155256
0.117146
0.073486
-0.079097
0.008338
0.038767
0.004360
-0.041959
0.124794
0.161875
0.086110
-0.000987
0.009192
0.079864
0.070055
0.025813
-0.015391
-0.055095
0.020874
0.057354
0.063824
0.160523
0.125526
0.055124
0.040246
0.021967
0.059862
0.044068
0.002483
0.105756
0.149914
0.144520
0.131723
0.052076
-0.022039
0.206830
0.200071
0.108803
0.149045
-0.000903
-0.017232
0.007693
0.088582
0.078166
0.084086
0.008705
0.081937
0.136715
0.070788
0.094662
0.160231
0.042253
0.096666
0.089535
0.042364
0.047227
0.048398
0.117717
0.007661
0.008391
0.175990
0.147198
0.124657
-0.078050
-0.041504
0.043592
0.136903
0.139880
0.051806
0.092099
0.104047
0.014134
0.097856
0.071724
0.110641
0.107594
0.099650
0.088130
-0.038983
0.026609
0.068849
0.101164
0.115726
0.181259
0.052461
0.045539
0.071759
0.003957
0.044139
0.120894
0.047344
0.048254
0.109807
0.047437
0.117844
0.143197
0.119044
0.053495
0.124991
0.071232
0.048966
0.112463
-0.043330
0.098070
-0.031207
0.048473
0.115027
0.010506
0.053245
0.008060
-0.022987
0.006400
0.090891
0.098941
0.127550
0.094623
0.036212
0.062290
0.124749
0.116573
0.113193
0.021983
0.051930
0.130290
0.041697
0.081678
-0.005683
-0.052906
0.099352
0.010985
-0.006192
-0.060309
0.072147
0.022799
-0.011024
0.005394
0.052645
0.087832
0.102978
0.097590
0.051610
0.072724
0.059496
0.052153
0.079890
0.107027
0.059870
0.010922
0.018648
0.049955
0.042805
0.075112
0.162022
0.134486
0.096680
0.030398
0.011199
0.085497
0.087113
0.039055
0.038152
0.073943
-0.013921
0.079218
0.077091
-0.023469
-0.017705
0.060628
0.040041
0.001606
0.119802
0.102608
0.063381
0.122254
0.050686
-0.021246
0.040706
0.085358
0.084998
0.138784
0.020483
0.076081
0.046387
0.109480
0.077903
-0.017072
0.055212
-0.023010
0.042978
0.128967
0.076572
0.038954
0.010696
0.018480
0.103192
0.060850
0.212455
0.050519
0.027139
0.030655
0.023800
0.012971
0.062577
0.141595
0.109827
0.033588
0.126831
0.098730
0.036714
0.038359
0.065934
0.098253
0.043215
0.088244
0.036437
0.118133
0.061147
0.001575
0.119133
0.049994
0.187614
0.125707
0.060412
0.102409
0.051687
0.031157
-0.002788
0.084949
-0.011518
0.008474
0.086670
-0.065787
0.025470
0.048818
0.048713
-0.026950
-0.004802
0.032278
0.034607
-0.044169
0.042142
-0.019561
0.019499
0.026586
0.028245
-0.125490
-0.106801
0.022774
0.032737
0.055137
0.082127
0.088285
0.101803
0.006875
0.043684
-0.030890
0.042827
0.016931
0.047551
0.124741
0.039180
0.107074
0.082310
-0.059993
0.071512
0.009230
0.101064
0.060361
0.062292
0.096090
0.020299
0.152001
-0.011604
0.022373
0.075332
0.068896
0.031562
0.077282
0.018697
0.072202
0.167551
-0.009318
0.005104
0.081773
0.165803
0.091986
0.039110
0.064424
-0.075838
-0.046329
-0.016215
0.089345
0.124761
0.120233
0.089758
-0.070883
0.018645
-0.016910
0.017430
0.067405
-0.120557
-0.067676
0.004297
-0.043316
0.045382
0.039665
0.046387
0.013788
0.062421
0.134779
0.137403
0.083534
0.032934
0.103273
-0.032406
-0.061742
-0.017151
0.066244
0.082453
0.133479
0.078332
0.032201
0.140875
0.140347
0.092464
0.191482
0.129810
0.058054
0.141370
0.088613
0.006079
0.089933
0.100014
0.076704
0.052359
0.077585
0.030142
0.054221
0.106757
0.118630
0.017353
-0.019778
0.098714
0.069305
0.017583
0.138578
0.112175
0.111537
0.157447
0.152189
0.068875
0.141811
0.129985
0.036190
0.047341
0.078385
0.019601
0.109304
0.089231
0.063797
-0.052833
0.074949
0.053783
0.013288
-0.007139
0.008349
0.048964
0.082317
0.003699
0.017041
0.022409
-0.046918
-0.013106
-0.009351
0.002056
0.033473
-0.044179
-0.040000
0.130360
0.049221
0.135493
0.153135
0.119512
0.172291
0.045287
0.078289
0.073585
0.095572
0.132265
0.017951
0.012708
0.080868
0.169121
0.057007
-0.010374
-0.027579
0.049125
0.015649
0.029732
0.035848
0.066806
0.090809
0.059119
0.114992
-0.002645
-0.033809
0.108354
-0.010045
0.019052
-0.004832
0.015499
0.089724
0.047688
-0.003311
0.051693
0.106396
0.052134
-0.015166
0.054173
0.025495
0.079061
0.027379
0.048866
0.062797
0.101625
0.131130
0.080822
0.121563
0.092723
0.086097
0.085510
0.079165
-0.023153
0.056472
-0.014800
0.010207
0.102423
0.134259
0.028660
0.028925
0.062963
-0.093948
-0.027791
0.079061
0.017385
-0.007723
0.018495
0.015847
-0.036609
-0.039056
-0.002895
0.029500
-0.009947
0.069447
0.101441
0.114540
0.011874
0.101102
0.027278
0.045811
-0.000749
0.041306
0.078729
0.151391
0.128966
0.157154
0.122322
0.076432
0.032735
0.076960
0.051825
0.080451
0.043416
0.096927
0.067047
-0.016098
0.055827
0.073476
0.037682
0.144626
0.013157
0.081375
-0.002657
0.039908
0.078297
0.064606
0.022440
-0.029467
-0.053780
0.010653
0.022415
0.037626
0.126779
0.169661
0.051832
0.075327
0.073565
0.104402
0.024420
0.073127
0.141406
0.087454
0.025746
0.075224
-0.004447
0.084101
0.061447
0.053828
0.124384
0.083020
-0.008690
0.084685
0.145113
0.130075
0.057846
0.097337
0.107529
0.107975
0.175895
0.047936
0.142661
0.138957
0.124271
0.163983
0.033753
0.157422
0.125134
0.181136
0.030711
0.102150
0.050804
0.080462
0.155372
0.107288
0.059013
0.047231
0.070009
0.070332
0.070291
0.031911
0.045932
0.037257
0.034324
0.022376
0.073092
-0.058281
-0.025828
0.047995
-0.045553
0.036071
-0.021378
-0.008405
-0.004926
0.000885
0.077959
0.125389
0.039209
0.140188
0.079585
0.129599
0.165007
0.037270
-0.007284
0.079127
0.034338
0.132379
0.064253
0.163380
0.116750
0.069201
0.151051
0.120786
0.081156
0.085576
0.079911
0.038764
-0.009168
-0.019841
-0.029265
-0.070342
0.016331
0.078530
0.008000
0.059922
-0.080557
0.071899
0.136241
0.085331
0.101455
-0.025782
-0.038763
-0.046343
-0.047967
0.027537
0.057462
0.014339
0.018450
0.028778
0.107094
0.019953
0.020707
0.009430
-0.043410
0.029841
-0.062773
-0.006555
0.032250
0.092666
0.095782
0.072218
0.036431
0.013543
-0.046007
-0.042327
0.040692
0.080897
0.137376
0.023419
0.045858
0.025000
0.017517
0.216910
0.079571
0.021981
0.060942
-0.007011
0.133691
0.081856
0.150077
0.122815
0.062292
0.099991
0.027716
0.026983
0.101614
-0.005763
0.011303
0.056043
0.117075
0.042242
0.020608
0.097164
-0.014201
0.077161
0.113203
-0.012077
0.065549
0.070095
0.110700
0.124467
0.139034
0.083947
0.101790
0.080851
0.086667
0.082234
-0.001011
0.058202
0.015144
0.112981
0.093825
0.071686
0.103741
-0.000850
-0.009663
0.006845
0.141804
-0.050670
0.114453
0.152676
0.070693
0.152227
0.118680
0.075547
-0.070901
0.067032
-0.095672
-0.077380
0.016128
0.115192
0.093087
0.131943
0.155819
0.102044
0.202352
0.066651
0.138588
0.067207
0.028023
0.087249
0.021293
0.091736
0.174143
0.172693
0.133431
0.163018
0.145568
0.133431
0.137650
0.048036
0.124218
0.104546
0.079188
0.051663
0.036483
-0.016118
-0.011262
-0.020389
-0.059271
-0.016977
-0.076440
0.087294
0.088380
0.044713
0.086279
0.075861
0.057501
0.136347
0.069019
-0.014281
0.028717
0.011146
0.054750
0.145706
0.127419
0.056033
0.038280
0.126622
0.065105
0.026580
0.017562
0.024916
0.093637
-0.034591
0.073230
0.058593
0.080575
-0.074849
-0.009202
-0.033610
0.026667
0.036268
0.142264
0.068701
0.094448
0.065371
0.072515
0.013768
-0.043074
0.030708
0.132523
0.074063
0.077774
0.083083
0.045037
0.064998
0.096590
0.146603
0.044761
0.033062
0.087264
0.075328
0.009473
0.081551
0.103786
0.089495
-0.067127
-0.004306
-0.040156
-0.000123
-0.011215
0.032347
0.015853
0.095842
0.114735
0.045771
0.153270
0.110044
0.091001
0.065760
0.059845
0.020257
0.092837
0.013716
0.011769
-0.031678
0.095133
0.049222
0.070868
-0.042963
-0.020130
0.035131
0.064474
0.059434
0.035729
0.119124
0.207992
0.044309
0.078677
-0.021797
0.180474
0.172899
0.054304
0.050729
-0.032357
0.089277
0.119660
0.130456
0.054737
0.000259
0.064634
0.101841
0.158658
0.169063
0.063745
-0.035337
0.078805
0.098791
0.019992
0.020526
0.017955
0.066194
0.041313
0.036686
0.086798
0.128342
0.105465
0.064670
0.075861
0.047222
0.029282
0.045614
0.052483
0.011414
0.038063
0.066274
0.094052
0.068747
0.146949
0.170418
0.030209
0.127792
0.066107
0.129193
0.106415
0.078017
0.049954
0.076493
-0.036069
-0.011053
-0.002762
0.000040
0.042528
0.084688
0.063832
0.117330
0.012413
-0.016401
0.027779
-0.042073
-0.083249
0.101324
0.126624
0.143980
0.109621
-0.018169
-0.014983
0.087890
0.067624
0.153627
0.048768
0.024275
0.046104
0.081266
-0.001043
0.038699
0.178071
0.112435
0.058733
0.164698
0.124268
0.080627
0.031952
0.110956
0.078086
0.129456
0.019530
0.080333
0.038161
-0.016495
0.044352
-0.028105
0.034487
0.110413
0.030090
0.082006
0.021116
0.015324
0.127279
0.094150
0.032369
0.008007
0.015353
-0.007859
0.096445
0.031036
0.043784
0.095972
0.060130
0.151709
0.199731
0.160975
0.008018
0.055020
0.063213
0.044943
-0.019142
0.000905
-0.092553
-0.006143
0.018286
-0.030243
-0.061745
0.068213
-0.003928
0.177983
0.029482
-0.038433
0.092911
0.041654
0.007357
0.049097
0.102569
0.042966
0.138131
0.089572
0.068210
0.104087
0.026963
-0.001897
0.080833
-0.020510
-0.027150
-0.003915
-0.014732
0.123764
0.076147
0.059300
0.043379
0.029645
-0.002802
-0.016720
0.120111
0.148665
0.032057
0.064455
0.047772
0.065948
0.035838
0.064570
0.097908
0.078301
0.110272
0.102146
0.033455
-0.009391
0.049576
0.141676
0.151325
0.072659
0.117164
0.228671
0.186300
0.025862
0.025001
0.043224
0.156164
0.095318
0.143324
0.188398
0.081225
0.068327
0.118816
0.097961
0.152240
0.099835
0.135195
0.112612
0.166078
0.210823
0.165563
0.160252
0.151339
0.027240
0.028367
0.116610
0.111608
0.125460
0.124625
0.183838
-0.021527
-0.015094
0.031396
0.059584
0.058502
0.003940
0.023037
-0.013397
0.005043
0.031085
0.108377
0.027444
0.031927
0.089905
0.051183
0.164578
-0.006906
0.005356
0.110608
0.085316
0.087913
-0.010930
0.072748
0.072395
0.014479
0.120943
0.056509
0.009024
0.016942
-0.037061
-0.000782
0.045677
0.043106
0.046623
0.095677
0.100960
0.055495
0.027238
0.050439
0.095835
0.062025
-0.045592
0.041491
0.053047
-0.026162
0.054610
0.101319
0.108153
0.081954
0.103509
0.122460
0.094925
0.081481
0.017724
0.009234
0.068464
0.072219
0.116634
0.136771
0.103727
0.006195
0.110155
0.064535
0.050958
0.068405
0.062248
0.089312
0.109070
0.117911
0.087086
-0.003730
-0.033949
0.107684
0.031040
-0.012635
-0.015601
-0.018930
0.054053
0.195113
0.071116
0.073289
0.073814
0.015563
-0.012752
0.076167
0.023455
0.018502
0.027440
0.041564
0.123110
0.048952
0.044198
0.068871
0.096042
-0.035000
0.037313
0.048622
0.111815
0.073580
0.087501
0.089602
0.203065
0.108874
0.034274
-0.008408
0.069346
0.187676
0.190752
0.077765
0.017658
-0.054505
-0.131321
-0.055224
0.034155
0.026584
-0.002420
0.045061
0.004744
-0.012354
0.020695
0.068160
0.050477
0.085933
0.065022
0.136994
-0.026345
-0.030512
0.023587
-0.021263
0.108856
0.056688
-0.004772
0.039153
0.057805
0.119253
0.017226
0.071769
-0.021623
0.021141
0.041002
0.006867
0.024960
0.074462
0.065504
0.153031
0.110850
0.076539
-0.006861
0.108984
0.046471
0.061843
0.070255
0.132072
0.078492
0.026901
0.126472
-0.087941
-0.064572
0.041638
0.050962
0.039795
-0.013023
0.033946
0.140572
0.009842
0.026490
0.129149
0.087349
0.066093
0.057377
0.073830
0.010575
0.020798
0.058421
-0.028382
0.003061
0.003310
0.022229
-0.026116
-0.030686
0.005872
0.039952
0.056601
0.063923
0.041437
0.058139
0.069625
0.071711
0.055536
0.062618
0.067172
0.045015
0.009754
-0.064319
0.003975
0.032968
0.025074
-0.027000
0.090849
0.103303
0.060716
0.018399
0.017616
0.002581
0.026906
0.111182
0.037177
-0.027191
0.083011
0.016008
-0.013105
0.043159
0.029287
0.091082
0.014500
0.179631
0.133210
0.022183
0.065810
0.118516
0.067689
0.075331
0.165603
0.195495
0.267651
0.116831
0.039991
0.113076
0.056983
0.088120
0.066374
0.024947
0.053295
0.067652
0.100170
0.023960
0.060396
0.116267
0.134517
0.072980
0.005844
-0.020088
0.000886
0.057103
0.133152
0.025208
-0.009824
-0.024555
0.105715
0.025825
0.031415
0.133342
0.138681
0.045440
-0.088674
0.085999
0.102487
-0.052752
0.058840
0.082438
0.101678
-0.006930
0.001730
0.077664
0.022303
0.090157
0.020748
0.062735
-0.039854
-0.056907
-0.030723
0.018929
-0.051225
0.121027
0.104508
-0.070787
0.025992
0.068441
0.058684
0.122922
0.155042
0.002570
-0.009179
-0.019836
0.032676
0.076143
-0.006519
0.130058
0.076254
0.031967
-0.015717
0.005054
0.182744
0.095965
0.109853
0.041307
0.013565
0.016258
0.040336
0.190525
0.096908
0.200243
0.033503
0.024547
0.060542
-0.025168
-0.023027
0.051900
-0.005531
0.060051
0.067752
0.063078
0.078229
0.059722
0.081869
0.065146
0.005647
0.089222
0.056454
0.124217
0.017155
-0.050888
-0.076446
-0.074235
-0.027647
0.008959
-0.088483
-0.001588
-0.000554
0.025488
0.121069
-0.008289
-0.048541
0.059432
0.021446
0.110757
0.105756
0.093195
-0.019540
0.155462
0.091459
0.031092
0.040155
0.128376
0.039864
0.072589
0.229771
0.157150
0.133681
0.062729
0.073109
0.174106
0.113907
0.045385
0.154155
0.084917
0.118154
0.135678
0.131328
0.014958
0.074042
0.132482
0.097138
0.111437
-0.067265
0.104865
0.043600
0.007544
-0.009726
0.047758
0.098494
0.012105
0.059275
0.070752
0.096256
0.024222
0.105176
0.088390
0.045484
-0.007424
0.054184
0.117044
0.024559
-0.085215
0.158378
0.088276
0.019914
0.125542
0.097021
0.156527
0.062972
0.028876
0.068948
0.011858
0.136273
0.009490
0.017437
0.059766
0.115166
0.080603
0.018319
0.109427
0.011705
0.028053
0.080511
0.092489
0.116805
0.091566
0.038649
0.004653
-0.026620
0.175949
0.194068
0.079677
0.106121
0.150153
0.072027
0.068745
0.082867
0.152190
0.106399
0.116728
0.201393
0.134999
0.080114
0.182151
0.014586
0.024411
0.085119
0.032893
0.071581
0.105542
0.052464
0.091294
0.048565
0.050744
-0.072918
-0.037020
0.014492
0.107646
0.051763
0.034266
-0.020501
0.042810
0.136048
0.030196
0.121260
0.141300
0.040175
0.080035
0.063242
0.074956
0.102185
0.152219
0.029648
0.013138
-0.009230
-0.001740
0.054160
0.036410
0.053740
-0.001880
0.027197
0.110552
0.049761
0.172937
0.109924
-0.085274
0.087118
0.083073
0.056120
0.092685
0.001173
0.098818
0.031028
0.039314
0.114356
0.091605
0.110077
0.045351
0.094318
0.053700
0.086426
0.035212
0.043910
0.093049
0.146633
0.032249
0.057649
-0.050197
0.075489
0.067644
0.029013
0.039184
0.011941
0.073018
0.030159
0.130417
0.141331
0.057610
0.042593
0.160053
0.171398
0.104644
0.236654
0.132658
0.152456
0.091083
0.089654
0.023677
-0.046101
0.077496
0.067747
0.099364
0.161724
0.019503
0.082911
0.187263
0.152249
0.044531
0.015066
0.080383
-0.010598
-0.073456
-0.014979
0.115595
0.111462
0.054436
0.078881
0.028670
0.050365
0.034828
0.008678
-0.006894
0.081402
0.059428
0.086710
0.029301
0.052649
0.080506
0.003675
0.003119
0.025251
-0.018665
0.040821
0.066876
-0.035574
0.068404
0.040216
0.046718
0.069855
0.089841
-0.088314
0.103125
0.062639
0.011289
-0.037946
0.022345
0.110938
0.043731
0.057656
0.155421
0.049902
-0.005791
0.004334
0.044035
-0.008732
0.077186
0.069095
0.069560
0.016934
-0.029840
0.000300
-0.011096
0.092469
0.049365
0.052114
-0.014053
0.055160
0.048647
0.202760
0.231547
0.100710
0.064649
-0.042720
-0.012838
0.195504
0.138433
0.116406
-0.068343
0.005069
0.086385
0.101771
0.140883
0.126957
0.205099
0.142600
0.123958
0.088112
0.067732
0.030114
0.031555
0.080481
0.034389
0.108019
0.107714
0.091926
0.068042
-0.006211
0.055627
0.053173
0.137524
0.057593
0.115270
0.052038
0.091613
0.079951
0.163529
0.081474
0.122599
0.101743
-0.001187
0.151120
0.101066
0.024529
0.078987
0.125028
0.098848
0.109640
0.219896
0.063801
-0.065064
-0.022759
-0.027086
0.079079
0.099237
0.094748
0.107534
0.154113
0.062084
0.157537
0.122182
0.048392
0.041616
-0.121117
0.051826
0.017105
-0.037070
0.068011
0.060824
-0.019118
0.012207
-0.076521
0.067900
0.006672
0.081649
0.082209
0.061874
0.117856
0.129144
0.042896
-0.063391
0.069673
0.007694
0.113183
0.088777
0.149604
0.120420
0.098157
0.092511
0.074698
0.164692
0.062248
0.005895
0.097225
-0.005335
0.046232
0.064444
0.167787
0.102273
0.066046
0.010817
0.033338
-0.014525
0.038965
0.117686
0.092947
-0.005666
0.105693
0.074097
0.112071
0.171822
0.064467
0.042872
0.074590
0.053000
0.101531
-0.041955
0.076550
0.134658
0.067884
-0.063065
-0.041753
-0.123600
-0.100176
0.038808
0.162797
0.142598
0.041121
0.091642
0.059589
0.077427
0.057435
0.096362
0.060082
0.071826
0.045057
-0.000076
0.063195
0.006348
0.093654
0.111111
0.090793
0.001519
-0.065610
0.101687
0.097616
-0.077516
0.047586
0.072434
0.133935
0.135806
0.133884
0.081735
0.080991
0.141831
0.003905
0.075540
0.046721
0.021532
0.052788
0.071103
0.018222
0.093373
0.031309
0.109135
0.235400
0.112532
0.151767
0.150424
0.110373
0.064108
0.176135
0.153320
-0.001209
-0.003769
0.101902
0.034882
0.088135
0.067270
0.066920
0.094583
0.103427
0.144933
0.117380
0.104715
0.124760
0.159415
0.018186
0.120452
-0.004578
0.187950
0.055992
-0.032051
0.033210
0.063088
0.126955
0.121896
0.061390
0.099942
0.091145
0.121249
0.067142
0.099025
0.035915
0.065146
0.058680
0.087117
0.033265
0.067282
0.086371
0.092873
0.097491
0.138170
0.155335
0.168776
0.142284
0.223356
0.192293
0.091968
-0.032489
0.135536
0.080256
0.199789
0.207204
0.174857
0.118790
0.126325
0.137897
0.091353
0.059160
-0.012174
0.051674
0.077726
0.087082
0.053842
-0.033008
0.033083
0.047781
0.007386
-0.020155
-0.028655
0.038203
0.127049
0.053610
0.107397
0.089530
0.058010
0.043646
0.076398
0.079517
0.159532
0.033182
0.072661
0.037911
0.051448
0.073353
0.073046
0.027298
0.082025
-0.054020
0.054056
0.084240
0.139820
0.074338
0.076151
0.083321
-0.054324
0.055849
0.043256
0.026057
0.055661
0.080301
0.029592
0.112874
0.039107
0.041543
-0.018781
0.044425
0.043290
0.019507
0.057871
-0.020770
0.107882
0.007116
0.045463
0.097427
0.040505
0.004312
0.039892
0.144993
0.127879
0.125993
0.022529
-0.061496
-0.042420
-0.069632
-0.011628
0.066209
-0.092913
-0.037645
-0.019722
0.090404
0.127172
0.082533
0.083347
0.010860
0.009127
0.086615
0.026852
0.033453
0.066559
-0.018584
-0.073747
-0.151451
-0.035897
0.022351
0.067532
0.137478
0.137306
-0.076370
0.032400
0.032796
0.128327
0.083529
0.060571
0.128849
0.102016
-0.012918
0.022018
-0.020434
-0.028985
0.040109
0.118506
0.063970
0.045627
0.090721
0.015719
0.095920
0.081599
-0.008559
0.017379
-0.008330
0.107098
0.064894
0.119248
0.058648
0.065931
0.040795
0.098379
0.017018
-0.012145
-0.043854
0.062522
-0.003187
0.042506
0.085564
0.068573
0.122763
0.093319
0.043169
0.066723
0.006345
0.133525
0.076155
0.098681
0.044385
0.146235
0.091060
0.087295
0.041023
0.027270
-0.055101
-0.055703
0.036235
0.015337
0.032827
0.091880
-0.050551
0.015392
0.095825
0.217889
0.180031
0.092048
0.054747
0.151955
0.072698
0.098240
0.082175
0.079978
0.100700
0.062830
0.020236
0.037964
0.023710
0.113505
-0.026677
0.087794
0.114322
0.014581
0.044343
0.081233
0.094098
0.096575
0.221977
0.169120
0.129506
0.027528
0.051664
0.012447
-0.056848
0.094333
-0.014103
-0.017477
0.114562
0.080050
0.104158
0.091999
0.116772
0.010324
0.025856
0.202433
0.037194
0.203609
0.124835
0.059273
0.094280
0.063601
0.069388
0.103008
0.120327
0.105207
0.060107
0.083433
0.114933
0.070930
0.195988
0.157366
0.003800
0.034500
0.010932
0.082352
0.162455
0.178462
0.053695
0.125382
0.176485
0.021340
0.117018
0.050691
0.023603
-0.049141
-0.075300
0.078009
0.153438
0.029615
0.089358
0.034928
0.025815
0.015049
0.060865
-0.009947
-0.001356
0.060304
0.154012
0.209156
0.043499
0.046312
0.135286
0.049875
0.176853
0.015718
0.042448
0.138060
0.092366
0.137981
0.122982
-0.033777
0.049492
0.014115
0.014866
0.035664
0.025117
-0.008102
0.052071
0.162072
-0.003560
-0.046300
-0.065143
0.008484
-0.018098
0.001545
0.094652
0.032336
0.021806
0.018150
-0.026069
0.007323
-0.016137
-0.062078
0.040782
-0.046394
-0.100647
0.049514
0.093811
0.095750
0.090310
-0.010515
-0.019996
0.096369
0.122973
0.157391
0.068834
0.019193
0.024191
0.024969
0.012039
0.056294
0.017041
0.044717
0.053630
0.071556
0.066468
0.105293
-0.019704
-0.008925
-0.090044
0.028705
-0.044924
0.083462
0.146902
0.080210
0.065425
0.050716
0.103537
0.019935
0.094223
0.048935
0.059704
0.094627
0.089683
0.102547
0.090929
0.049117
0.057255
0.105141
0.146667
0.031722
0.138791
0.134470
0.143765
0.147837
0.194319
0.041476
0.020872
0.088688
0.091144
0.110972
0.112514
0.081397
-0.035030
0.070821
0.115611
-0.005810
-0.022072
0.050421
0.004694
0.107660
0.119581
0.022525
0.154803
0.086512
0.112872
0.044264
0.149246
-0.034853
0.105710
0.102105
0.080515
0.162303
0.183605
0.107716
0.191271
0.130971
0.125931
0.102636
0.082884
0.068321
0.072583
0.044472
0.085822
-0.082399
0.030816
0.080079
0.052500
-0.041061
0.098412
0.083723
0.156729
0.081150
-0.020778
0.069821
0.083758
0.086373
0.010525
0.006438
-0.015016
0.008830
0.033658
0.081733
0.232901
0.173966
0.085784
0.029257
-0.081079
-0.011861
0.071630
0.043980
0.030466
0.079885
0.037991
0.026326
0.026003
0.039911
0.087933
0.059872
0.073207
-0.037387
-0.033710
0.065851
0.051527
0.103603
-0.006490
-0.022495
-0.129964
-0.163646
0.004276
-0.015411
0.007550
0.103868
0.054168
-0.023647
-0.061717
-0.121881
0.031872
-0.060508
0.015480
0.014716
0.057636
0.093719
0.007565
-0.006296
0.027220
0.011440
0.053313
0.027916
0.020076
0.056800
0.042666
0.161510
0.060620
0.104317
0.139521
0.064788
0.021096
0.036275
0.042192
0.033970
0.125921
-0.032392
-0.020453
0.001608
-0.065992
0.045184
0.011704
0.167829
0.085350
0.057672
0.049188
0.201439
0.088743
0.090507
0.140297
0.198136
0.138797
0.189349
0.029713
0.082298
0.180565
0.178560
0.109144
0.085540
0.077649
0.057613
0.107991
0.045595
0.055001
0.061429
0.096818
0.033639
0.067576
0.091069
0.056417
0.043602
0.034113
0.060327
0.012177
0.168538
0.120482
0.057090
0.031430
0.022567
0.072857
0.003999
0.023022
0.071700
0.036855
0.041494
0.044054
-0.022235
0.001589
0.030074
0.097598
-0.019844
-0.043305
-0.048955
-0.066184
-0.025184
-0.048088
0.023741
0.151954
0.051375
0.085368
0.192892
0.098250
0.108139
0.189416
0.065340
0.080311
0.078647
0.009991
0.092994
0.085612
0.019155
0.170633
0.105570
0.013713
0.055316
0.031321
0.028275
0.076474
0.038155
0.090409
0.052147
0.063290
0.055722
0.026190
0.076896
0.193292
0.097900
0.090621
0.024219
0.059952
0.078516
0.106120
0.187150
0.139977
0.095926
0.050777
0.066570
0.025071
-0.034057
-0.044363
0.102378
0.073262
0.063532
0.097845
0.015162
0.047251
0.117828
-0.003320
0.002006
0.005517
-0.031757
0.089002
0.041033
0.017887
0.163004
-0.037737
-0.043983
0.074865
0.040567
0.115003
0.105565
0.034211
0.034156
0.026836
0.110331
0.084283
0.075693
0.122584
0.104268
0.038714
0.096809
0.111031
0.024700
-0.034629
-0.012360
-0.011000
-0.007704
0.058504
0.098319
0.047550
-0.008026
0.008388
-0.009129
0.074350
0.157257
0.106462
0.082849
0.120037
0.138298
-0.000327
-0.047873
0.063383
0.086504
0.089751
0.187244
0.026166
0.084161
0.063368
0.133200
0.117611
-0.033271
0.026235
0.131471
0.112184
0.213240
0.076000
0.116888
0.081717
0.190089
0.113878
-0.085484
0.079221
0.099699
0.116145
0.073618
0.069474
0.109560
0.002681
-0.011918
0.031011
0.058144
0.082092
-0.025908
0.120331
0.135130
-0.002717
0.026191
0.015659
0.009206
0.035917
0.140352
0.043517
0.007594
0.027997
0.067979
0.089018
0.088688
0.105265
0.135962
0.147264
0.111502
0.097657
0.076523
0.097307
0.087513
0.116092
0.012375
0.005896
0.035110
0.042765
-0.040516
0.002221
0.049942
0.059416
0.040177
-0.022977
0.048391
0.035686
0.107900
0.049836
0.047788
0.061521
-0.057268
0.073345
0.144604
0.136400
0.088661
0.027978
0.024217
0.145839
0.031823
-0.019005
0.073264
0.075627
-0.016614
0.017108
0.036129
0.059267
0.141635
0.084987
0.017298
0.066552
0.060108
-0.049081
0.011010
0.057283
0.006486
-0.054006
0.014576
0.006830
0.091516
0.048399
0.000529
0.043967
0.093053
0.128633
0.035443
0.059125
0.079540
0.043710
0.016733
-0.016097
0.002191
0.011839
0.034060
0.070753
0.036548
0.039961
-0.001615
0.110848
0.099578
0.025938
-0.012133
0.037672
0.054110
-0.021759
-0.039243
0.071126
0.031845
0.069389
0.040764
-0.001741
-0.002505
0.033921
-0.024371
-0.027921
-0.049305
0.009869
-0.023596
0.020334
-0.017090
-0.022012
0.002683
0.134800
-0.002841
0.051767
0.107423
0.101170
-0.013164
0.066473
0.095646
0.072413
-0.030379
0.025345
0.126910
0.016988
-0.057191
0.083576
0.172825
0.105976
0.073142
-0.005502
0.009652
-0.028313
-0.003168
0.005845
0.230296
0.122653
0.078715
0.132794
0.045254
0.134700
0.049177
0.023373
0.120494
0.048717
0.061937
0.130165
0.012329
0.050660
-0.016942
0.057663
0.163139
0.096206
0.079282
0.164921
0.196219
0.128979
0.067985
0.042067
-0.004121
-0.033601
-0.056790
0.011588
0.014906
0.038165
0.041015
0.106053
0.108552
0.048742
-0.070406
0.035319
0.063516
0.069155
0.104296
0.151945
0.198272
0.053858
0.079909
0.059747
0.042768
-0.026205
0.023139
0.014857
0.004257
0.033688
0.042031
0.056300
0.074746
-0.004804
0.024721
0.091614
0.049185
0.104785
0.091558
-0.044717
0.058262
0.038096
0.000300
0.144723
0.093911
0.115089
0.208684
0.112718
0.118636
0.104195
0.050291
0.136935
0.155369
0.080469
0.071221
0.016134
-0.035067
-0.063055
0.058805
0.024963
0.021958
0.125354
0.089752
0.049442
0.060648
0.069013
0.017036
0.124148
0.139916
0.032474
0.077417
0.082095
0.044584
0.011664
0.022470
-0.025332
-0.086629
-0.013262
0.038991
-0.021658
0.053755
0.016850
-0.066604
-0.074609
-0.087205
-0.026654
0.001847
0.027411
0.152100
-0.005016
0.021113
0.038133
0.049819
0.019993
0.025396
0.117906
0.072580
0.003260
0.042187
0.042838
0.122373
0.012559
0.001911
0.073392
0.009776
0.033703
0.102984
0.120083
0.009769
0.015490
0.066672
0.071928
0.013082
0.075703
0.086712
0.092672
0.136935
0.048700
0.019064
0.023312
0.042621
0.103475
-0.108544
-0.002462
0.125064
0.035798
0.085596
0.026701
-0.045511
-0.022087
0.047425
0.066634
0.199925
0.010272
-0.070350
-0.010515
0.070677
0.058596
0.102476
0.033562
0.077914
0.083291
0.120661
0.099605
-0.033039
-0.068363
-0.084567
-0.000310
0.050062
-0.014591
0.096718
0.107340
-0.040264
0.083990
0.075832
0.122275
0.151025
0.108796
0.082626
0.059051
-0.048750
-0.011590
0.014177
0.006620
-0.033947
0.074098
0.153245
0.124076
-0.009349
0.000735
0.098105
0.083818
0.045639
0.143058
0.091571
0.037781
0.052477
0.091184
0.116534
0.076962
0.066505
-0.007996
0.220441
0.132249
0.042413
-0.011950
0.033642
0.044183
0.103463
0.105405
0.090367
0.111728
0.074740
0.044492
0.078392
-0.016238
0.092549
0.048668
0.111689
0.187746
0.078796
0.101106
0.113722
0.132411
0.074250
0.125753
0.127728
0.132960
0.046068
0.106755
0.178015
0.089780
0.058823
0.051739
0.067504
0.094440
0.156279
0.059626
0.093177
0.110603
0.121242
0.120467
0.106639
0.061078
0.103736
0.067605
0.122818
0.029645
0.079886
0.039882
0.039622
0.039039
0.090320
0.099271
0.051642
0.048416
0.211550
0.214466
0.062279
0.033780
0.058714
0.054907
0.034556
0.049739
0.201902
0.063853
0.035241
0.020962
0.029460
-0.109482
-0.000156
0.016025
0.028218
0.130095
0.047508
0.074803
0.104017
0.056003
0.178737
0.066424
0.066307
0.098114
0.170957
0.127408
0.088519
0.047375
-0.011562
0.064511
0.100489
0.042708
0.037506
0.041947
0.031568
0.084278
0.055499
-0.028092
-0.020637
0.041936
-0.030676
-0.055119
-0.071332
-0.033870
0.009590
0.093271
-0.000595
0.016986
-0.012102
-0.022704
0.014807
-0.012769
0.052186
0.079423
0.164164
0.007494
-0.102731
-0.030759
-0.010180
-0.082551
0.041279
0.169706
0.065135
0.119861
0.110692
0.172391
-0.002610
0.063924
0.034884
0.013592
0.078220
0.144813
0.053161
0.018410
0.143509
0.061153
0.010665
0.048860
0.044190
-0.037652
0.012206
0.086530
0.031947
0.078822
0.033939
0.127326
0.118364
0.007900
0.087885
0.186599
0.101603
-0.061926
-0.066575
0.044644
0.029177
0.115073
0.072225
0.000757
0.072143
0.070401
0.032695
0.004776
0.117833
0.058974
-0.013842
0.078066
0.025437
-0.070909
0.003749
-0.060665
0.014229
-0.060664
-0.011622
-0.000322
-0.054523
0.014858
0.042753
0.089801
0.161036
0.039094
-0.038602
0.007267
0.068593
0.131672
0.041480
0.136698
0.099936
0.027554
0.004767
-0.002930
-0.019020
0.037303
0.143211
0.090102
0.005880
0.017345
0.047343
0.132927
0.106336
0.093048
0.166699
0.099181
0.121262
0.087941
0.156404
0.077364
0.138783
0.018934
0.031038
0.030161
0.075762
-0.057631
-0.032091
0.013978
-0.076633
0.006054
0.044691
0.094500
0.119056
0.130560
0.011808
0.082522
0.041690
0.155760
-0.025424
-0.007382
0.112774
0.071329
0.071699
0.026003
-0.098358
0.053316
0.149777
0.104750
0.105539
0.121030
0.069599
0.174626
0.118538
0.086131
0.100779
0.054857
-0.021783
0.056713
0.099187
0.042263
-0.027566
-0.031551
-0.021912
0.062884
0.023554
0.112973
0.081897
-0.054356
-0.032138
0.019533
0.036402
0.036076
0.112088
0.022480
-0.015885
0.041679
0.039862
0.065441
0.045679
0.010925
0.123238
0.004064
-0.006058
0.010450
0.023406
0.058305
0.040462
0.074532
-0.037926
0.003697
0.176612
0.079569
0.017938
0.066111
0.073363
0.028692
0.096536
0.116654
-0.014766
0.060069
0.033262
0.063194
0.085614
0.050255
0.079285
0.080535
0.020354
0.018905
0.085898
0.125232
0.043629
-0.007068
0.084472
0.098526
0.085304
-0.005981
0.065742
0.037925
0.008366
0.031127
0.075548
0.046341
0.150427
0.028006
0.091639
0.015425
0.100464
0.155094
0.113227
0.053733
0.160150
0.151234
0.155581
0.166612
0.071853
0.099370
0.024338
0.046524
0.029410
-0.071623
0.032386
0.110621
0.100931
0.092972
0.050025
0.025817
0.006646
-0.013341
0.099978
-0.029041
0.046940
0.069686
0.001165
0.091553
0.038073
0.025220
-0.015417
0.047598
0.078153
-0.017945
0.044364
0.172495
0.094931
0.088171
0.111395
0.015495
0.082236
0.032564
0.058413
0.159890
0.133221
0.124424
0.085360
0.151119
0.018720
0.050696
-0.000047
0.108562
0.107136
0.075596
0.127874
-0.031185
0.043820
-0.068731
0.049282
0.064851
0.025449
0.037934
0.049358
0.199365
0.068933
0.059762
0.092969
0.120398
0.153136
0.095149
0.150963
-0.002952
0.079648
0.098901
0.071136
0.134571
-0.030500
-0.061935
-0.065119
0.054122
0.042286
-0.015762
-0.012447
-0.028314
0.095122
0.032078
0.027656
0.061860
0.058936
0.053746
0.085570
0.096068
0.074768
0.177383
0.118887
0.127786
0.181685
0.103781
0.074615
0.078644
0.039054
0.000271
-0.045422
0.001382
0.077030
-0.006274
0.130145
0.183801
0.091243
0.157812
0.114145
0.119846
0.146819
0.062470
0.074923
0.075477
0.155578
0.133184
0.148804
0.031966
0.127396
0.019674
0.081370
0.017481
0.024545
0.153890
0.049674
0.052906
0.130554
0.060630
0.114739
0.052502
0.062039
-0.087947
-0.022705
0.059281
0.108843
0.098625
0.129517
0.181220
0.040052
0.010747
0.065171
0.039704
-0.046316
-0.037202
-0.005057
-0.053935
0.033070
0.003261
0.067473
0.161869
-0.004028
0.023677
0.050300
-0.034066
0.048123
0.097907
0.086719
0.140166
0.127092
0.144482
0.174416
0.191334
0.021139
0.050200
0.048498
0.074207
0.087285
0.120706
0.089921
0.097643
0.172414
0.116601
0.062692
-0.011160
0.055870
0.109719
0.008237
0.057296
0.075135
0.084238
0.121542
0.059629
0.035679
0.115399
0.085034
0.006025
0.022502
0.042257
0.067027
0.016075
0.113500
0.069303
-0.002532
0.060619
0.090716
0.083504
-0.002852
0.018706
0.035995
0.014790
-0.009029
0.142827
0.045798
-0.011727
0.114403
0.049279
0.034363
-0.000676
0.036697
0.073273
0.039787
0.111308
0.125595
0.012716
0.029349
0.009207
-0.028626
0.131636
0.069079
0.051807
0.017961
0.018277
-0.084841
-0.012958
-0.026345
-0.019384
0.064175
0.087795
-0.036907
0.028262
0.099404
0.111716
0.157471
0.100067
0.091182
0.118619
0.067788
-0.022656
-0.046713
-0.044586
-0.115072
-0.092824
-0.024988
-0.033695
-0.028170
0.023082
-0.067513
0.090611
-0.011116
0.047235
0.116063
-0.067658
-0.019233
0.027961
0.124252
0.035636
0.054475
0.040469
0.068235
-0.003306
0.052129
0.062959
0.024656
0.019573
0.128135
0.052889
0.036401
0.123742
0.030431
-0.006364
0.064454
0.113368
0.048816
-0.011450
0.069702
0.062895
0.090796
-0.055942
-0.011294
0.007334
-0.016645
-0.046996
-0.011767
-0.002101
0.131060
0.079363
-0.012248
-0.016682
0.111491
0.080980
0.124298
0.102989
0.132860
0.083486
0.052445
0.162213
0.181600
-0.044673
0.046157
0.033634
0.012631
-0.061647
-0.023848
0.005829
0.101434
0.065849
0.028076
0.080828
0.058220
0.091903
0.032350
0.057879
0.082485
0.156712
0.085530
0.020423
0.138523
0.091842
0.015788
0.121074
0.166871
0.091086
0.175791
0.110521
0.187076
0.157137
0.096681
0.204777
0.149282
0.055924
0.088231
0.041617
0.036418
0.078234
-0.011914
0.156044
