200	4.893805
700	0.059459
1200	0.138998
1700	0.096119
2200	0.088744
2700	0.062919
3200	-0.024677
3700	0.088430
4200	0.113519
4700	-0.016328
5200	0.046861
5700	0.034617
6200	0.003690
6700	0.013382
7200	0.104723
7700	-0.033450
8200	0.092900
8700	0.154541
9200	0.025942
9700	0.090750
10200	0.043166
10700	0.051223
11200	0.069737
11700	0.104122
12200	-0.016875
12700	-0.005695
13200	0.044175
13700	-0.084538
14200	-0.001388
14700	-0.039305
15200	-0.068337
15700	-0.012554
16200	-0.054584
16700	-0.013898
17200	0.089281
17700	0.045410
18200	-0.004383
18700	0.051726
19200	0.005695
19700	0.016166
20200	-0.064449
20700	-0.040739
21200	0.038910
21700	-0.005526
22200	-0.027329
22700	0.083137
23200	-0.041933
23700	-0.003639
24200	0.010171
24700	-0.053982
25200	0.000616
25700	0.022929
26200	-0.044687
26700	0.038345
27200	0.046662
27700	0.043981
28200	0.104072
28700	0.063452
29200	0.091831
29700	0.008402
30200	0.073865
30700	0.032735
31200	0.064676
31700	0.023056
32200	0.066367
32700	-0.061035
33200	-0.043445
33700	-0.042730
34200	-0.087023
34700	0.061948
35200	-0.067637
35700	-0.002020
36200	0.000147
36700	-0.023305
37200	-0.032706
37700	0.096136
38200	-0.013862
38700	-0.026926
39200	-0.004310
39700	0.014874
40200	0.035004
40700	-0.049002
41200	0.020128
41700	0.063886
42200	-0.026032
42700	-0.018466
43200	0.026185
43700	-0.061053
44200	-0.024184
44700	-0.006326
45200	-0.043158
45700	-0.048200
46200	0.012643
46700	-0.026627
47200	0.014200
47700	0.027000
48200	0.016406
48700	0.035074
49200	0.095260
49700	0.098779
50200	0.038304
50700	0.046131
51200	0.010222
51700	0.060523
52200	-0.050655
52700	-0.000272
53200	0.005776
53700	-0.011640
54200	-0.055956
54700	0.005028
55200	0.068162
55700	-0.002717
56200	-0.096486
56700	0.076833
57200	0.054160
57700	0.032938
58200	0.044459
58700	0.057699
59200	-0.033302
59700	0.112048
60200	0.042814
60700	-0.037932
61200	0.008323
61700	0.075090
62200	0.005088
62700	-0.035817
63200	-0.057580
63700	-0.016562
64200	0.079452
64700	-0.036347
65200	-0.076341
65700	0.012886
66200	-0.074255
66700	0.024965
67200	0.006790
67700	0.040800
68200	-0.002313
68700	0.007647
69200	-0.006199
69700	0.061370
70200	0.069319
70700	0.019746
71200	-0.071248
71700	0.027258
72200	0.005734
72700	0.089918
73200	-0.088922
73700	0.041172
74200	0.053642
74700	0.042767
75200	-0.043319
75700	0.003550
76200	-0.006205
76700	0.048257
77200	0.049608
77700	-0.000784
78200	-0.050961
78700	0.048290
79200	0.025185
79700	0.039505
80200	0.014143
80700	-0.083602
81200	0.004330
81700	0.047620
82200	0.050246
82700	0.045580
83200	-0.005634
83700	0.049330
84200	0.043298
84700	0.065031
85200	0.050794
85700	0.014897
86200	-0.021077
86700	-0.041052
87200	0.043086
87700	0.091189
88200	0.016566
88700	0.167135
89200	0.044602
89700	0.042308
90200	0.003023
90700	0.007174
91200	-0.003295
91700	0.119246
92200	-0.008009
92700	0.017921
93200	0.041802
93700	-0.109133
94200	0.040018
94700	-0.015843
95200	-0.042521
95700	0.041877
96200	0.048840
96700	0.032515
97200	-0.066439
97700	0.035244
98200	0.036471
98700	0.020862
99200	0.041180
99700	-0.003915
100200	0.060022
100700	0.079130
101200	0.052557
101700	0.059120
102200	-0.089335
102700	0.002458
103200	0.059193
103700	-0.011361
104200	0.004920
104700	0.057992
105200	-0.071882
105700	0.100293
106200	0.035696
106700	0.041054
107200	0.036583
107700	-0.039043
108200	0.028791
108700	-0.004398
109200	0.081712
109700	0.126219
110200	0.034945
110700	0.073464
111200	-0.000568
111700	0.069695
112200	-0.029948
112700	0.033706
113200	-0.050201
113700	0.048405
114200	-0.033570
114700	0.010162
115200	0.071779
115700	-0.013697
116200	-0.012422
116700	0.021818
117200	-0.085739
117700	0.081291
118200	0.103994
118700	-0.023986
119200	0.081385
119700	-0.009315
120200	-0.024993
120700	-0.073873
121200	0.036056
121700	0.050765
122200	0.119085
122700	0.159567
123200	0.038292
123700	-0.005973
124200	0.039003
124700	0.079166
125200	0.066951
125700	0.004507
126200	0.073643
126700	0.047714
127200	-0.068294
127700	0.093442
128200	0.115991
128700	0.024035
129200	0.045604
129700	-0.031861
130200	-0.006150
130700	-0.013311
131200	0.052117
131700	0.105141
132200	0.052537
132700	0.026759
133200	0.014539
133700	0.085848
134200	0.007628
134700	0.047382
135200	-0.017139
135700	0.018974
136200	-0.041925
136700	0.027626
137200	0.073016
137700	0.010308
138200	-0.015622
138700	0.070287
139200	0.035119
139700	0.065469
140200	0.025029
140700	-0.012854
141200	0.017731
141700	0.017535
142200	0.070381
142700	-0.023627
143200	-0.008623
143700	0.001925
144200	-0.017179
144700	-0.074999
145200	0.023142
145700	0.020288
146200	-0.086623
146700	0.099675
147200	0.027892
147700	0.045110
148200	0.028438
148700	0.062802
149200	0.000878
149700	-0.082633
150200	0.044363
150700	-0.042530
151200	0.003539
151700	0.079319
152200	0.032225
152700	-0.007710
153200	0.010857
153700	-0.038558
154200	0.007669
154700	0.005961
155200	-0.020059
155700	-0.007424
156200	-0.003336
156700	0.048573
157200	-0.005206
157700	-0.069812
158200	-0.008899
158700	0.025682
159200	0.021327
159700	0.050842
160200	0.057448
160700	0.009961
161200	0.028097
161700	0.026609
162200	-0.008150
162700	0.068241
163200	0.004167
163700	0.041902
164200	0.040798
164700	0.075143
165200	-0.003201
165700	-0.063693
166200	0.065529
166700	0.058035
167200	-0.031868
167700	-0.037699
168200	0.092630
168700	-0.027350
169200	0.001745
169700	0.000454
170200	0.016413
170700	0.066486
171200	-0.004808
171700	0.030513
172200	-0.016741
172700	-0.010616
173200	-0.003266
173700	0.011988
174200	-0.020859
174700	-0.011331
175200	0.030330
175700	-0.016730
176200	0.031188
176700	-0.020347
177200	-0.048418
177700	0.103241
178200	-0.053262
178700	0.005420
179200	0.041662
179700	0.031066
180200	0.048461
180700	-0.041400
181200	0.011786
181700	-0.014007
182200	-0.003971
182700	-0.090502
183200	0.037869
183700	-0.030477
184200	-0.069301
184700	-0.069407
185200	0.032399
185700	-0.019480
186200	-0.024934
186700	-0.056212
187200	-0.015777
187700	0.048812
188200	0.015841
188700	-0.023095
189200	0.016902
189700	-0.021618
190200	0.038239
190700	-0.011580
191200	0.015169
191700	-0.045157
192200	0.003687
192700	-0.043466
193200	0.063498
193700	-0.029779
194200	-0.103082
194700	0.040076
195200	-0.005429
195700	0.023141
196200	-0.050294
196700	-0.042095
197200	-0.089360
197700	-0.012761
198200	-0.022860
198700	0.091573
199200	0.121264
199700	0.058388
