1.819461
0.783220
0.496920
0.307448
0.203389
0.211108
0.161917
0.076674
0.131885
0.210721
0.171591
0.173398
0.188024
0.091250
0.097240
0.162403
0.230650
0.126470
0.096632
0.080790
0.062088
0.166427
0.059304
0.039936
0.168496
0.201867
0.067165
0.103360
0.127437
-0.067691
0.004444
0.083135
0.109429
0.082283
0.131225
0.108267
0.071801
0.087759
0.017211
0.183844
0.175255
0.139128
0.111732
0.151561
0.084453
0.069128
0.079497
0.062282
0.071661
0.074922
0.130359
0.121913
0.224412
0.164623
0.088183
0.093375
-0.007678
0.030615
0.052752
0.048235
0.050919
0.050369
0.174294
0.108574
0.108284
0.055223
0.043663
0.108165
0.030265
0.061961
0.113726
0.123473
0.118076
0.036495
0.056642
0.020962
0.131686
0.094266
0.155464
0.165470
0.070471
0.073088
0.061913
0.030903
0.125576
0.228697
0.062218
0.074609
0.079282
0.096931
0.037974
0.050910
0.097900
0.082684
0.098399
0.137199
0.068006
0.171308
0.065849
0.026147
0.117497
0.127556
0.101033
0.071294
0.060648
0.027079
0.018964
0.047049
0.076376
0.071415
0.109275
0.182615
0.072908
0.089166
0.100978
0.125875
0.051667
0.047356
0.045763
0.006786
0.112133
0.121632
0.072175
0.082568
0.082529
0.126970
0.104344
0.094218
0.059933
0.049111
-0.001939
0.048393
-0.002857
0.038263
0.035550
0.112326
0.144710
0.001647
0.030169
0.005104
0.074419
0.035378
0.055359
0.074969
0.187586
0.021540
0.057165
0.167577
0.010364
0.112990
0.019812
-0.052475
0.060059
-0.043844
-0.023042
0.031141
0.062603
0.006384
0.028516
0.041697
0.069070
0.072269
-0.039204
0.013130
-0.017184
-0.038303
0.079916
-0.038718
0.069446
0.118097
0.068267
0.043069
0.030912
0.130363
0.122556
0.141935
0.032605
0.083201
0.068002
0.008463
0.086991
-0.027714
-0.020798
-0.060248
-0.021345
-0.040661
0.016864
-0.014014
-0.005175
0.092756
0.063378
0.019061
0.085308
0.066577
0.063114
0.144992
0.097914
0.050601
0.174518
0.178567
0.137619
0.092503
-0.015748
0.013216
0.116985
0.113798
0.136361
0.043007
0.079987
0.072884
0.087300
0.021055
0.021569
-0.048313
0.035147
0.006007
0.078837
0.035879
-0.009636
0.119479
-0.013381
0.127537
0.039408
-0.047774
0.010295
-0.025152
0.002649
-0.025061
-0.029416
0.038772
-0.015116
0.040345
0.028558
-0.022506
0.010924
0.001667
-0.008970
-0.029662
0.006833
0.006032
0.054208
0.055716
0.026358
-0.041064
0.056430
0.094990
-0.012882
0.115303
0.094737
0.058677
0.009038
0.005286
0.030602
-0.003407
0.041278
0.041818
0.029110
0.036518
0.037491
0.044029
0.006137
0.042389
0.067441
0.068514
0.080903
0.082761
0.111228
0.047979
-0.034326
0.093796
-0.029904
0.001577
0.156644
0.072698
0.036501
0.080369
-0.061253
-0.024814
0.032161
0.054372
0.070784
0.075967
-0.051102
0.025943
0.059142
0.066716
0.115702
0.050598
0.012718
0.020194
-0.006318
0.093579
0.068536
-0.022246
-0.065376
0.004912
-0.021235
-0.036362
0.061539
-0.017898
-0.040094
0.115942
-0.028084
0.020457
0.072425
0.023914
0.038200
0.048410
0.006367
0.049189
0.030772
0.041886
0.086060
0.039367
0.055306
0.106900
0.027662
0.007710
0.020413
-0.015707
0.073721
-0.020900
-0.031617
0.107656
-0.063993
-0.029363
0.114261
0.011150
0.015681
0.087946
0.012171
0.013338
0.038994
0.082618
-0.007721
0.018576
0.016123
0.025194
-0.053231
-0.089570
0.016058
0.021896
-0.013125
0.005461
-0.010182
0.020186
0.007306
-0.002417
0.132946
0.079321
-0.006505
0.017939
0.050192
0.070484
0.078553
0.144330
0.008312
-0.015775
0.022149
-0.061040
0.038934
-0.006787
0.034947
-0.009098
-0.024000
0.039639
0.019516
0.053273
0.069373
-0.009362
0.088085
0.085576
0.039553
0.048749
0.007325
0.025843
0.026143
-0.019317
-0.067282
0.024922
0.028059
-0.005671
0.016147
-0.058771
-0.126455
-0.038855
-0.041987
0.059297
0.014066
0.040656
0.037414
0.041209
0.067736
0.044103
0.018463
-0.028887
0.077620
0.083200
0.036488
0.066592
0.069561
-0.006285
0.072286
0.029234
0.062553
0.107586
0.042115
0.037536
0.008631
-0.047328
-0.105860
-0.022003
0.121202
0.061691
-0.078789
0.013601
0.071304
0.061272
-0.081558
0.036831
0.035060
0.043634
0.090297
-0.031197
0.082450
0.041714
0.021679
0.159614
0.174788
0.080137
0.099247
0.095292
0.068297
0.036263
0.029730
0.029399
0.046727
0.107250
0.111182
-0.001593
0.027221
0.030698
0.031605
0.032943
0.086236
0.074081
0.099649
0.128181
0.086540
0.093023
0.003448
0.079578
0.030491
0.067455
0.082645
-0.000523
0.068094
0.052101
-0.012219
-0.075940
-0.002726
0.018578
0.025373
0.040077
0.057188
0.039219
0.070118
0.002114
0.003895
0.081532
0.101014
0.069361
0.041987
-0.003436
0.005971
-0.036404
-0.071821
0.011952
-0.017004
-0.001651
0.014036
0.026619
0.031916
-0.068414
0.070638
0.067566
0.085966
0.120414
0.080149
0.075009
0.041820
-0.000330
0.167259
0.109599
-0.010339
0.044957
0.000374
0.082713
0.027202
0.005974
0.073547
0.049704
0.046602
0.022356
0.111015
0.024308
0.025072
-0.066315
-0.053520
0.006918
0.025133
0.072133
0.014482
-0.051047
0.083961
-0.012044
-0.088210
0.136517
-0.020576
0.045400
-0.029772
-0.035843
-0.056192
0.035796
0.027471
-0.024447
-0.029247
-0.032829
-0.001728
-0.026143
0.175465
0.005672
0.082108
0.142676
0.008956
0.170837
0.096849
0.070715
0.023198
0.046811
-0.048100
-0.023983
0.015519
-0.035375
0.071719
0.001412
0.022218
0.044638
-0.031124
-0.066431
-0.052036
-0.030492
-0.000365
0.023360
0.083809
-0.005065
-0.008227
-0.039227
-0.103162
-0.052099
0.070610
0.009207
0.121480
0.018540
0.017523
-0.008757
0.111732
0.094003
0.043785
0.063869
0.039353
-0.013293
0.058539
-0.012668
-0.002960
0.065145
-0.072345
0.037782
0.108773
0.122132
0.090744
0.028346
0.070711
0.034902
0.045162
0.039261
0.097299
0.089347
0.108253
0.062671
-0.014551
-0.010226
0.030780
-0.104719
-0.120959
0.005671
0.049775
0.123559
0.062663
0.029809
0.098895
0.006909
0.013443
0.039888
0.006800
0.084435
0.067611
0.033219
-0.008054
-0.040588
-0.005240
-0.022684
-0.054003
0.039474
0.009856
-0.007701
0.052502
0.004836
0.056140
0.019394
0.054853
-0.043985
0.083019
0.148832
0.022858
0.015409
0.033984
0.058083
0.047106
0.044509
0.023018
0.008572
0.069421
-0.024908
0.012212
0.113515
0.101863
0.032328
0.044017
-0.001741
-0.000296
0.093060
0.045760
0.052605
0.101241
0.048259
-0.021325
-0.034103
0.103517
0.022062
-0.025441
0.090026
0.039951
0.105987
0.004474
-0.034856
-0.050430
-0.137690
-0.058691
-0.022919
0.081226
0.053456
0.095775
0.036301
-0.015927
0.088842
0.033365
-0.026610
0.090074
-0.052218
-0.028902
-0.001758
0.022449
0.058518
0.005278
0.112474
0.010752
0.014292
0.081231
0.010831
0.000951
0.032185
0.085047
0.047479
0.093933
0.054685
-0.063806
-0.068031
-0.125618
-0.005389
0.105491
0.015249
0.063388
0.026945
0.023703
0.096359
0.147965
0.020528
-0.038662
-0.002250
0.067201
0.057013
0.069276
0.054962
0.069540
0.109306
-0.017371
0.073544
-0.018350
-0.021607
0.053220
0.033903
0.088874
0.012880
0.049574
0.013718
-0.068734
0.054808
0.048388
0.024212
0.025325
-0.012476
-0.055945
0.082972
0.028532
0.053326
0.113093
0.038805
0.064271
-0.002654
0.051532
0.017773
0.082794
-0.048803
0.093726
0.046621
-0.061056
0.067715
0.084175
0.093538
0.090729
-0.048670
0.050048
0.082930
0.014566
0.055307
0.001097
0.058280
0.071866
0.106842
0.035740
0.079096
0.115658
-0.044915
0.077552
0.072050
0.025597
-0.012526
0.176734
-0.055755
-0.025367
0.106961
0.072321
0.022594
-0.001504
0.149731
0.012002
0.039947
-0.042029
0.012456
0.112936
0.127899
0.009253
0.095635
0.003363
-0.073800
0.035137
0.042567
0.019129
-0.031121
0.031046
0.015203
0.065793
0.051195
0.049878
-0.013024
0.024025
0.063480
0.016236
0.141059
0.054605
0.001606
0.066450
0.041013
0.045210
-0.020207
-0.051700
0.033024
0.085435
0.030135
0.063378
-0.033061
0.009806
0.034183
0.086215
0.091604
0.009940
0.065157
0.149577
0.068532
0.031286
-0.059426
0.005327
-0.043733
-0.072451
0.018825
-0.042738
0.073095
0.040252
0.011356
0.086956
-0.017525
0.030837
0.109308
0.070638
0.007501
0.115007
0.052564
-0.026070
0.025353
0.048219
-0.003439
-0.009149
0.061225
0.044568
0.075962
-0.047786
0.007231
0.046832
-0.023069
-0.105848
-0.107655
-0.019289
0.049105
0.017887
-0.037920
-0.021086
0.018580
-0.107487
-0.043132
0.023586
-0.026108
0.013525
0.062540
-0.050468
0.030591
0.004760
0.003295
-0.027349
-0.030196
0.037815
0.056184
0.016589
0.033721
0.074324
0.017367
0.017942
-0.010758
0.062837
0.051071
-0.028032
-0.081287
-0.077811
-0.029665
-0.015115
0.053958
0.095224
-0.040909
0.073669
-0.036271
0.026520
-0.085846
-0.110347
0.014107
0.013546
0.022653
0.027554
-0.044569
-0.002325
-0.025311
-0.025030
0.050374
-0.092229
-0.071117
-0.046787
0.011781
0.037960
0.034329
0.078595
0.029326
0.016069
0.023298
-0.056604
-0.024620
-0.019012
-0.010723
-0.046652
0.042255
-0.019437
-0.015236
0.065219
0.050655
0.022337
0.055376
0.012352
0.017857
0.005550
0.054589
0.076501
-0.009848
-0.009217
-0.032987
0.053323
0.044603
-0.033707
0.069321
0.045054
-0.035495
0.057006
0.071262
-0.043588
0.119487
-0.000505
0.013872
0.023094
-0.068519
0.120566
-0.003765
0.061646
0.002211
-0.008173
0.077231
0.017520
0.110112
0.067130
0.042974
0.015902
-0.074990
-0.050820
-0.003679
-0.034716
0.002532
-0.020275
0.058066
0.064737
0.033277
-0.037516
-0.017556
0.007897
0.063399
0.059651
0.012656
0.049434
0.083103
0.043385
-0.011330
0.087242
0.035515
-0.010520
0.021776
0.020013
-0.013250
-0.040668
0.020426
-0.016341
-0.049289
-0.013978
0.028037
0.007784
-0.023624
0.079328
0.030313
0.022813
0.044031
0.051935
0.016263
0.041664
0.058093
0.006767
0.076676
0.127550
0.179684
0.046799
0.027095
0.081198
0.078273
0.054467
-0.018035
-0.027442
0.016581
0.004648
0.060669
-0.002307
-0.043517
-0.043855
-0.040467
-0.008682
-0.020645
0.015582
0.060708
0.053523
-0.015406
-0.124798
-0.001995
0.066753
0.125662
0.106471
0.118722
0.084131
-0.031300
-0.014269
-0.036751
-0.015981
0.074276
0.047625
0.023504
-0.020560
-0.007989
0.046201
0.053191
0.069992
0.081804
0.070448
0.024296
0.068955
-0.002237
0.022464
0.035364
0.121808
0.080050
0.162890
0.156011
-0.019929
0.133143
-0.060303
0.027793
0.015760
-0.004509
0.078198
0.043943
0.000378
0.084852
-0.056400
0.001577
0.043365
-0.134871
-0.057557
-0.029564
-0.017715
0.067833
0.059225
0.038635
0.075787
-0.011044
0.039612
0.005056
-0.039956
0.098922
0.007483
-0.030038
0.022523
-0.053915
0.049449
0.032193
0.069973
0.075330
0.025347
0.041212
0.088919
0.007284
0.002257
0.029110
0.039326
-0.049715
0.010938
0.025648
0.063521
0.034469
0.009788
0.050279
0.070080
0.020569
0.015298
0.028710
0.076158
0.060964
0.027429
0.026539
0.068725
0.114126
0.031693
-0.040546
0.018142
0.017394
-0.040978
0.123675
0.054867
-0.015880
-0.021239
0.020615
0.010211
0.034775
-0.061608
0.008487
0.105090
0.073303
0.042108
0.056145
0.083908
0.028264
0.030971
0.026145
-0.003745
-0.006279
-0.008117
0.027842
0.049291
0.042530
0.028021
-0.011371
0.007260
0.048161
0.060718
0.020373
-0.033339
0.068689
0.071262
-0.051483
0.046297
0.052389
0.025160
0.039096
0.073408
0.020097
0.033971
0.058160
0.109316
0.028697
0.029625
0.035153
0.037000
0.000322
-0.089412
0.055089
0.016246
-0.061607
0.024099
0.001028
-0.100837
0.035253
-0.011216
-0.038703
-0.097692
-0.018312
0.048252
-0.000686
0.036018
-0.028418
0.032347
0.033725
0.022811
0.120907
-0.031615
0.075585
0.137429
0.044043
0.087731
0.061295
-0.025749
0.021909
-0.007957
-0.033464
-0.027110
0.080126
0.084215
-0.015884
0.007466
-0.014571
0.081891
0.099789
0.085869
0.013073
0.097051
0.078101
0.009957
0.034366
0.039066
-0.019091
-0.021041
0.040774
-0.012946
0.037058
0.002229
0.017812
0.005530
0.082222
0.021347
0.072873
0.090863
0.067870
0.013465
-0.070884
0.057373
0.044009
0.035765
0.040435
0.024107
0.033865
0.122658
0.020530
0.015913
0.003342
-0.057453
0.051070
0.118432
0.089414
-0.004829
0.038516
-0.067090
0.067673
0.007491
0.030466
-0.078644
-0.029564
0.007904
0.024370
0.109320
0.105580
-0.020185
0.006593
0.047593
0.006826
0.043087
-0.018667
0.067447
0.062385
0.037492
0.042118
0.011262
-0.098636
-0.038226
0.103353
0.039793
0.023110
0.128933
0.041789
0.009273
-0.032052
-0.065075
0.049711
0.049020
0.068789
0.063613
-0.005384
-0.032326
-0.028086
0.132197
0.052290
0.049606
0.029246
0.008858
-0.007187
0.083871
-0.012912
-0.006338
0.019561
-0.000808
-0.017627
0.069685
0.031671
0.022822
0.017757
-0.109701
-0.025434
-0.051486
-0.040360
0.035698
0.008419
0.008762
0.120371
0.098785
0.049145
0.053528
0.038351
-0.031839
0.043528
-0.072856
-0.036821
-0.027555
0.005400
0.063244
0.080063
0.012770
0.009570
-0.028447
0.042696
0.044099
0.052080
0.051636
0.009099
0.031193
0.081787
0.077610
0.071177
0.056524
0.039442
0.110729
-0.060255
-0.056812
0.082437
0.143318
0.047873
-0.022464
-0.036037
0.007865
0.045143
0.070751
-0.018924
0.154822
0.127489
0.086268
0.076058
-0.013234
-0.080204
-0.016516
-0.009561
-0.034767
0.117154
0.116578
0.074710
0.079100
0.011374
0.057368
0.026341
-0.073077
0.011868
-0.075978
0.067675
-0.033727
-0.118075
0.087333
0.005012
-0.017213
-0.031339
-0.090282
-0.023530
-0.007041
0.030139
0.043801
-0.004788
0.080546
0.018842
-0.079220
0.002055
0.084166
0.038536
0.017090
0.112731
0.095535
-0.025416
0.050482
0.121375
0.092755
0.110054
-0.023974
0.040989
0.030318
0.060863
0.035799
-0.000162
-0.011794
-0.035003
0.050371
0.078033
0.007281
0.015740
0.018957
-0.015475
0.056157
-0.004867
-0.008496
-0.056965
0.005633
-0.028823
-0.060667
-0.007666
-0.044777
-0.047193
-0.061573
-0.012615
-0.042167
-0.004777
0.042980
0.015418
0.115007
0.064057
0.057462
0.020785
-0.080741
-0.043424
-0.019571
0.023550
-0.084255
0.009328
-0.020521
0.036347
0.046376
0.017813
0.108541
-0.016903
-0.127928
0.032517
0.052391
-0.004568
0.030434
0.023156
0.044016
0.084576
0.005983
0.103662
-0.006356
0.022175
-0.005733
0.060848
0.038443
0.026540
0.061949
-0.068575
-0.024007
-0.007532
0.111657
0.120788
0.117194
0.077388
0.021860
0.042858
-0.016888
-0.080225
0.007554
-0.009194
0.013824
-0.039961
-0.062052
0.081244
0.027115
0.005822
-0.027314
-0.086380
0.020429
0.045347
0.021827
0.085516
0.094808
0.070214
0.084827
0.059812
0.055995
0.094694
0.029285
0.082555
0.016155
0.083307
0.071740
0.068410
0.016415
0.141327
-0.035092
-0.019040
0.017025
-0.078342
-0.024250
-0.053348
-0.070871
-0.099257
0.005342
0.092499
-0.031882
0.001200
0.007832
0.038555
0.035898
-0.067176
0.015586
0.098750
0.064263
0.185499
0.121664
0.088726
0.089445
-0.027705
0.035309
-0.000400
0.002351
0.046242
0.044218
0.028021
-0.001409
0.029052
-0.007649
0.027340
0.060578
-0.008722
0.060170
-0.017332
-0.061693
0.015047
-0.093290
0.014803
-0.062725
0.025090
-0.037507
-0.064880
-0.079899
-0.090421
-0.038440
-0.054295
-0.004748
-0.027092
-0.038672
0.025984
0.018789
-0.053349
0.010402
0.155100
-0.021710
0.005956
0.056642
0.011423
-0.029727
-0.040744
0.053823
-0.097659
0.070003
0.084858
0.013750
0.044125
0.040409
-0.041856
0.021413
0.084747
0.053503
0.003189
0.031051
0.091797
0.076971
0.031945
0.044126
0.007939
0.022414
0.052651
0.063732
0.030700
-0.007169
0.026623
0.014122
0.035089
-0.011584
-0.011633
0.069671
-0.078393
-0.017115
0.026928
-0.054197
0.034503
0.043053
-0.061135
0.021240
-0.036297
-0.071358
-0.027747
0.013634
-0.002224
-0.021424
0.048687
0.010992
-0.011053
-0.072987
-0.106635
-0.040361
-0.057050
0.020544
0.015958
0.023878
0.006077
0.014278
0.001570
0.023483
0.023360
-0.038590
-0.054448
-0.057880
0.055910
-0.009940
-0.002253
-0.063071
-0.007379
0.129872
-0.076975
0.019645
0.006206
-0.136481
-0.102380
-0.043464
-0.001412
0.065456
0.011526
0.021160
-0.092704
-0.089945
-0.047342
-0.006013
0.073450
-0.010954
0.036811
-0.033245
-0.093253
-0.107798
-0.035456
-0.006967
-0.119499
0.034950
0.076963
-0.036974
0.014339
0.042932
0.008941
0.035209
-0.028609
-0.135787
0.052744
0.019096
-0.081093
0.088085
0.034047
-0.079852
0.059209
-0.026528
-0.049945
-0.078032
-0.010193
0.033711
0.008201
0.124613
0.111029
0.053078
-0.027905
-0.097510
-0.024105
-0.011834
0.032555
-0.007768
0.058554
0.057766
0.058132
0.026408
-0.008453
0.076579
0.163233
0.094072
0.011217
0.002620
0.016057
0.099695
-0.011404
-0.012874
-0.047178
-0.125206
-0.025100
-0.009260
-0.006395
0.036953
0.013782
0.052537
0.013288
0.025577
-0.053655
-0.031576
0.032383
0.080573
0.063716
-0.008635
0.030713
0.046073
0.031138
0.032141
-0.005095
0.059412
0.014697
0.022668
0.003332
-0.006348
-0.020092
0.095002
0.012604
-0.003284
-0.032685
-0.075050
-0.034450
-0.060752
-0.037252
-0.074636
0.023162
-0.008334
-0.084755
-0.104026
-0.079924
0.043423
0.011610
-0.059244
0.107220
0.051698
0.069652
-0.032744
-0.059149
0.067648
0.026741
0.083639
0.080039
0.079142
0.019458
0.031627
0.074991
0.044782
0.072426
0.171845
0.004183
-0.013612
-0.076951
-0.038950
0.003542
-0.082828
0.058440
0.004059
0.044451
0.105980
-0.001650
-0.039342
-0.042046
-0.116312
0.016195
0.109123
-0.020673
0.022767
-0.015924
-0.004746
0.044772
-0.022210
0.014057
-0.133073
0.011548
0.043568
-0.062669
-0.055415
-0.058912
-0.047671
-0.017953
-0.002755
0.026167
-0.038287
0.014475
-0.020338
0.013256
-0.065871
-0.037190
-0.085156
-0.009457
-0.047266
-0.131964
-0.169293
0.000621
-0.031341
-0.021005
-0.010129
-0.049849
0.023152
0.001394
-0.030928
-0.114430
-0.036983
0.028654
0.003388
0.007644
-0.043781
-0.076731
-0.048277
0.027094
0.002379
0.062650
-0.055726
-0.016326
0.006068
0.001326
-0.021181
-0.012516
0.024035
0.120520
0.077027
0.029515
0.084028
0.001096
0.134931
0.008844
0.020838
0.109358
0.007466
0.033952
0.051280
0.109187
0.048033
0.082431
0.000229
0.017399
0.152884
0.070215
0.042984
0.073202
-0.016870
-0.125705
-0.108878
-0.004308
0.082084
0.119811
0.026950
-0.011180
0.010768
0.050919
-0.011772
0.002998
0.017664
0.028270
0.066347
-0.012007
0.008565
0.007543
0.112208
0.117976
0.069888
-0.001174
0.070782
0.123602
0.072109
0.043578
-0.042663
-0.126019
-0.008069
-0.039045
0.004882
-0.019235
0.046421
-0.008655
-0.002089
0.078933
0.093479
0.100391
-0.024028
0.062879
0.060533
-0.032596
-0.002447
-0.048793
0.080060
-0.070705
0.024057
0.064934
0.001428
-0.022834
-0.008029
0.042247
0.033618
0.075688
0.005988
-0.011832
0.012772
0.132051
0.003580
0.005393
-0.001003
0.024995
0.008726
-0.013500
-0.048410
-0.075279
0.027670
-0.076684
-0.200645
-0.117700
0.010300
0.000249
-0.030336
0.076411
0.042426
0.021851
-0.060138
-0.002593
0.056503
0.100410
0.104261
-0.006899
-0.039685
-0.065722
-0.049202
-0.081890
0.028824
0.066789
-0.002044
0.067782
0.018210
0.014074
-0.006832
-0.061455
-0.052131
-0.077084
-0.035161
0.010345
0.030124
-0.065394
-0.043481
0.003256
0.033044
0.032930
0.008260
0.011833
-0.031626
-0.055894
-0.023366
-0.045234
-0.018468
-0.029820
-0.009172
-0.004648
0.044133
-0.044402
-0.011322
0.099995
-0.004082
-0.026300
0.034486
0.043710
-0.006415
0.019211
-0.039466
0.025133
-0.001472
-0.112036
-0.045247
-0.029243
0.019197
0.000121
-0.132336
-0.044084
0.021398
-0.002014
0.026774
0.033203
0.004533
-0.027225
0.006183
0.068223
0.038921
0.055434
0.083747
0.099759
0.080992
0.002537
0.060955
0.000854
-0.021594
-0.025154
0.023967
0.072790
0.099854
-0.003585
0.032363
0.043161
0.026374
0.046182
0.080176
0.003686
-0.007566
0.080565
-0.013518
-0.014350
-0.041650
-0.040910
-0.105234
-0.008337
0.015762
-0.048396
0.005019
0.025205
0.000884
-0.046998
0.042005
0.037115
-0.078789
0.006212
-0.022608
-0.038470
0.037218
-0.011187
-0.046274
0.032656
-0.054041
0.001777
-0.061447
-0.059430
0.085239
0.027096
-0.008627
0.037370
0.014093
0.056543
-0.023362
-0.092471
-0.015568
-0.009656
-0.087849
-0.036972
-0.038864
0.027390
0.066183
0.061358
0.070722
0.075812
0.115520
0.192761
0.116739
0.055184
-0.059424
-0.116920
0.037760
0.013895
0.078704
0.071004
0.110066
0.070054
0.014338
0.159683
0.039288
0.005849
0.010596
0.027375
0.140258
0.000908
0.003127
0.031276
0.043813
0.099527
0.031242
0.007162
-0.009511
-0.082453
-0.107638
0.000446
-0.013272
-0.033963
0.018406
0.116339
0.088516
-0.016984
0.092849
0.033176
0.036468
0.004138
-0.072466
0.018366
0.037855
-0.035323
0.075772
0.004376
-0.045301
-0.062061
-0.038910
0.013879
0.030548
0.045123
-0.054166
-0.078433
0.016268
-0.053248
-0.036626
0.044098
-0.033244
0.031078
0.071560
0.052536
0.019023
-0.027696
0.000358
0.077845
0.018501
-0.020358
0.124739
0.033984
0.061843
0.060708
-0.021001
0.043159
0.035618
0.047884
0.003819
-0.091033
-0.037495
0.030365
-0.025554
0.066468
0.068208
-0.030493
0.040167
-0.030625
-0.053449
0.019155
0.010658
0.119564
0.064199
0.100145
0.032223
0.002295
0.006679
-0.067116
-0.050535
0.027899
0.059122
0.051313
0.069999
0.034820
0.048635
0.031945
0.060170
0.126801
0.005176
-0.085143
-0.073165
0.026933
0.010402
-0.018826
-0.072422
-0.026592
0.082291
-0.035402
0.103688
0.195219
0.019916
0.052883
0.031738
-0.071613
0.050937
0.119099
-0.014201
-0.084233
-0.023977
0.023600
0.024137
0.012865
0.024289
0.047629
0.002425
0.011968
0.042335
0.116691
-0.011874
-0.100889
-0.052277
0.000205
-0.058443
-0.049597
-0.029663
0.074375
0.012002
0.044209
0.073155
0.039071
0.067479
0.050527
0.062417
0.119890
-0.014364
0.028065
0.104547
-0.083712
0.041878
0.009579
0.044156
0.074231
0.018282
-0.022364
-0.049566
0.035034
0.019454
-0.035705
0.072246
0.073748
0.007774
0.013238
0.029491
0.059444
0.102280
-0.066917
0.052995
0.099316
-0.031575
0.049224
0.003772
0.100336
0.219713
0.073108
0.169690
0.051295
0.018396
0.015257
-0.084077
-0.039001
-0.050077
-0.043030
0.044374
0.032747
-0.013736
0.135724
0.036086
-0.065531
-0.001607
0.029294
-0.040731
-0.007023
0.062471
-0.001943
0.017991
0.012624
0.047887
0.030023
0.051831
-0.063970
-0.009328
0.063273
-0.012176
-0.010758
-0.016001
-0.088894
0.078105
0.101262
0.083477
0.093004
0.061270
0.085486
0.027448
-0.014485
0.065566
0.065696
0.089540
-0.037069
0.034796
0.049600
0.025973
0.105205
-0.089144
-0.029790
0.042513
0.011699
0.033531
0.041480
0.068103
0.054467
0.018447
0.028370
0.113051
0.010784
-0.022974
-0.051199
-0.097994
0.089086
-0.017950
0.050170
-0.032507
-0.029299
-0.095548
-0.078367
-0.062268
-0.012771
-0.049377
0.041852
0.021286
0.016034
0.052214
0.042929
0.069818
-0.032994
-0.039993
-0.000638
0.014740
-0.059311
-0.016356
0.075003
0.035537
0.031802
0.102122
0.011163
-0.029719
0.010302
0.031802
-0.045442
0.078923
-0.038780
-0.046965
-0.010955
-0.027954
-0.055680
-0.037112
-0.025780
0.051570
0.057015
0.050777
0.017723
-0.019269
0.054360
0.139407
0.066608
-0.021062
0.072824
0.065676
-0.003037
-0.067240
0.007895
-0.009847
-0.003747
-0.005998
0.032044
-0.008383
0.097824
0.133604
0.165711
0.085140
0.099311
0.007017
-0.045834
0.001877
-0.042142
0.036891
-0.016380
-0.018740
0.058795
0.050013
0.059875
0.143318
0.064170
-0.007129
-0.073885
-0.076916
-0.069950
-0.017249
0.058941
-0.026662
0.052119
0.062505
-0.061078
-0.008140
-0.017463
-0.036386
-0.011174
-0.034767
0.029739
0.131603
-0.010703
0.001965
0.029963
0.048132
-0.083318
0.022734
0.039277
0.042187
0.029861
0.051985
-0.008392
-0.000274
-0.066735
-0.013249
-0.006435
0.088961
0.025679
0.010047
0.029641
0.003546
0.089609
0.013684
-0.093350
0.007251
-0.042456
-0.062354
0.010249
0.022190
-0.084524
-0.059436
-0.023531
-0.022127
0.019526
0.038330
-0.082871
0.032149
-0.037553
-0.090767
-0.000722
0.056977
-0.066624
0.003317
0.050044
-0.011224
0.029289
-0.018202
0.056351
0.018974
0.044170
0.074602
0.040900
-0.013683
-0.023110
-0.036103
-0.036418
-0.033517
0.041497
0.020946
-0.041170
0.067196
0.089269
0.053516
0.056684
-0.051583
-0.063543
0.062725
0.009536
-0.046698
-0.001581
-0.038355
-0.013363
0.067639
0.056880
0.064227
0.023725
0.015753
-0.010628
-0.028823
0.001830
0.062773
0.093332
0.041420
0.029641
0.035991
0.023125
0.017548
0.061729
0.037334
0.032979
-0.009262
0.043931
0.081369
-0.027799
-0.077081
-0.097962
-0.077919
0.022169
0.040760
0.013053
-0.011423
0.030540
-0.010817
0.036214
0.066901
0.050171
0.058781
-0.009729
-0.003302
0.042786
0.024965
-0.075792
-0.051540
-0.036961
-0.045828
-0.013969
-0.133886
-0.111202
-0.088844
-0.000300
0.070422
0.025369
0.101462
0.127904
0.029890
0.040115
0.032044
0.070034
0.024046
0.128750
0.172817
-0.057527
-0.109341
-0.121758
-0.067250
0.045416
0.011858
0.045863
0.045424
0.058521
0.019340
0.025741
0.077497
0.078122
0.099834
0.055393
0.037622
-0.003831
-0.089619
0.024374
0.021080
0.034853
-0.020814
0.068671
-0.060668
-0.066335
-0.012837
0.043955
0.017352
0.018208
0.011125
0.029101
-0.012408
-0.071847
-0.015139
0.010428
-0.013198
0.022475
-0.013568
0.022742
-0.075857
0.016440
-0.039000
-0.064988
-0.091747
-0.068077
-0.032254
-0.052939
-0.102120
-0.063361
-0.005903
0.004762
0.027341
0.037270
-0.039275
-0.073357
-0.096966
-0.092220
0.016490
-0.050837
-0.066653
-0.059774
-0.010553
-0.015215
0.027981
-0.131873
-0.025245
-0.011574
0.003734
0.062662
-0.055382
0.040703
-0.006522
-0.001416
0.018270
0.023109
-0.053334
0.115294
0.025241
-0.060124
-0.133923
-0.109864
-0.109078
-0.014444
0.054494
0.015344
0.046732
-0.004263
0.147621
0.022754
0.002533
0.035244
0.065087
0.002185
0.049319
0.103063
0.056411
-0.015437
-0.052795
0.005767
0.017673
0.016401
0.040732
0.075292
0.058306
0.053307
0.088645
-0.020003
-0.016648
0.064102
0.049621
0.026857
0.009676
-0.022416
0.019350
-0.031994
0.018883
0.161371
0.020547
0.105418
0.087102
0.021937
0.008051
0.017622
-0.015998
0.094324
-0.001073
-0.054104
0.093609
0.014424
0.013922
-0.004758
-0.018812
0.070309
-0.020834
-0.030687
0.070107
0.093595
0.081567
0.043939
0.020212
-0.017989
-0.124626
-0.085064
-0.036065
-0.047376
-0.044876
0.014184
0.022265
0.011028
0.026425
0.018611
-0.034994
-0.015854
-0.055692
0.004334
0.016341
-0.011562
0.036588
-0.045663
-0.020704
-0.010647
-0.024635
-0.005369
0.052665
0.045059
0.062499
0.060586
0.039729
0.050743
0.069937
0.070063
0.062579
-0.019487
-0.008504
-0.005470
-0.076932
0.080956
0.071673
-0.040092
0.096444
0.085165
-0.005113
-0.025534
-0.002313
-0.004333
0.074359
0.076865
0.024975
0.110921
0.072091
-0.060356
0.083255
0.061387
0.010825
0.063822
-0.022706
0.037718
0.095809
0.023000
-0.048534
-0.020144
-0.003035
0.033067
0.053578
0.120032
0.174327
0.108895
0.002415
-0.065171
0.012262
-0.004799
0.107794
0.098998
0.039235
0.062199
0.057890
0.059431
0.095261
0.066560
0.015427
0.016619
0.100212
0.110639
0.091259
0.097473
0.078336
0.078798
0.121986
0.027421
0.070830
0.022040
0.057448
0.027468
0.011032
-0.008155
0.042880
-0.009119
0.045864
-0.024248
-0.069483
0.042085
0.115403
0.186872
0.077742
0.072087
0.030475
0.018236
0.034275
-0.091172
-0.032888
0.024265
0.006933
-0.001663
0.058168
0.079000
0.056055
-0.024689
0.054363
-0.045458
0.017976
0.046925
0.046118
0.062381
0.030470
0.067097
0.052111
0.079987
0.022042
0.010386
-0.076563
-0.074304
-0.065943
0.005083
-0.050779
0.086599
0.022628
-0.016764
-0.008802
0.110728
0.023718
0.066393
0.091270
-0.090142
-0.039335
0.145391
-0.027544
-0.066419
-0.029630
-0.049092
-0.049180
-0.011474
0.001728
0.055301
-0.016523
-0.071075
0.066693
0.085531
-0.054687
0.036047
0.028279
-0.015504
0.051922
0.061062
0.046282
0.035526
-0.013827
0.079153
-0.010943
-0.035096
0.106724
0.025180
0.029340
0.020974
-0.057286
0.021083
0.044329
-0.018570
0.022638
0.061441
0.081081
-0.013811
0.018148
0.073101
0.081559
0.057081
-0.006808
0.007607
0.016669
-0.076761
0.047586
-0.021405
0.017749
0.096279
-0.021619
0.041090
-0.030407
0.051773
0.011125
-0.043338
0.043079
0.073296
0.059949
0.082934
0.023684
-0.048697
0.066116
0.010082
0.055522
-0.015831
-0.097310
-0.028242
-0.026709
-0.090070
-0.030824
0.081834
0.015059
0.032390
0.049599
-0.027296
-0.021324
-0.001773
-0.032436
0.053552
0.015824
-0.018321
0.037427
-0.013354
0.040671
0.128052
-0.032048
-0.071085
0.015763
-0.009091
-0.057285
0.018418
-0.036084
-0.025298
-0.016072
-0.020095
-0.028163
0.107657
0.045967
0.054428
0.028405
-0.092865
0.105907
0.052722
0.031426
0.028334
0.066776
-0.028948
0.020808
-0.023468
-0.018713
-0.007364
0.054347
0.009414
-0.122254
0.053399
0.061205
-0.012160
0.135095
0.041909
0.066176
0.073607
-0.028070
-0.104640
-0.079038
-0.008809
0.029524
0.014490
-0.053345
-0.013001
0.032597
-0.009792
-0.075335
-0.088928
-0.037260
0.040964
-0.046040
0.083545
0.042416
-0.074706
-0.006100
-0.067356
-0.056875
-0.035543
-0.029650
0.018088
0.085054
-0.055302
0.015574
0.067087
-0.099801
0.034049
0.055424
0.007213
0.054265
-0.029338
-0.042732
0.013917
-0.076150
0.028262
-0.002474
0.017214
-0.004581
0.023666
-0.004636
-0.000253
0.019013
0.003848
-0.014835
-0.061348
-0.042665
-0.048136
0.039074
-0.051036
0.124320
0.038183
-0.024923
0.032587
-0.122721
-0.053347
-0.005986
-0.090410
0.064206
-0.019622
0.005708
0.015652
-0.029792
-0.010393
-0.094225
-0.056648
-0.003899
0.024234
0.042387
0.089155
0.017311
0.098855
0.109283
0.062585
-0.033907
0.006874
-0.110506
-0.056315
0.025788
0.014013
0.019691
-0.041664
-0.122236
0.084945
0.087085
0.099523
0.081636
0.004973
-0.002462
-0.053329
0.085577
-0.030383
-0.047935
0.027738
-0.038093
-0.085838
0.019041
0.154445
0.080982
0.066378
0.099306
0.070680
0.046920
0.015440
0.034503
0.048078
0.083679
0.144255
0.045868
0.044859
0.097335
0.117297
0.068289
0.049506
-0.048672
-0.055080
-0.033063
-0.028525
0.027623
-0.031748
0.075591
-0.013780
0.015259
0.100238
0.069929
-0.000265
-0.035712
0.075729
0.110753
-0.049081
0.048756
0.071643
0.077659
-0.001746
0.068919
0.089914
0.151072
0.168650
0.033511
0.032957
0.047630
0.122451
0.089930
0.030016
0.050454
0.027686
0.047700
0.007630
0.059722
0.022527
0.006248
0.123655
0.000771
-0.023205
0.031040
-0.022368
-0.104691
-0.003862
0.081744
0.120802
0.127265
0.127964
0.126697
0.126724
0.043889
-0.014118
0.072565
0.045639
-0.009712
0.055627
0.004644
0.056969
0.086282
0.006519
0.051933
-0.030792
0.000008
0.046327
0.027536
0.080711
0.015152
-0.002248
0.059683
0.058354
0.124816
0.099089
-0.019712
-0.031919
-0.051119
0.015319
0.078519
0.012328
-0.088214
-0.052321
-0.016111
0.004419
0.067203
0.147024
0.053238
0.103958
0.083446
0.045557
0.086385
0.033283
-0.059293
-0.093071
0.011576
0.018067
0.034033
0.021768
-0.015140
-0.061003
-0.055127
-0.045276
-0.051871
0.025399
-0.038992
0.033272
-0.092998
-0.072449
-0.059378
0.016480
0.092341
0.027812
0.027595
0.025922
0.045849
0.084723
0.003392
0.057351
-0.005028
0.059002
-0.007887
-0.009857
0.040435
-0.011868
-0.056262
-0.082213
-0.035112
-0.032419
-0.066955
-0.064588
-0.062075
-0.138528
-0.091881
-0.030198
0.017254
0.044655
0.039062
-0.038083
0.008094
-0.015791
0.041745
0.039584
-0.007495
0.076416
-0.022490
-0.079886
-0.015832
-0.060202
0.015549
0.065869
-0.020656
-0.051597
-0.034827
0.049815
0.034714
0.064401
0.011924
0.082054
0.030717
0.027184
-0.096360
-0.024596
-0.022624
0.058884
0.040468
0.064868
0.039628
-0.010810
0.013288
-0.039449
0.016596
0.066700
0.045884
0.042911
0.077641
-0.052534
-0.098378
-0.039220
0.017981
0.074525
0.046376
-0.004581
0.009075
0.023481
0.035507
0.013021
-0.018934
0.060911
-0.103689
0.019142
0.004186
-0.093038
0.014636
0.024402
0.054761
-0.018484
0.018723
0.084605
0.104518
0.024119
0.083427
0.033815
-0.025439
0.043629
-0.038670
-0.036197
0.054656
-0.037195
0.044435
-0.037681
0.046388
0.112078
0.075074
0.074150
-0.044263
-0.017949
-0.027632
-0.017060
0.002458
-0.089192
-0.158298
-0.014979
0.056259
0.015719
-0.018805
0.089513
-0.042993
-0.014647
-0.047316
0.083540
0.016990
-0.015970
0.074122
0.096414
0.109077
-0.010913
-0.059179
0.043149
-0.036750
0.012385
-0.044318
-0.034545
-0.010784
0.045776
0.002097
0.009445
-0.060070
-0.034563
0.055564
0.076846
-0.009320
0.014055
-0.008616
0.059922
0.025939
-0.020935
0.073098
-0.059131
-0.040176
0.012971
-0.009003
0.142738
0.118513
0.045008
0.117890
0.039414
-0.042933
0.024609
0.069024
-0.018707
0.009826
0.003724
0.015190
0.024203
-0.040297
-0.058944
-0.014228
-0.044132
-0.084393
-0.015520
-0.011370
0.079758
0.033308
-0.039454
0.066712
0.007954
-0.007122
-0.056642
0.029457
-0.009798
0.012298
0.056463
-0.030895
0.020192
-0.010376
-0.033578
-0.043482
0.083243
0.022357
-0.026711
0.021341
0.020166
0.023288
0.019060
0.085951
-0.007860
0.011371
-0.065743
-0.053827
-0.071965
-0.031183
0.016195
0.021100
0.026000
0.073041
-0.026555
-0.061485
0.086025
0.112280
0.114841
0.091015
0.009925
0.059411
0.061655
0.061889
0.136748
0.070952
0.038957
0.061631
0.032043
-0.001843
0.058290
-0.012115
0.020339
0.028701
-0.031849
-0.051376
-0.030506
0.040389
0.005170
0.053232
0.071509
0.092788
0.050970
0.042448
-0.003544
0.024372
0.048031
0.021525
0.055984
0.016207
0.130083
0.088956
-0.096547
-0.017888
0.128918
0.030603
-0.006266
0.049378
-0.049306
-0.022911
0.013699
-0.041489
-0.043979
-0.038819
-0.142460
-0.102407
-0.040476
0.067200
-0.001354
-0.076382
-0.060468
-0.112401
-0.076044
-0.057937
-0.000965
0.024096
0.141870
0.085613
0.059966
0.001154
0.056960
-0.003620
-0.052762
-0.025282
-0.106146
-0.104888
-0.091989
0.021695
-0.079584
-0.149465
0.062264
-0.052586
-0.102586
-0.078440
-0.096835
-0.103399
-0.069853
0.071920
0.007866
-0.061882
-0.044823
0.017639
-0.076501
-0.025388
-0.058719
-0.021816
0.008906
-0.043436
0.030870
-0.078244
-0.031227
-0.076202
-0.030548
-0.033077
-0.064699
0.047329
-0.005299
-0.097829
-0.034062
-0.082477
0.045005
0.014829
0.006082
-0.052893
-0.073854
0.021744
-0.021849
-0.035915
-0.003002
0.064713
0.038350
0.018689
0.011964
0.032946
-0.003788
-0.057117
0.068412
-0.060359
-0.004674
-0.002255
0.016085
0.046514
0.019328
0.031914
-0.012563
-0.012979
0.024132
0.021018
0.020007
0.076607
-0.123755
0.023288
0.002087
-0.058805
0.005029
-0.139919
-0.022134
0.008061
-0.158461
-0.139943
-0.063976
-0.070448
-0.112717
-0.104979
-0.035740
0.056171
0.065242
0.001606
-0.004650
0.057190
0.122917
0.019724
0.075766
0.022324
-0.022469
-0.019032
-0.020189
-0.064741
-0.064523
-0.060673
0.025911
0.011378
-0.003564
0.068863
-0.008431
-0.015305
0.008758
-0.041333
-0.064090
-0.014443
0.010938
0.067398
-0.017325
-0.008601
-0.011847
-0.008326
0.013231
-0.043205
-0.029410
0.034917
0.002232
0.041995
-0.027498
-0.022335
0.038845
-0.027108
-0.028712
0.007807
-0.041031
-0.004509
-0.051307
-0.074695
0.023583
-0.026227
-0.034878
-0.013296
-0.050526
0.055458
-0.014006
0.046221
-0.004765
0.074581
0.065191
0.029747
-0.071946
-0.014924
0.078540
-0.082875
0.065033
-0.013108
-0.033734
0.007009
-0.007057
0.005012
-0.018715
-0.029072
0.061575
0.042318
-0.018198
0.020717
0.009509
0.095980
-0.002870
0.035919
-0.027379
-0.063739
-0.056361
-0.057998
-0.073695
-0.042793
-0.079075
-0.074678
-0.040138
-0.179682
-0.150782
-0.064308
-0.041739
-0.006783
-0.077500
-0.005024
0.013792
0.026441
0.104923
0.103241
-0.010920
0.030838
0.019022
0.044057
0.030531
0.052649
0.066234
0.071799
0.047695
0.073913
0.006437
0.006687
-0.049119
-0.022701
-0.041821
0.057489
0.010312
0.028175
0.059481
-0.043979
0.055180
0.034889
-0.017382
0.089921
0.076575
0.123641
0.023642
0.009279
-0.018766
-0.039173
0.019772
0.087755
0.112643
-0.030697
-0.068980
0.040951
-0.012841
-0.068696
-0.031017
-0.100173
-0.042714
-0.078410
-0.024982
0.059139
0.000355
0.060379
0.126268
0.053595
0.000226
0.048383
0.056892
-0.054858
-0.124518
0.109896
-0.034373
-0.001088
0.036058
-0.058884
0.084865
0.012952
0.083910
0.071863
-0.006428
-0.029676
0.003244
0.010552
-0.006264
-0.034273
-0.109727
0.077126
0.026790
-0.019588
0.079097
0.035813
-0.039605
0.036760
-0.063360
-0.084935
0.058515
0.063293
-0.000153
0.063770
0.063244
0.025812
0.009166
0.045272
-0.009177
0.048756
-0.015239
-0.069256
-0.048628
0.025593
-0.074581
0.000447
-0.001177
-0.098351
-0.035869
-0.038984
0.025236
0.098127
0.100702
0.109527
0.037392
-0.000292
-0.015965
0.014699
0.103636
0.064114
0.015671
0.019035
0.000700
0.024193
0.047928
-0.075236
0.035271
-0.018423
-0.020631
-0.036710
0.055033
0.069515
0.133198
0.044823
0.055899
0.020177
-0.038648
0.030563
0.029089
0.048901
0.040795
-0.002599
-0.010570
0.001344
-0.090538
-0.006217
-0.016645
-0.097185
0.023728
0.000791
0.000598
0.083075
-0.063494
-0.022622
-0.066373
-0.034675
-0.116436
-0.070044
0.030043
0.046587
0.018785
0.098576
0.073338
0.097688
0.026872
-0.029467
0.015426
0.086995
0.034994
0.017355
-0.041455
0.011591
-0.088141
0.012890
0.089648
0.014764
-0.032608
-0.042056
-0.057657
-0.036619
0.006912
-0.011833
0.063412
0.057955
0.045268
0.073243
-0.040964
0.041600
-0.027566
0.027525
0.049810
0.043093
0.027842
-0.043535
-0.079219
-0.046463
-0.045457
0.029036
-0.038648
0.077118
0.040621
0.080293
0.071254
0.015344
0.029053
0.038196
-0.000361
-0.008650
-0.002341
0.045073
0.112560
0.058401
0.028795
0.068825
0.077248
0.026172
-0.059492
-0.111356
-0.012477
0.033992
-0.046824
0.046769
-0.023372
0.022224
0.017760
0.031873
0.077595
0.064110
0.103074
0.072751
-0.036272
0.043691
-0.023498
0.004788
0.046943
0.004432
0.039375
-0.037334
0.033865
0.140555
-0.020514
-0.061243
-0.017719
-0.033214
-0.013265
0.037987
0.026517
0.055040
0.096276
-0.001544
-0.048948
-0.173296
-0.080885
0.008851
-0.035974
0.013423
-0.007197
-0.100747
-0.142574
0.047731
-0.048978
0.041258
0.049422
-0.057353
0.057748
-0.064440
0.060496
0.087464
0.003760
0.027330
-0.056760
0.037737
0.027280
0.012053
-0.016775
0.010603
0.093510
0.178631
0.108329
0.062865
0.007820
0.009442
0.115694
0.074574
0.008927
0.123453
0.013663
0.048758
0.050902
-0.013611
-0.067871
0.062080
-0.031593
0.001065
-0.101870
0.077336
0.038976
0.016558
0.056253
0.092467
0.076232
-0.034144
-0.010444
0.003719
0.013206
0.032541
0.063816
0.011317
0.050339
-0.074170
-0.054577
-0.018405
-0.004651
-0.004038
0.077018
0.062553
0.045696
-0.032148
-0.030987
0.071271
0.052451
0.003497
0.005856
-0.035911
0.023874
0.013833
0.124576
0.114648
0.095937
0.085648
0.041772
0.028215
-0.017328
-0.002769
-0.029086
-0.066424
-0.015485
-0.024782
-0.035967
0.105642
0.080217
0.014090
0.040296
0.007038
0.039170
0.059964
0.060388
0.052050
-0.021369
-0.061367
0.005376
0.049062
-0.007171
0.006642
-0.045465
-0.067872
-0.013551
0.024183
-0.037563
0.034108
0.011791
-0.007163
0.160060
0.122182
0.044370
0.134742
0.123949
0.048660
0.116784
0.007459
0.033127
-0.025778
-0.001226
-0.040845
-0.122759
-0.043141
0.079980
0.105549
0.132813
0.100781
0.001367
0.045320
0.032990
-0.015125
-0.008501
-0.021752
0.123982
0.124238
0.001833
0.021497
0.026329
-0.042550
0.059481
-0.001531
0.013342
0.040833
0.056040
0.072838
0.007250
-0.061671
0.001030
0.037300
-0.029451
-0.012475
-0.137034
-0.070856
0.003878
-0.084075
0.064939
-0.045461
-0.071242
-0.007848
-0.071022
-0.036774
0.070862
0.079992
-0.053908
0.026281
0.080974
0.061762
0.079362
0.052169
0.080132
-0.015669
0.079111
0.035585
0.012846
0.075625
0.015273
-0.053137
-0.017456
0.001102
0.049515
0.084814
0.050927
0.017534
-0.024503
0.012323
0.021283
0.083892
0.111150
0.101090
0.007682
-0.046924
-0.024803
-0.064879
-0.087643
-0.080891
0.041597
0.033013
-0.052124
-0.006010
-0.038459
-0.076860
0.066666
-0.041507
0.044581
0.078290
-0.054891
-0.025325
-0.066106
0.032558
0.038083
0.068181
0.077336
-0.043359
0.101813
0.035979
0.125512
0.080028
0.097159
0.154421
0.105656
0.050683
-0.050224
0.012163
0.064131
0.038680
0.061243
0.061892
0.014160
0.055097
0.081679
0.063169
0.010027
0.016686
0.011380
-0.016771
-0.074393
-0.110646
0.013570
-0.043345
-0.062670
0.031116
0.002753
0.061300
0.060684
-0.096212
-0.009256
0.017731
0.042577
0.002744
0.046042
0.092633
0.003393
-0.047819
0.030680
0.046223
0.065252
0.086468
0.031558
0.084883
0.042033
0.009870
-0.008130
-0.052749
0.011920
-0.024477
-0.021478
0.022294
0.019438
0.068707
0.050218
0.070631
0.001372
-0.102419
0.015011
0.080624
-0.032085
0.076084
-0.003843
0.017365
0.091497
-0.007941
-0.072355
-0.079178
-0.040859
-0.002038
-0.014683
0.068874
0.083133
-0.055453
-0.026568
0.113313
0.092015
0.001771
0.019311
0.009642
-0.009681
-0.054434
0.034581
0.052442
-0.138576
-0.094759
-0.118905
0.015734
-0.043359
-0.117495
-0.038286
-0.052661
0.020122
-0.057534
0.070460
-0.060972
-0.035927
0.102783
-0.052872
-0.117363
-0.017149
0.010680
0.016302
-0.008084
0.045576
-0.043421
-0.040540
0.109299
-0.044535
-0.040081
-0.042779
-0.102857
-0.007680
-0.015536
-0.033078
-0.022976
0.022445
0.100001
0.011594
0.011825
-0.047853
-0.023989
-0.010899
-0.096595
-0.014252
0.023804
-0.029907
-0.025611
0.002599
0.060632
0.014669
-0.000274
0.008738
0.067353
0.052896
0.078204
0.020288
0.071581
-0.050089
0.081288
-0.040656
-0.061450
0.068899
0.108053
0.021888
0.002590
0.055025
-0.096488
-0.074931
-0.024972
-0.078353
-0.018370
0.067313
0.051727
-0.027327
-0.003260
-0.086650
-0.040407
0.009688
-0.025205
0.065529
0.107143
0.071566
0.006052
0.025264
0.037926
0.068742
0.044169
-0.031640
0.008842
-0.010391
0.012396
-0.005498
0.030098
0.067956
-0.038013
-0.004793
0.042888
0.058995
0.077726
0.046233
-0.034968
-0.104993
-0.076615
-0.046983
0.034398
-0.004960
0.003958
0.048579
-0.043924
0.018632
-0.000887
0.011665
0.033766
0.065956
0.045608
0.122664
0.029440
-0.002515
0.040233
-0.048388
0.082882
0.028001
-0.035992
0.090676
0.129037
0.136648
0.079517
-0.041160
0.062700
0.008474
-0.050890
0.010859
-0.014161
-0.007043
-0.001861
0.053162
0.047127
0.032292
0.073226
0.033549
-0.027457
0.046080
0.128948
0.064634
0.091929
0.115579
0.028546
0.141495
0.075831
-0.082979
-0.026198
0.002388
-0.052629
-0.025110
0.028565
0.013384
0.004197
0.018265
0.118335
0.070010
0.012747
0.023208
-0.009354
-0.093744
-0.088907
-0.019710
-0.070600
0.100309
0.082863
-0.016869
0.106141
0.067120
-0.001110
-0.048959
-0.048156
-0.010660
0.049356
0.109788
-0.012453
0.094084
0.059417
0.118354
0.092579
0.015539
0.037134
0.013958
0.020018
0.055356
0.048533
-0.055707
-0.012847
0.018814
-0.043212
0.015994
-0.006592
-0.026691
0.022807
0.053411
0.042747
0.016840
-0.034293
0.031113
0.101374
0.002885
0.086691
-0.027703
-0.004697
0.009340
-0.022956
0.100198
0.095935
-0.045888
0.007025
0.128353
0.159124
-0.011357
-0.082826
-0.001811
0.001177
0.078541
0.087295
0.117270
0.059319
0.009354
0.108520
0.035822
0.034000
-0.046738
-0.130743
0.068680
-0.017626
-0.058359
0.000741
0.085584
-0.092579
-0.045716
-0.028177
-0.010293
0.084081
0.093128
0.079614
0.042723
-0.048849
-0.020261
0.015946
0.102907
0.110145
0.044708
-0.109034
-0.028036
-0.026561
0.049871
0.047113
-0.001867
0.088928
0.110003
0.061816
0.017595
0.042621
-0.049588
0.072506
0.012910
-0.010833
0.074862
0.045053
0.056463
-0.004376
0.039906
0.074217
0.146227
0.006664
0.004540
0.047598
0.008135
0.127485
0.043466
-0.063837
-0.032036
-0.025291
0.050987
0.108506
-0.004322
-0.019016
0.086426
0.088555
0.045791
0.081604
0.036320
-0.047167
0.030814
0.068346
-0.051949
-0.017574
-0.091912
-0.006030
0.038730
0.028996
0.040760
0.028038
0.003341
0.017817
-0.033464
-0.026630
0.072891
0.113221
0.011845
0.024213
-0.018614
0.020834
0.054996
0.102485
0.116875
0.039236
0.107963
0.078085
0.046441
0.022963
0.026891
-0.060255
0.015628
0.045948
0.017341
0.010441
0.030328
-0.041998
0.025909
0.023650
0.023808
0.017916
-0.021771
0.041411
-0.031878
-0.011775
0.043175
-0.026769
0.039293
0.035873
0.031065
0.035596
-0.038587
-0.041353
0.010022
0.053973
0.052544
0.049117
0.069224
0.005310
-0.006695
0.079551
0.040773
-0.028194
-0.026662
-0.046925
0.066949
0.126756
0.115116
0.089695
0.053299
-0.045542
-0.025734
-0.011663
-0.013986
0.050407
0.105374
0.053597
0.013776
-0.064504
-0.049003
0.030858
-0.023724
0.091418
0.104444
0.043984
0.042130
0.098115
0.052520
-0.050837
-0.085435
-0.036426
-0.027151
-0.056897
-0.081198
-0.032606
-0.056030
-0.012449
0.011302
-0.012210
0.019204
-0.104332
0.062924
-0.060076
-0.056855
-0.011240
-0.043450
-0.036026
0.011281
-0.023694
0.010540
0.027855
0.031008
0.020895
0.010995
-0.021063
0.008749
-0.045576
-0.073724
-0.040235
0.022454
-0.001376
0.040348
0.046507
0.055907
0.037893
-0.040812
-0.017048
-0.041148
0.015598
-0.064821
-0.029693
0.023112
0.040175
-0.001669
-0.094642
-0.033298
-0.024227
-0.088796
0.051838
0.037530
0.120535
0.078894
-0.027966
0.003535
-0.054291
0.031474
0.136176
-0.037905
0.028320
0.000202
0.030232
-0.027991
-0.129926
-0.075520
0.022578
0.058009
-0.014279
0.051878
0.099120
0.006043
0.018002
-0.015882
0.137509
0.149102
0.062515
0.053811
0.040042
-0.009547
0.014477
-0.012864
-0.035627
0.048369
-0.039652
0.004692
0.047813
0.090371
0.087127
0.094223
0.083170
0.004749
0.059707
-0.067125
0.019428
0.111935
-0.003123
-0.013196
0.015511
0.099827
-0.063509
0.045902
0.091335
-0.033997
-0.070553
0.027026
-0.034933
0.032593
0.112815
0.043317
-0.006405
-0.010331
0.022922
-0.014619
-0.062259
-0.034901
-0.012971
0.017950
-0.010378
-0.028632
0.054592
0.067283
0.083392
0.100984
0.082587
-0.027744
-0.107698
-0.031529
-0.030827
0.013466
0.009661
-0.020594
-0.005570
-0.011820
-0.009925
0.075631
0.035719
0.030891
-0.011400
-0.033356
0.032239
-0.026509
-0.141826
-0.032037
-0.018373
-0.008459
0.032637
-0.042338
-0.008052
0.041509
0.024429
-0.039843
-0.149155
-0.023219
0.022884
0.036283
-0.058201
0.028057
-0.032718
-0.057407
0.002644
0.015565
0.002581
0.031190
-0.004973
-0.044883
-0.018406
-0.007565
0.004338
0.004030
0.062814
0.065723
0.012962
-0.017124
-0.114215
-0.092375
-0.048222
-0.040563
-0.103506
-0.097422
-0.000120
0.047213
0.042100
0.081069
0.092016
-0.003792
0.037176
0.100265
-0.086589
-0.100741
-0.126445
-0.028950
0.013348
0.037775
0.058131
0.045073
-0.079798
-0.124252
-0.012625
-0.044036
-0.030017
-0.016934
-0.024788
-0.130893
-0.082382
-0.014721
-0.094059
-0.048189
-0.027269
0.013254
-0.005858
-0.011995
-0.021501
0.040506
0.010933
0.057194
0.051987
-0.056134
-0.017935
0.006428
-0.020990
-0.033656
0.022671
-0.014291
0.061490
0.080032
0.066340
-0.019196
-0.056608
-0.042692
-0.075514
-0.065783
0.025670
0.121464
0.076106
0.037672
0.004316
-0.075669
0.025975
-0.025701
0.011499
-0.015195
-0.087307
0.028237
0.027611
0.009835
-0.080407
-0.048318
0.018291
0.077044
0.049156
0.045497
0.023558
-0.061555
0.008409
0.028490
-0.018826
0.028941
0.015149
0.021098
-0.000392
-0.041981
0.072439
-0.020912
0.016088
0.153809
0.025120
-0.043975
-0.021188
-0.121969
0.054558
-0.022767
0.068105
0.043938
-0.055901
-0.035010
-0.036091
0.050447
-0.027852
0.019621
0.005350
0.095994
0.050634
-0.001090
-0.016682
0.064701
0.094482
0.016675
-0.031739
-0.027854
-0.013829
-0.011047
-0.024375
0.003307
0.055192
0.094866
0.004277
0.059565
-0.056796
0.051873
0.030337
0.002077
0.053998
0.042229
-0.023594
-0.060386
-0.004880
0.005732
0.029080
0.052486
-0.000025
-0.028135
0.075424
0.147109
0.044432
0.000997
0.026044
0.000920
-0.010517
0.082061
0.002506
-0.039317
0.035404
-0.092096
-0.030070
-0.013883
0.013541
0.051783
-0.087650
-0.085731
-0.080706
-0.125197
-0.048330
0.009758
0.055101
0.045141
0.028253
0.047962
-0.013318
-0.030737
0.081423
0.061922
0.032120
-0.009626
-0.045399
-0.079108
-0.058963
-0.030628
0.019627
0.006224
-0.047615
0.026117
0.065492
0.007259
-0.006387
-0.060181
0.026996
0.030110
-0.012689
0.055307
-0.011243
-0.032532
-0.063799
0.001237
0.002505
-0.036850
-0.100836
0.021531
-0.013907
0.056624
0.034445
-0.013110
0.084063
0.133155
0.155085
0.043476
0.048114
0.048007
-0.009763
0.021905
0.020403
0.052599
0.040144
0.014194
0.054391
0.096266
0.060118
0.020037
-0.024104
-0.012910
-0.009311
-0.057998
-0.015610
-0.056518
0.016698
-0.016523
-0.033177
0.090148
-0.022549
-0.013931
-0.005675
0.035506
0.110766
0.091638
0.118485
-0.014074
0.079352
0.045451
-0.032782
-0.038829
-0.014185
-0.039626
-0.028304
0.032076
-0.027766
-0.030987
0.012157
0.046746
0.024757
0.016165
0.051895
0.088565
0.002849
0.063662
0.089953
0.034468
0.017150
0.015540
-0.014288
0.005702
-0.132092
-0.065833
0.036218
-0.072819
-0.068722
0.030626
-0.092621
-0.083148
0.107960
0.169662
0.005388
0.031472
0.013043
-0.039114
-0.028857
0.056253
0.081350
0.031113
0.021066
0.044240
0.055693
0.034911
0.036738
0.028260
-0.013206
-0.045030
0.074436
-0.023891
-0.032912
-0.092387
-0.084873
0.003908
0.041232
0.034680
0.121571
0.037489
0.045924
-0.013678
0.007647
0.111880
0.041259
0.087120
0.102790
-0.009547
-0.028604
0.037127
-0.039555
0.093560
0.026307
0.011048
0.026777
0.004441
-0.007621
0.074258
0.087095
0.013728
0.019751
-0.057592
0.040188
0.128401
0.085656
0.077051
0.068371
0.061198
0.013177
0.019912
0.025937
0.036003
-0.132008
-0.077852
-0.118648
-0.043952
0.016209
-0.012097
0.065323
0.035974
0.126115
0.050065
0.016041
0.143861
0.124861
0.134413
0.055898
0.052053
0.098479
0.073213
0.114144
0.001899
0.005859
-0.031926
-0.129425
0.028753
0.012745
0.076430
0.099750
0.020465
0.053852
-0.043902
-0.000636
-0.072891
-0.025432
0.062288
0.017983
0.092946
0.028670
0.063265
0.023138
0.056924
0.046051
0.069409
0.017735
0.015227
0.107516
-0.103691
-0.002251
0.035784
0.043536
0.046325
-0.059924
-0.049869
-0.055009
-0.074400
-0.053104
-0.025462
-0.147564
-0.077817
-0.022625
-0.014800
-0.008277
0.030784
0.018639
0.038886
0.148393
0.056266
0.068086
0.027827
-0.077601
0.004173
-0.052660
0.024749
0.058738
0.015392
-0.058730
-0.013481
0.034772
-0.017891
-0.071841
-0.062651
0.002704
-0.013204
-0.035365
-0.032451
0.019028
0.017234
0.018542
-0.017429
-0.028786
0.009221
-0.014221
-0.146127
-0.057782
-0.065662
-0.014230
-0.004178
0.050693
0.062153
-0.081616
0.009576
0.048684
0.081157
0.121730
-0.076130
-0.121660
0.013752
-0.095792
-0.072049
-0.009740
0.066219
0.038547
0.012974
-0.004780
0.004083
0.043851
-0.008358
0.035890
-0.017938
-0.029196
0.068835
0.047323
-0.013000
0.125410
0.088678
0.080881
0.080498
0.030745
-0.092235
0.045969
0.015885
-0.007696
0.095508
0.019819
0.005001
0.059334
0.061840
0.048526
-0.044235
-0.066362
-0.029400
-0.095737
0.012169
0.072914
-0.051509
-0.016397
-0.005282
-0.009495
-0.011498
-0.024436
0.048040
0.014853
0.002965
-0.075110
0.083867
0.046570
0.068327
0.117884
-0.021745
0.071878
0.003054
0.030252
0.053460
0.037458
0.026212
0.019819
-0.065767
-0.053531
0.042945
0.001248
0.115311
0.034059
-0.018747
0.115842
-0.037094
-0.049343
0.054405
0.033415
0.124513
0.096059
0.026685
0.000435
0.012289
-0.042720
-0.028895
-0.003259
-0.158360
-0.166967
0.029823
0.082284
-0.081142
-0.006174
-0.054563
-0.037880
-0.043160
0.002279
0.019236
0.040611
-0.020218
0.074252
0.059316
0.036504
-0.004028
-0.087222
-0.063664
-0.027653
-0.026711
0.059453
-0.034691
-0.066648
-0.000098
0.025464
0.075046
0.025526
0.059745
-0.020953
-0.077573
0.041180
0.056741
0.039031
0.114830
0.058313
0.006316
0.056903
0.035380
0.016825
-0.014110
0.002208
0.041783
0.042713
-0.017643
-0.005544
0.028608
-0.109867
-0.102223
-0.004619
-0.076410
-0.078471
-0.038617
0.074266
-0.018183
0.092576
0.131180
0.022745
0.117066
0.026678
0.015005
-0.007991
-0.012519
-0.019784
0.026706
-0.032286
-0.047626
-0.002211
-0.081991
-0.078961
-0.067608
-0.024688
0.070745
0.027595
0.056809
0.000681
-0.062761
0.091770
-0.054217
-0.013779
0.028346
0.053622
0.068366
0.061606
0.096110
-0.074666
0.061723
0.085246
0.020229
-0.054903
-0.070743
-0.067832
-0.078245
0.058721
-0.060377
-0.044032
-0.056907
-0.041726
0.057828
0.136217
0.098372
0.057808
0.152645
0.177969
0.050303
0.036044
0.008467
0.044780
0.126061
-0.036610
-0.007205
0.029125
-0.022993
-0.027083
0.008518
0.058880
-0.012905
-0.094291
-0.130836
0.061669
0.031696
-0.026061
0.117946
0.104527
0.004248
0.004466
0.002206
-0.056187
-0.026535
0.024291
-0.049438
0.036632
-0.043261
-0.035043
0.068456
0.110809
0.141135
0.063535
0.097749
0.133484
0.085518
0.086900
0.075837
0.012702
-0.082502
0.058019
0.092260
0.140767
0.103336
0.031610
-0.014425
0.042152
-0.006548
-0.011121
-0.048630
-0.053966
-0.042263
-0.062709
0.025803
0.070639
0.058512
0.003892
-0.001836
-0.039113
0.005969
-0.016150
0.009062
0.087341
0.022418
-0.018563
-0.017350
0.019703
0.002803
0.067012
0.118634
-0.051221
0.059910
0.001613
-0.004938
-0.032415
0.032553
0.084584
-0.048810
-0.073544
-0.046477
-0.084534
0.004768
-0.015010
-0.016934
0.056464
-0.003726
0.000588
-0.001459
-0.002132
0.013392
-0.028039
-0.029874
-0.023837
0.022264
-0.125422
-0.074669
-0.049301
-0.048234
0.035476
-0.024660
0.072402
0.013671
-0.002836
0.049188
0.092039
0.033530
-0.054081
-0.010325
0.020197
0.063763
0.078741
0.054925
-0.011880
0.010679
0.057514
0.067468
0.014866
-0.053997
0.029662
0.000567
0.035442
-0.008157
-0.010560
0.074476
-0.058260
-0.026153
0.072639
0.141495
0.066660
-0.011134
-0.011217
0.079885
-0.020668
-0.031894
-0.054821
-0.048061
0.033959
0.077974
0.086773
0.098048
0.103896
-0.010595
-0.019626
0.027970
-0.057247
-0.025829
0.046177
0.064721
0.061934
0.050239
0.026104
0.071753
0.102704
0.035281
-0.033591
-0.009307
0.067579
0.041906
-0.017940
-0.040321
-0.079250
-0.115778
-0.085228
-0.082742
-0.027122
0.038652
-0.090653
-0.023189
-0.008201
0.054753
-0.021344
0.053440
0.064392
-0.035077
-0.019500
0.019925
-0.042468
-0.055173
0.029139
0.012633
0.036571
0.021158
0.032208
0.010693
0.019891
0.095537
0.014703
-0.004668
0.018571
0.019146
0.001338
0.018840
0.051590
0.025824
0.085676
0.032952
-0.039138
0.010781
0.038647
0.026292
-0.085791
0.042587
-0.038513
-0.081663
0.042252
-0.049674
-0.088445
0.062594
0.063155
-0.006736
-0.059425
0.045821
0.017289
0.135649
0.001685
0.014201
0.020301
-0.003321
0.034053
0.012040
0.015106
0.028030
-0.010620
-0.001797
0.095932
-0.019511
-0.003373
-0.001360
-0.020833
0.017049
-0.022216
0.007123
0.012466
0.000247
0.139767
0.061589
0.015970
0.031757
-0.030068
0.097198
0.030916
-0.015873
-0.013881
0.002953
0.001600
0.014197
0.103492
0.027348
0.008840
0.060618
-0.099618
-0.042486
-0.045013
-0.099642
-0.020263
0.022958
0.041336
0.034510
0.024887
0.039006
-0.007374
0.028567
0.019858
0.065826
0.032914
-0.005566
0.042055
0.000200
-0.026970
0.024483
0.010350
0.030872
0.025190
-0.004551
0.107709
-0.056174
-0.085028
-0.022347
-0.027863
-0.024878
-0.003425
0.024676
-0.037374
-0.024308
0.135983
0.038568
0.054260
0.082825
0.089724
0.012853
0.114295
0.081628
0.097260
0.025715
-0.019281
0.041202
-0.011432
0.036197
-0.077956
-0.041350
-0.005043
0.013447
-0.038464
-0.028604
-0.024851
0.029291
0.011805
0.015014
-0.033278
-0.004406
0.012787
0.062280
0.045523
0.085665
0.008203
0.007011
0.022044
0.009120
0.046246
-0.030487
-0.004957
0.009321
-0.077223
-0.104418
0.017538
-0.057918
0.082502
0.075542
0.013267
0.008068
-0.060505
-0.039709
0.057590
0.018803
0.001680
0.024731
-0.047968
-0.048257
0.038276
-0.040122
-0.072706
-0.034676
-0.000801
-0.003962
0.037537
0.012200
-0.046885
-0.058563
-0.040373
-0.095617
-0.050679
-0.054612
-0.075969
0.023745
0.104033
0.076479
0.048953
-0.014838
0.083669
0.057731
0.016039
-0.017218
-0.070948
-0.024230
-0.082414
-0.057380
-0.086780
-0.024139
0.053496
0.061451
-0.026558
-0.025525
0.078191
0.050654
0.078353
0.028049
-0.062088
-0.054396
0.005282
0.102987
0.028113
0.007238
0.007970
0.031884
0.018013
0.081072
0.012604
-0.031579
0.016495
0.055861
0.074249
0.047930
0.023022
-0.035946
-0.002756
-0.069076
-0.018305
0.033837
-0.024170
-0.060777
-0.005752
-0.034085
0.041008
0.055951
0.025659
0.021898
-0.067651
0.053578
-0.048313
-0.105269
-0.016729
0.005515
-0.052418
-0.003342
-0.001889
-0.116535
0.028811
-0.010468
-0.039222
0.073514
0.052516
-0.013423
-0.130421
-0.063049
-0.014528
0.056778
0.005643
-0.000530
-0.002913
0.071121
-0.040972
-0.122411
0.038931
0.011328
0.003492
-0.011623
-0.098041
-0.107889
-0.140711
-0.106072
-0.100562
-0.008763
0.011582
-0.032534
0.104434
-0.046444
-0.160595
-0.005957
0.011894
-0.045827
0.059553
0.024224
-0.052011
0.052269
-0.053877
-0.086362
-0.018376
0.066251
-0.001489
0.042728
0.008963
-0.050572
-0.047282
0.011172
-0.039351
0.026868
0.033704
0.013258
0.045311
-0.022325
-0.081451
-0.053931
-0.003513
-0.017103
-0.072044
0.003195
0.069443
-0.064185
-0.103529
-0.049274
-0.022574
0.057855
0.100639
0.051738
0.030851
0.014058
0.013221
0.127902
0.075209
-0.007503
-0.040316
-0.145171
-0.118675
0.010784
0.058533
0.134657
0.206837
0.087087
0.096509
0.111075
-0.031691
0.052069
0.143667
0.187653
0.171075
0.124602
-0.062544
-0.019259
-0.052270
-0.018205
0.040048
0.011121
-0.056265
0.038941
0.083834
0.055014
0.036945
-0.015546
-0.056001
0.030005
0.056839
0.104466
0.016137
0.092651
0.071133
0.078331
0.085970
-0.036761
-0.000658
0.064134
0.089848
0.107539
0.029633
0.023432
-0.020782
0.043631
-0.025876
0.018792
0.072779
0.023322
-0.039060
-0.062299
-0.098454
0.043253
-0.008531
-0.032403
0.079360
0.049606
-0.019232
0.041363
-0.016700
-0.015884
0.032550
0.023418
-0.015341
-0.090337
0.062466
0.075016
-0.037918
-0.063370
-0.127748
-0.072749
-0.013474
-0.011811
-0.032407
-0.063241
-0.018406
0.012479
0.095050
-0.001724
0.011935
0.024229
-0.037370
-0.037901
-0.075810
-0.115667
0.041663
0.098354
-0.017457
-0.004739
0.084519
0.035227
0.117726
0.087648
-0.022814
0.080377
0.038346
-0.009381
0.015566
0.003212
-0.004943
0.087993
0.025406
0.085141
0.108215
0.089643
0.029487
0.054971
0.019665
0.051821
0.029416
0.056565
0.050148
0.001759
0.087176
0.021559
0.085484
0.038032
0.164060
0.116078
-0.022341
-0.043441
-0.011074
-0.062978
-0.083723
0.055871
-0.010786
-0.051924
-0.039959
0.009757
-0.013873
0.013340
0.080638
0.031643
-0.017442
0.036272
0.021903
0.022867
0.013182
-0.058565
-0.030276
0.054769
0.102197
0.030097
0.086610
0.026274
-0.032190
0.067198
-0.031728
-0.028428
0.057677
0.014928
-0.001444
-0.071844
-0.036713
0.035871
-0.033937
-0.015911
0.028204
-0.070921
-0.002892
-0.016317
0.088276
0.019544
0.104800
0.004579
-0.000378
0.050774
0.004263
-0.056230
-0.002447
-0.068692
-0.065061
0.015173
-0.060857
0.015176
0.058814
0.047167
-0.011149
-0.012617
-0.027331
-0.056983
-0.004007
0.012429
-0.092595
0.148277
0.077549
-0.033406
-0.076016
0.030997
-0.002951
0.001848
-0.003601
-0.047336
-0.016208
-0.008593
0.039027
0.104203
0.021976
0.002281
-0.004465
0.025037
0.077460
0.071162
0.069754
-0.028017
-0.068901
-0.104510
0.012890
-0.061345
0.019256
-0.003517
0.109145
0.148817
0.144026
0.009818
-0.015277
-0.013842
-0.030824
0.031428
0.129796
0.028091
0.023529
0.051955
-0.015738
0.046062
0.168559
0.049305
-0.002380
0.021792
0.034213
0.047945
0.102177
0.028305
0.099238
0.084623
0.118810
0.050803
0.035422
0.011852
0.065320
-0.003837
0.058927
0.095044
0.148003
0.090950
0.067677
-0.095320
0.057757
0.132272
0.126826
0.106309
-0.019664
-0.023746
-0.012209
0.041112
0.062917
0.099568
-0.001564
-0.122606
0.015466
0.062552
0.039644
0.069346
-0.009656
-0.022896
0.016271
0.050547
0.089059
0.075534
-0.009299
0.040378
0.127386
0.021983
0.057245
0.016200
0.013807
0.063329
-0.045854
0.036298
0.020918
0.044544
0.040332
0.050338
0.005319
0.004048
-0.023691
-0.050679
0.001851
-0.039903
-0.034472
0.047809
-0.036155
-0.079803
-0.084526
-0.014432
-0.006439
0.034755
0.126827
0.122991
0.060581
0.060267
0.042553
0.023416
0.027167
-0.024975
0.072543
0.086321
0.038840
-0.012695
0.054907
0.086879
0.071299
0.078229
0.000680
0.032904
0.041353
0.074082
-0.001786
-0.027935
-0.072166
0.098983
0.018808
0.089474
0.019978
-0.069967
0.026204
-0.065337
-0.075763
0.049313
-0.003953
-0.016455
0.126080
0.111193
0.088228
0.027699
0.065133
0.075805
-0.016947
0.001521
0.042507
-0.036563
-0.013608
-0.029529
-0.018915
0.048523
0.021045
0.078888
-0.014172
-0.014147
-0.059419
-0.053824
0.066723
0.032060
-0.055195
0.019277
0.068098
-0.041800
-0.015737
-0.045443
-0.007740
-0.085715
-0.006139
0.091976
-0.007639
0.051431
0.017175
-0.044981
-0.202979
-0.087159
0.009728
-0.035192
-0.007702
0.084524
0.060893
0.091467
0.033337
0.009816
0.039748
0.055760
0.090838
0.049032
0.021607
0.075777
-0.005659
0.031569
0.041091
0.081776
0.036479
0.065629
0.120999
0.094262
0.093668
0.054703
-0.057933
0.072650
0.103445
0.046598
0.060853
0.098974
0.077814
-0.034378
-0.056274
0.019131
-0.006249
0.080513
0.045486
-0.075050
-0.025807
0.025137
0.060131
-0.005476
0.059266
0.103038
0.037801
0.044451
-0.087173
-0.019521
0.013797
-0.047371
0.024680
0.110306
0.060240
-0.041822
0.037937
-0.015060
0.013571
-0.023681
0.039488
0.105138
-0.009797
0.006903
0.102900
-0.132089
-0.126406
-0.013618
0.005796
0.047983
0.099207
-0.014703
-0.018720
0.106492
0.014495
-0.010577
0.025831
-0.047074
-0.060430
-0.029200
-0.017577
0.070114
-0.015283
-0.037705
-0.014674
-0.067613
-0.136172
-0.000791
0.018054
-0.103802
0.089326
-0.037131
0.019521
0.075317
0.027433
0.064924
0.068253
-0.062180
0.037516
0.039555
-0.069743
-0.009693
0.020393
0.049768
0.002789
0.113728
0.169346
0.139911
0.029144
0.126965
0.016400
-0.005200
0.030638
-0.016446
0.020271
-0.065440
-0.058896
-0.022264
-0.068647
-0.086143
-0.046752
-0.055161
-0.015694
0.060395
0.061568
-0.073741
-0.092783
-0.027050
0.002679
-0.004233
-0.071232
0.094100
0.036709
-0.034388
-0.005308
-0.052938
0.007810
-0.010097
-0.017789
0.012774
0.045153
0.005930
-0.045539
-0.012162
0.002645
0.069878
0.091843
0.002007
0.137225
0.073263
0.047983
0.044418
0.105907
0.013189
0.019331
-0.109742
-0.070580
-0.064528
-0.125257
-0.041599
0.032287
0.040177
0.112698
0.033093
0.173032
0.112298
-0.021912
0.074232
-0.046434
0.034135
-0.130727
-0.018415
-0.052624
-0.058785
0.055783
0.131702
0.117412
0.030573
0.004889
-0.023253
0.087750
-0.003264
0.048605
-0.044343
-0.065417
0.060731
0.074508
-0.014198
-0.096048
-0.021236
0.015341
-0.062606
0.022444
0.055544
0.003508
-0.037235
-0.063259
-0.001968
-0.046577
-0.042426
-0.021936
-0.025938
0.006123
-0.063017
0.007708
-0.009243
-0.087087
-0.032460
-0.013807
0.125499
-0.033312
0.067620
0.091758
0.010876
-0.067205
-0.047922
-0.013925
-0.046674
-0.015467
0.058775
0.061369
-0.027748
0.006924
0.024679
0.059215
-0.033436
-0.104577
-0.075459
-0.027627
-0.010807
-0.036141
-0.009002
0.054897
-0.056926
-0.059499
0.093810
-0.087265
-0.090602
0.096610
-0.039348
-0.009816
-0.004494
-0.075349
0.011256
0.023672
0.052198
0.063625
0.064278
0.039508
0.030600
0.053882
0.005506
0.030652
0.035025
-0.070781
-0.011034
-0.026368
-0.053285
0.053223
0.049943
0.057576
0.049165
-0.043294
-0.048903
0.003320
-0.092602
0.043923
0.060513
0.142408
0.076606
-0.072601
0.077493
0.044292
0.051570
0.028131
-0.057814
0.038867
0.018905
0.058317
0.002287
-0.036410
-0.054175
-0.103649
-0.142514
0.085980
0.055469
0.014912
0.085143
-0.006258
-0.038916
0.000645
-0.041516
-0.016407
-0.032211
-0.009612
-0.028120
-0.000540
0.087526
0.064631
0.011204
-0.013951
0.031830
0.003050
-0.017153
0.050701
0.004661
-0.071190
-0.054901
0.021190
-0.017975
-0.001357
0.013342
-0.078973
-0.008287
0.062723
0.144331
0.107264
0.021797
0.035189
-0.035138
0.023877
-0.054748
0.052631
0.182665
0.082174
0.076356
-0.002685
-0.017303
0.128516
0.159714
0.038824
-0.066925
-0.052718
0.002728
-0.018637
0.090525
-0.024019
0.049749
0.006800
-0.051313
0.021956
-0.031255
0.005685
0.019756
-0.025329
0.006786
0.077537
0.010149
0.105702
0.062964
0.007146
0.048896
0.048909
-0.022414
0.089680
0.122678
-0.004453
0.002912
0.007989
0.120490
0.054383
0.007080
0.029103
-0.056183
-0.011902
-0.040634
-0.045840
0.020978
0.034428
0.006973
-0.052705
0.108949
0.039378
-0.005473
0.009381
-0.054699
-0.012486
0.118379
0.035619
0.080391
0.060272
-0.000005
0.001088
0.016689
-0.004562
0.001727
0.059140
0.006850
0.067722
0.080939
0.013400
-0.004104
0.071101
0.025486
-0.038992
0.114926
0.072858
0.157298
0.043518
0.008381
0.017777
0.023700
-0.016924
-0.033373
0.018738
0.065042
0.110874
0.062577
0.015879
-0.020834
0.041101
0.017058
0.051292
0.088147
0.127705
-0.001621
-0.005459
0.049145
-0.003522
0.027600
0.067312
-0.017376
-0.025702
0.022286
-0.027985
0.014057
0.095458
0.011780
-0.033708
-0.011719
-0.007183
0.004398
0.050579
0.008276
-0.036341
0.076953
0.006586
0.002231
0.022241
0.016154
-0.111255
0.037150
0.102358
0.005048
0.051739
0.055829
-0.000230
-0.010663
0.027211
0.002979
0.048683
-0.001731
-0.017759
-0.103047
0.022487
0.117086
-0.084994
0.003764
0.062294
0.020918
0.077947
-0.134967
-0.020813
0.076776
-0.057383
0.020868
-0.021277
-0.070047
0.050940
-0.005014
0.043440
0.068047
0.028590
0.004256
0.056859
0.021143
0.008659
-0.074396
0.047557
0.054172
-0.000059
0.098718
0.000830
0.005299
0.141620
0.088435
-0.019474
0.097564
-0.010059
-0.021498
-0.034197
-0.014173
0.014832
-0.094988
-0.054407
-0.117422
0.018467
-0.005055
0.031296
-0.020563
0.041356
0.020316
0.002140
0.062481
0.076630
0.030879
0.023646
0.037699
-0.030973
0.050461
0.012033
-0.126126
-0.045700
-0.017868
-0.059863
-0.005379
-0.097496
-0.063288
-0.055302
-0.033136
0.009009
-0.033666
0.088563
0.040954
0.091820
0.094693
0.131559
0.060100
0.045351
-0.009413
-0.039615
0.036401
-0.009514
-0.033746
-0.085476
-0.019795
0.013007
0.126147
0.183694
0.037444
0.042579
0.054396
0.048114
-0.020110
-0.019287
0.004818
0.012252
0.067798
-0.031217
0.034650
0.021398
0.063111
0.094002
0.110610
0.114652
0.070475
-0.012824
-0.023535
0.057149
-0.006540
0.084325
0.041027
-0.084190
-0.020646
-0.004955
-0.133779
-0.040056
-0.037965
-0.022255
0.023431
0.001910
0.010823
0.006726
-0.008463
-0.039643
-0.046354
0.133986
0.148028
0.002050
-0.032965
0.040645
0.036718
-0.042636
0.032576
0.017060
-0.028876
-0.062227
0.004646
0.066136
0.046113
0.043946
0.099246
-0.020210
-0.020705
-0.006556
0.059773
0.009727
0.008656
0.005495
0.016476
0.058326
-0.015060
0.019650
0.014578
0.004804
-0.023969
0.004931
-0.057456
0.025242
-0.046433
-0.053641
0.070368
0.015899
0.040492
0.039722
-0.023273
0.180261
0.118031
-0.000793
0.007941
-0.077616
-0.107163
0.009217
0.055141
-0.059895
-0.052382
0.060080
0.038871
0.024572
-0.038083
-0.068747
-0.027364
-0.003154
0.100603
0.108002
0.101314
0.084860
-0.077701
-0.120397
-0.007685
0.022537
0.040898
0.054676
0.072635
0.100556
0.063379
0.105897
0.109082
0.030465
-0.007997
-0.039821
-0.004304
-0.039171
0.001427
0.022756
0.027516
0.007668
0.016364
-0.011048
-0.027865
0.000746
0.012735
-0.004690
0.125456
0.214063
0.078928
0.054632
-0.019832
-0.115601
0.040979
0.056703
-0.043482
-0.046871
-0.033866
-0.007885
-0.009084
0.015541
0.066817
0.101013
-0.029349
-0.032403
-0.005820
-0.059656
0.058522
0.085047
0.009647
0.035395
-0.025628
-0.020555
-0.017535
-0.019127
-0.072199
0.001121
0.052430
-0.068282
0.044568
0.012259
0.061645
-0.002295
0.018334
0.034184
-0.036630
0.064123
0.106311
-0.013475
-0.023130
0.034416
0.013342
0.017892
0.062634
0.005989
-0.025042
-0.096445
-0.019948
0.061385
0.087018
0.041841
0.070456
0.083483
0.006651
-0.004472
-0.018899
-0.015366
0.011343
0.008398
0.039361
0.088640
0.032975
0.100445
0.114053
-0.046686
-0.008198
-0.052166
-0.082422
-0.013743
0.080358
0.032715
0.084700
0.069120
0.008458
0.046370
0.094458
0.023715
0.032945
0.012722
0.046913
0.156822
0.060409
0.058933
0.088663
-0.019699
-0.070050
-0.059981
0.036543
0.065580
0.015957
0.040346
-0.032109
-0.012841
0.063819
0.009086
-0.067398
-0.032256
0.005749
-0.047226
-0.022936
-0.059990
-0.064851
-0.071163
0.033873
0.105159
0.016518
-0.005667
-0.005807
0.035096
0.051674
0.042985
0.066030
-0.022993
0.006208
-0.045741
-0.023401
-0.027413
0.046315
0.036434
-0.013262
0.091036
0.080943
0.104440
0.022132
-0.010395
0.029329
0.025001
0.055025
0.045220
-0.004214
0.013019
0.034391
0.008514
0.008210
-0.014328
0.085436
0.004035
-0.036742
-0.062776
0.015652
0.056798
0.060148
0.024288
0.078081
0.047799
-0.009988
0.079370
-0.037272
-0.025277
0.078856
0.101226
0.119243
0.003300
0.063325
0.034366
0.048468
-0.046655
-0.133527
-0.084264
0.018322
0.034266
0.047138
0.028132
0.012154
-0.050428
-0.044379
-0.052343
-0.004978
0.042104
0.078407
0.158219
0.116423
0.079384
0.094290
0.065604
-0.003013
-0.055735
0.048854
0.068142
0.102295
0.047349
-0.036895
0.048553
0.013194
-0.103019
-0.041783
-0.069969
0.003256
0.055446
0.050385
0.051426
-0.055833
0.034462
0.057408
-0.016237
0.095881
-0.012239
-0.023120
0.073214
0.074652
-0.000473
-0.003657
0.074161
-0.013822
-0.040732
-0.037626
0.055516
0.069294
-0.022192
-0.000642
0.071088
0.015300
0.098569
0.073849
0.071147
0.041443
-0.013457
0.112126
0.031648
-0.058742
-0.101262
-0.041530
0.082672
0.122814
0.094254
0.114581
0.086845
-0.015079
-0.040463
-0.162043
0.054027
0.068252
0.078370
0.044905
0.045926
0.036206
-0.046526
0.023312
-0.034104
-0.019984
0.095114
0.011355
0.129115
0.066127
-0.012568
-0.048523
-0.094079
-0.015499
0.056636
-0.022342
-0.039214
0.024392
0.049610
-0.004349
0.030491
-0.001179
-0.009283
-0.017596
-0.096372
-0.078740
0.075787
-0.019057
0.052204
0.004638
0.057512
0.063253
-0.003118
-0.001437
0.043457
0.092555
-0.000105
-0.001786
0.008803
0.058366
0.087074
0.008334
-0.027025
-0.073082
-0.007272
-0.034922
-0.025240
-0.058811
-0.046704
-0.004794
0.048966
0.051648
0.152319
0.131669
0.132979
0.161021
0.073613
0.136728
-0.025029
0.028365
-0.002712
-0.008822
0.140865
0.070924
0.018895
0.053255
-0.061841
-0.039011
0.008554
0.003401
0.086251
0.059380
-0.014089
0.064756
-0.020141
0.050906
0.016439
0.034090
-0.027894
0.039808
0.047245
-0.030963
-0.001917
0.154599
0.059802
0.028207
0.050386
-0.022333
0.188546
0.156115
-0.047972
-0.012966
0.040542
0.015046
0.023520
0.002793
-0.003647
-0.080139
-0.053873
-0.024382
-0.024714
-0.017824
0.013647
0.010181
0.023762
0.088620
0.104831
0.051594
-0.027680
-0.003596
0.036439
0.017474
-0.052781
-0.038646
-0.043469
0.007760
0.074556
0.026244
0.137284
0.082006
0.044204
0.136713
0.009128
0.084716
-0.066698
-0.047584
0.077021
0.148568
0.148117
0.021046
0.002974
-0.020411
0.053401
0.044597
0.003494
-0.036544
0.007683
0.059830
0.024315
0.032855
-0.060096
0.023521
0.107239
0.090106
0.161797
0.075122
0.063346
-0.018419
0.074392
0.139416
0.043350
-0.016702
-0.079203
-0.023803
-0.056273
0.013101
-0.010620
-0.088537
-0.069350
0.030548
-0.007570
-0.076758
0.025575
0.008174
-0.139767
-0.129349
-0.115615
0.046231
0.043799
0.070171
0.053410
0.070432
0.106549
-0.006041
0.090787
0.060484
-0.152842
-0.024376
0.031807
0.098186
0.061946
0.069921
0.069452
-0.023295
-0.007295
0.086246
0.092728
0.032914
0.092830
0.079410
-0.000127
0.018208
0.073457
0.102869
-0.054840
0.033739
0.032228
-0.068770
-0.028493
0.048395
-0.026072
-0.001752
0.038746
-0.011801
0.119556
0.063858
-0.065533
-0.035616
0.031239
-0.081015
0.059512
-0.027135
0.000791
-0.012696
-0.048009
-0.025226
-0.037223
-0.037696
-0.099030
0.006746
0.036950
-0.023689
0.035594
-0.024475
-0.071978
-0.020305
-0.046381
0.011399
-0.014541
-0.022072
0.056120
0.045305
0.071387
-0.007323
-0.076707
0.059980
-0.019042
-0.008052
0.052703
0.004382
0.038506
-0.052258
0.031159
-0.011754
-0.024175
-0.001600
-0.087523
0.008178
0.020282
-0.017377
0.060498
0.053602
0.102933
-0.024952
0.090220
-0.008114
-0.037979
0.018552
-0.068811
0.009084
-0.016888
0.025591
0.030329
-0.049976
-0.020881
-0.036396
-0.063901
-0.004738
-0.020489
-0.008032
0.038250
0.100722
0.048299
0.054593
-0.067066
-0.042343
-0.123450
0.016165
0.032473
0.000428
0.063620
-0.014859
-0.025598
0.031172
0.046707
0.073528
0.053961
-0.045090
-0.115241
0.079342
-0.079714
-0.078145
-0.040963
-0.043163
-0.034726
0.009738
0.120165
0.109938
0.005446
-0.027369
-0.074959
-0.079015
0.016832
0.099832
-0.047474
-0.056251
-0.056668
0.054904
0.075001
0.072124
0.053515
-0.014114
-0.016306
-0.049626
-0.041219
0.030690
0.011717
0.069146
0.006978
0.083143
-0.007012
-0.024937
-0.011783
-0.000424
-0.001422
-0.007774
-0.020749
0.021658
0.041041
0.049340
-0.026493
-0.033275
-0.002671
-0.013356
0.050596
-0.013816
-0.060149
-0.046410
0.081947
0.002345
0.050639
0.045177
-0.114221
0.009970
-0.086262
-0.047149
-0.026851
0.065929
0.089616
0.045302
0.075065
0.070301
0.105040
-0.000081
0.054310
-0.014054
0.019801
0.110177
0.067972
0.026062
-0.015632
0.029582
0.160762
0.091288
-0.031527
0.142947
0.072140
-0.034253
-0.080289
0.041503
0.044123
0.023544
0.097083
-0.045420
-0.061465
-0.035423
-0.037032
0.059758
-0.059122
0.001480
0.049715
0.046379
0.004633
-0.031015
-0.020143
0.015582
-0.028545
-0.076841
-0.037515
0.004938
0.076835
0.108446
0.080338
0.090290
0.068619
0.048824
0.057577
0.085628
0.072671
0.016899
0.029195
-0.037194
0.004123
0.018587
0.036392
0.047576
0.089860
-0.016146
0.051257
0.011403
0.024922
-0.056512
-0.097934
0.006968
-0.007069
-0.020944
-0.017916
-0.051297
-0.048383
-0.040875
0.030044
-0.009265
0.002209
-0.030852
-0.025240
0.106152
0.061076
-0.024861
0.014316
0.105888
0.085211
0.158368
0.068948
-0.004399
0.026563
0.070641
-0.018668
0.041376
0.030528
-0.032615
-0.042777
0.034163
0.050539
0.034987
-0.008437
0.137840
0.134397
0.073858
0.061113
-0.055930
0.039530
0.020520
0.062086
0.114579
0.120827
0.003715
0.060494
0.022867
0.011336
-0.034262
-0.042541
0.064523
0.080230
0.007129
-0.045579
0.002965
0.026756
0.051149
-0.038703
0.032194
0.018551
0.072386
-0.056627
-0.014477
-0.002963
-0.018584
-0.066231
-0.099775
-0.036095
-0.104828
-0.086920
0.038618
-0.034843
-0.043474
-0.048973
0.019968
-0.075210
-0.021016
0.030205
-0.013058
0.046816
0.034518
0.021506
0.045620
-0.081404
0.035617
0.025335
0.086925
0.041379
-0.036887
-0.007218
-0.075085
-0.026587
0.005360
-0.016470
0.009483
-0.013029
0.047201
0.075643
-0.003988
0.019286
-0.018668
0.079105
0.095213
0.069240
-0.000646
-0.053768
-0.071314
-0.081629
-0.015349
0.032489
0.119228
0.021458
-0.021499
0.115395
0.033132
0.040953
0.008893
0.121185
0.062271
0.016914
0.043889
-0.054992
-0.034225
-0.014508
0.033431
-0.035488
-0.038241
-0.054602
-0.089774
0.092792
0.018049
0.065948
0.063380
-0.040502
0.009060
0.003329
-0.003971
-0.015152
0.013842
-0.040798
0.030092
0.063706
0.022462
-0.024596
0.035738
0.016021
0.065776
0.001624
-0.006084
0.007359
-0.028626
-0.003978
0.023011
-0.111389
-0.009085
0.008988
-0.067794
-0.049761
0.003005
-0.019389
0.053303
-0.010554
0.046372
-0.001268
-0.011265
0.044665
-0.068200
-0.042905
0.042964
0.030984
0.032484
0.024209
-0.013261
-0.034965
0.016894
-0.048997
0.126077
0.154464
-0.016902
-0.001770
0.042554
0.097458
0.067579
0.037125
0.058381
-0.072746
0.045013
0.036577
0.032619
0.086886
0.068385
0.041054
-0.014755
0.062054
0.064643
-0.034975
-0.086971
0.030656
-0.053587
0.012646
0.074892
-0.008095
0.061099
-0.015042
0.017064
0.151495
0.196297
0.076695
0.055290
0.073711
0.019813
0.093845
-0.068795
0.020583
-0.013726
0.005091
0.079830
0.016792
-0.033047
0.019704
0.043014
0.019718
-0.022852
0.022568
0.072323
0.074131
0.002147
0.016079
0.029210
-0.017825
0.071348
-0.094474
-0.050680
0.106343
-0.014829
-0.005785
0.103022
-0.038940
-0.006882
0.040972
0.061150
0.047633
-0.037119
-0.003995
0.066453
0.007963
0.020792
-0.049601
-0.016907
-0.011373
0.038056
0.049883
-0.037038
0.100628
0.024731
0.006391
0.036380
-0.067762
-0.033927
-0.035971
-0.046742
-0.075125
-0.103116
0.028711
0.024972
-0.012157
0.006954
0.036260
0.117754
0.121951
0.024764
0.076219
0.038511
-0.094862
0.006848
0.057714
0.035476
0.037882
0.078255
0.069288
0.083317
-0.004216
0.058934
0.062792
0.065149
0.117402
0.036507
0.064304
0.047522
0.099414
0.100767
-0.042345
0.018775
0.023684
-0.036336
0.046796
-0.000113
-0.040229
-0.019150
0.008406
0.091869
0.046556
0.055339
0.129109
-0.002947
0.048514
0.066224
0.016146
-0.045557
0.094007
-0.028305
0.010614
0.050777
0.063215
0.058298
0.013086
0.063853
0.149676
0.015089
0.083707
0.041797
-0.011165
0.093300
0.037223
-0.107106
-0.042602
-0.036496
0.061897
0.081071
0.080563
0.064568
0.049116
0.118498
0.047992
-0.023881
0.089505
0.073362
0.067116
0.066501
0.061968
0.081205
-0.002756
-0.043005
-0.011233
-0.025429
-0.004689
0.111785
0.039697
-0.021424
0.041684
0.060126
0.038880
0.095806
0.054565
-0.044590
0.041099
0.104444
-0.027731
-0.045653
-0.000736
0.059925
0.080302
0.009422
0.023417
0.049511
0.020102
0.004273
0.095472
0.031574
0.071564
0.120280
0.038420
0.032820
-0.025117
0.010410
0.022430
0.014089
0.005409
0.078735
0.042913
0.062045
0.020090
0.045724
0.140080
0.057533
0.089377
0.028508
0.040622
-0.016769
0.068283
-0.006701
0.069351
-0.016238
-0.075220
0.046148
-0.007591
0.000300
-0.053653
0.042640
0.017060
0.035229
0.107227
0.036487
0.023919
0.094237
0.007291
-0.060783
-0.007447
-0.063690
-0.128396
0.015087
-0.038541
-0.089770
-0.024204
-0.019624
0.007163
-0.069882
-0.043886
0.004850
0.066244
0.086661
0.021340
0.051000
0.006660
-0.007136
0.092109
0.049559
0.015182
0.030326
0.026069
0.118239
0.092265
0.138983
0.007740
0.040530
0.020754
-0.012753
0.050096
0.021841
0.014264
0.059210
0.003624
0.007836
0.038065
-0.022915
-0.061182
-0.064839
-0.037116
0.016448
-0.055290
-0.003966
0.037547
0.060078
0.119435
0.094234
0.032529
0.025921
0.026128
0.093477
0.034283
0.067636
-0.003780
0.051273
0.126127
0.081540
-0.063499
-0.026706
-0.002612
-0.000182
0.096023
-0.040269
-0.080545
-0.044363
-0.041920
-0.026023
-0.016425
0.045408
0.016307
-0.012540
0.011824
-0.003685
-0.027106
0.170180
0.024027
0.089697
0.085366
-0.012529
-0.041642
-0.044245
-0.015652
-0.030259
0.018897
0.080332
0.058350
0.045898
0.073607
0.044990
0.034048
0.030124
-0.046884
-0.051639
0.032824
0.030119
0.089320
-0.076299
0.054503
0.043490
-0.062796
0.025443
0.043832
-0.095719
-0.092925
-0.034447
0.100927
0.059636
0.086183
0.176071
0.070475
0.006882
0.077311
0.033297
-0.006127
-0.013100
0.003194
-0.014374
-0.014146
-0.044090
0.015777
-0.073085
0.054232
-0.016834
-0.052581
0.024605
0.059178
-0.041743
-0.095914
0.012653
0.036844
0.061402
-0.008133
0.054172
0.025649
0.052357
0.073201
-0.007146
-0.004398
0.020566
-0.053909
-0.027576
0.103421
-0.070666
-0.008006
-0.061369
0.099136
0.073052
0.035418
-0.033357
-0.027696
0.049834
-0.111767
0.009703
0.020754
0.079999
0.019932
-0.030512
-0.005250
-0.021710
-0.080845
-0.015330
0.032503
-0.004290
0.041767
0.092124
0.071739
0.075491
0.104139
0.022132
0.009966
0.087095
0.003605
0.026861
-0.007040
0.124927
0.111685
0.067269
0.004803
0.038885
-0.031017
0.003232
-0.021982
-0.110870
-0.050820
-0.071772
-0.058778
-0.002964
0.067791
-0.011474
-0.099441
-0.050312
-0.006223
0.084453
0.070387
-0.024321
0.098583
0.030666
0.000646
0.112355
0.040015
-0.061190
0.003310
-0.083273
-0.017883
0.017689
-0.098190
-0.091996
0.034492
0.038877
0.003572
0.024749
0.003622
-0.052278
-0.046241
-0.024606
-0.025437
-0.020082
-0.032909
0.078866
0.112268
0.031296
-0.037008
-0.034759
-0.062789
-0.022563
-0.054539
-0.073252
0.038933
-0.066490
-0.036614
-0.068408
-0.121431
0.001674
0.057740
0.034465
-0.071975
0.020417
-0.125009
-0.000842
0.112358
0.102127
0.070935
0.070356
0.075107
0.118435
0.098511
0.028910
0.017968
-0.080403
-0.032441
-0.038533
0.046175
0.049871
0.125400
0.083341
-0.097445
0.061286
0.076515
-0.018936
0.029101
0.067951
-0.023860
-0.004658
0.062981
0.124118
0.053795
-0.025284
0.011247
-0.088699
0.064742
0.058502
0.049938
0.086350
0.000669
-0.046189
-0.051978
-0.120875
-0.067505
-0.127355
-0.001495
0.051085
0.072093
-0.028396
0.065630
0.070699
-0.071457
-0.049798
-0.012522
-0.013601
-0.077909
-0.116298
-0.091222
0.073999
0.034198
0.014072
0.027184
-0.077284
0.066047
-0.001879
0.024328
-0.000448
-0.079144
0.003339
-0.015079
0.029231
-0.038309
-0.003121
-0.041195
-0.012798
0.031416
-0.027351
0.067434
-0.052207
-0.002260
0.016434
-0.052272
0.036272
-0.009587
0.001896
0.127577
0.042593
0.038467
0.018899
-0.083569
-0.113139
-0.056667
-0.080083
0.028787
0.047756
0.078762
0.130869
-0.050559
0.004356
0.012808
0.007166
0.048117
-0.060117
-0.070213
-0.052690
-0.048979
0.003057
0.094788
-0.027266
-0.030782
-0.009766
-0.056631
-0.063527
0.023485
0.080410
-0.075258
-0.164488
-0.035588
-0.069605
0.040355
0.009518
-0.002237
0.024323
0.107215
0.114597
0.052999
0.005070
-0.001127
0.019307
0.018788
-0.030406
-0.018612
0.034156
0.034867
0.156299
0.112330
0.092354
0.002674
-0.048145
0.024755
0.052871
-0.000979
-0.008168
0.054845
0.051084
0.036351
0.054325
0.042363
0.034514
0.017114
-0.014348
0.062525
-0.024538
-0.045142
-0.021460
-0.038001
0.096272
-0.035519
-0.087591
0.022965
0.150629
0.036743
0.103950
0.050618
-0.045579
0.038150
0.105963
0.001421
-0.068026
0.041452
-0.006506
0.094236
0.036208
-0.006049
0.020133
-0.043220
-0.007450
-0.067068
0.056867
0.012041
-0.043885
0.017827
0.067601
0.091440
0.054013
0.031050
0.022568
-0.000666
-0.032561
0.115579
0.045342
-0.016627
0.041508
0.015602
0.014813
0.048600
0.091271
0.056789
0.040811
0.042882
-0.104122
-0.080226
-0.022563
-0.017857
0.052915
-0.072917
-0.074998
0.038366
-0.027006
0.059747
0.000750
0.024605
0.041607
0.027360
-0.014852
0.048063
-0.002485
0.010935
-0.002309
0.004058
-0.006090
0.042912
0.041362
0.029064
0.000184
0.082406
0.031435
-0.003478
0.004182
-0.033900
0.004339
0.010395
-0.056385
-0.089697
-0.017798
0.013580
0.063139
0.025507
0.016032
-0.039993
-0.064887
-0.047519
-0.062962
0.038279
-0.102631
0.008264
0.134531
0.069494
0.134647
-0.001207
0.029046
0.072009
-0.063711
0.032543
0.085648
-0.013905
0.022374
0.190600
0.071792
-0.009515
-0.054863
-0.013744
-0.044688
-0.046207
-0.081294
-0.044468
0.041466
0.031354
-0.005701
-0.135302
0.007003
-0.022353
-0.018250
0.115683
-0.009312
-0.064900
-0.004720
-0.014227
0.001410
0.061332
-0.029936
-0.035953
0.069982
-0.035429
-0.019990
0.039651
-0.039659
0.048965
0.094260
-0.004497
0.104248
0.149649
0.139376
0.192449
0.136707
0.049742
0.128041
0.081236
-0.021971
0.015314
0.002145
-0.020298
0.108467
0.038718
0.065084
0.056834
0.071301
0.090724
0.018946
0.063501
0.015874
-0.037011
-0.048033
-0.120518
-0.019432
0.021305
0.012483
0.097389
0.068806
-0.008629
0.073903
-0.002381
-0.076399
-0.112183
-0.046861
-0.129153
-0.042550
-0.024514
-0.077790
0.024253
-0.053400
0.017631
-0.069830
-0.056403
0.009550
-0.097117
-0.120124
-0.008874
0.071243
-0.045046
-0.041386
0.103720
0.033537
-0.011285
0.039044
-0.011792
0.061216
-0.010285
0.029688
0.048626
0.088741
0.056164
0.080817
0.087833
0.107072
0.170799
0.006652
0.097243
0.065060
0.103784
0.124170
0.085965
-0.062888
-0.013503
-0.011076
-0.038369
-0.028366
-0.045207
-0.045547
-0.015270
-0.013532
0.028549
-0.039151
-0.100106
0.008156
0.058731
-0.092553
-0.060230
0.036434
0.047958
0.032488
0.014034
0.020297
-0.064533
-0.025566
-0.067748
-0.052987
-0.062292
0.058056
0.112081
0.106695
0.072978
-0.008776
-0.017344
0.033496
0.037099
0.024549
0.001122
0.161740
0.046796
-0.075902
-0.015885
-0.091218
-0.028496
0.021881
-0.041436
0.035401
0.011460
0.055636
0.008561
0.024349
0.000657
-0.062024
0.016728
-0.057842
-0.082029
-0.144592
-0.066209
0.042425
-0.066406
-0.006228
-0.017235
0.023372
0.090650
0.007650
-0.033568
0.058343
0.064562
0.058364
-0.093708
-0.110576
-0.070654
-0.002164
-0.001839
-0.053061
-0.013654
0.097059
0.008624
0.067008
-0.040703
0.065926
0.048032
-0.082238
-0.002975
0.063004
-0.030229
0.007352
0.113624
0.005871
0.023339
0.044218
-0.022737
-0.030680
-0.008048
0.027460
-0.016555
-0.048657
0.060734
-0.016108
0.024589
0.001622
-0.031081
-0.005454
-0.023169
-0.069375
-0.024831
0.028039
0.028548
-0.004624
-0.109542
0.032055
0.066720
0.005682
-0.007417
-0.011723
0.042719
0.089559
0.011400
-0.051106
-0.004376
-0.019601
0.035933
0.025979
-0.073516
0.004252
-0.015545
-0.053330
-0.141818
-0.101779
-0.025447
-0.045526
-0.033172
-0.007016
-0.077857
-0.074771
0.047616
0.055845
-0.067114
-0.091988
-0.009060
0.037567
0.042494
-0.050036
0.027074
-0.010106
-0.022110
-0.027484
-0.030463
0.022179
0.067411
0.020130
-0.053652
-0.016921
0.010481
0.037077
-0.017113
-0.023408
0.016531
0.026229
0.035354
0.087503
0.084010
0.068994
-0.014605
-0.005283
-0.056898
-0.026439
-0.077259
-0.004962
0.045403
-0.035810
-0.003557
0.111653
0.031829
0.064071
0.018763
0.045474
0.101115
-0.109780
-0.055184
0.009928
0.000078
0.056404
0.089879
0.073488
-0.015960
-0.025431
0.094445
0.059739
0.069405
-0.004836
-0.085157
-0.100354
-0.077823
-0.077074
0.017266
-0.091340
-0.079633
0.019908
-0.104143
-0.020546
0.073953
-0.000473
-0.027699
0.070565
0.031430
0.021450
0.025285
-0.059566
0.023776
0.130068
0.033523
-0.005833
-0.131170
-0.099792
0.078891
-0.060824
-0.062560
0.037920
0.019985
0.100703
0.039336
0.066071
0.108651
-0.007553
-0.022085
0.096478
0.027039
0.060981
0.011027
0.108983
0.083283
-0.026979
0.029180
0.049543
0.067493
0.032756
-0.081651
-0.076252
-0.024842
-0.084359
-0.090886
-0.046536
-0.011810
0.031479
0.063873
0.113718
0.090240
0.040464
-0.070061
-0.028901
0.015858
-0.067194
0.008677
-0.040460
-0.007853
-0.045455
-0.068212
-0.067462
-0.076342
0.085816
0.080525
0.084901
0.041226
-0.000876
0.002246
-0.058842
-0.069293
0.069272
0.036385
-0.015906
0.013865
-0.033049
-0.054968
0.025195
0.010417
0.001830
0.059082
0.016638
-0.069894
0.005131
0.051084
-0.027621
0.047669
-0.007786
0.061581
0.012329
0.045000
-0.051207
0.050940
0.042582
0.059874
0.012738
0.046582
0.046076
0.021878
0.037822
-0.018194
-0.024113
-0.048620
-0.015119
-0.078255
-0.063823
-0.077171
-0.044976
-0.041384
0.007804
0.012127
-0.064784
-0.131879
-0.030529
-0.056413
-0.006363
-0.048075
0.010680
0.020500
-0.141241
-0.019783
0.007788
0.060709
0.009723
-0.101612
-0.046387
0.014147
0.065007
0.043082
0.007653
0.026482
0.060257
0.098490
0.084169
0.038665
0.045347
-0.055243
0.068318
0.101095
0.059514
0.022917
0.012128
-0.017444
-0.023419
-0.018383
-0.040427
0.007666
-0.027265
0.018942
-0.005054
0.046090
0.008347
0.004143
0.090170
0.064985
-0.074656
0.010145
0.057371
-0.028296
0.004317
0.049493
0.005684
-0.090646
-0.053764
0.092678
0.068145
0.115416
0.073599
0.072940
-0.007498
0.080303
0.078374
0.069812
0.027791
0.079027
0.030061
0.072202
0.103962
0.006725
-0.093495
-0.001826
-0.059505
-0.073760
0.052426
0.052559
0.061282
0.079619
0.070038
0.107037
0.027238
0.025908
0.037815
0.053054
-0.011618
-0.073272
0.065828
-0.050244
-0.054688
0.060413
-0.070014
-0.036635
-0.056929
-0.082638
-0.054095
-0.002949
0.042544
0.016039
-0.044875
-0.032581
-0.063612
-0.008988
0.086473
-0.042002
0.022208
-0.007947
-0.040381
-0.124383
-0.021625
0.035411
-0.023626
-0.026117
-0.033508
-0.057955
0.011963
0.069636
-0.011448
0.013758
0.015678
0.015542
0.067052
0.012123
-0.056523
0.035768
0.024665
-0.003780
-0.045152
-0.074987
-0.032506
-0.032149
-0.043918
-0.011756
-0.012849
0.014175
0.017270
-0.017292
0.109294
0.154341
0.074655
0.027147
0.003044
0.002720
0.026612
-0.002047
0.006424
0.071202
-0.019082
0.003516
0.017862
-0.024558
0.045486
0.102811
0.023282
0.008221
0.016261
0.032860
0.024478
0.035592
-0.053441
-0.066869
0.033680
-0.113160
-0.054643
-0.047030
0.082382
0.058556
0.099080
0.101752
-0.032225
0.048104
-0.063909
-0.080552
0.014401
-0.010396
-0.065610
-0.094368
0.023050
-0.024379
-0.094605
-0.078443
-0.138111
-0.026996
-0.015477
0.033453
0.148404
0.010313
-0.004165
0.013836
0.028009
0.028098
0.014816
0.073777
-0.012763
0.092835
0.060315
0.079832
0.026220
0.032894
-0.097075
-0.053427
-0.042472
-0.003517
0.033719
0.023846
-0.033340
0.074170
0.047413
0.073402
0.079898
0.012790
0.047897
-0.064790
0.045040
0.118791
-0.025055
0.061700
-0.094265
-0.089350
0.071778
0.010922
0.020599
0.017191
0.010230
0.050418
0.102565
0.157282
0.058811
-0.057850
-0.061911
-0.015068
-0.037460
0.021698
-0.015265
-0.005329
0.144930
0.098503
0.050844
-0.008134
-0.098730
-0.058803
0.023828
0.036320
0.112290
-0.003058
0.007934
0.215201
0.075041
0.004206
0.025310
0.012367
-0.014695
0.088996
0.080903
0.099222
0.162267
0.025717
-0.002590
0.065057
0.049714
-0.016494
-0.064245
-0.124117
-0.049327
0.005526
0.052229
0.004382
0.042634
0.026725
-0.159678
-0.002995
0.009814
-0.025562
0.000149
-0.023649
0.042316
0.098704
-0.039890
-0.038505
0.042422
-0.011275
-0.045484
-0.029357
0.010829
-0.029031
-0.043124
-0.004716
-0.155173
-0.091391
-0.067328
-0.052021
-0.006392
-0.051818
0.028867
-0.001726
-0.132635
-0.126315
-0.130303
0.016193
0.059726
0.051102
0.021982
0.032012
-0.006819
0.153241
0.048486
0.005063
0.111071
-0.059747
0.014026
-0.041472
0.013960
-0.017780
0.007957
0.097120
0.046978
0.038402
0.050397
-0.051875
0.097606
0.040001
0.015935
0.035015
-0.104236
-0.080383
0.062621
-0.041870
-0.024364
-0.055010
-0.023638
0.049949
-0.012391
0.012933
0.080459
-0.029225
0.028385
0.045309
-0.029355
0.033419
0.033689
0.019306
0.094097
0.091073
0.056032
0.085790
0.111182
0.089383
0.047386
0.030795
-0.030427
0.023238
0.055257
-0.021961
0.003403
0.067156
0.069463
0.097585
0.128179
0.087894
0.043004
0.029083
-0.051101
-0.023118
-0.063333
-0.019209
-0.014296
-0.028350
-0.019404
-0.054182
-0.021608
-0.000034
0.022685
-0.020754
-0.044827
-0.021005
0.005416
-0.024558
-0.012140
-0.094046
-0.080768
-0.048721
0.000647
-0.003937
0.052597
-0.022411
-0.021869
0.074095
0.030489
0.039563
0.003629
-0.052857
0.020128
0.059411
0.049363
0.089491
0.012681
-0.006733
0.119296
0.115758
0.067825
0.052625
0.061688
0.017615
0.000898
-0.006740
0.108736
0.061660
0.035893
-0.016313
-0.041166
0.022481
0.020265
0.018432
0.074859
-0.055679
0.042504
0.069760
0.018321
0.089842
0.086572
0.059508
0.122442
0.072872
0.015408
0.033421
0.048397
0.045702
0.018120
0.014928
-0.043631
-0.015196
0.052428
0.097704
0.020096
0.027821
0.073684
-0.096442
-0.056106
0.038394
-0.044931
-0.003667
0.076189
-0.002424
-0.021927
-0.009294
0.096689
0.033171
0.107793
0.089345
0.020122
0.039023
0.011193
0.025590
0.083965
0.097682
0.037810
0.034738
-0.003958
0.006928
-0.104753
0.064061
0.067844
0.086723
0.029648
-0.068312
-0.000951
0.079726
0.074540
0.189905
-0.028135
0.012115
0.022363
0.036054
0.089167
0.064528
0.141740
0.049240
0.051163
0.124591
0.061600
0.060604
-0.021442
-0.009777
-0.070450
0.017070
-0.019362
-0.036863
-0.099459
-0.086157
0.003358
0.038173
-0.091559
0.050771
0.001434
0.075028
-0.079441
-0.017531
-0.059944
-0.097270
0.110331
0.020646
0.044997
0.054659
-0.005275
-0.089334
-0.072282
0.031947
0.031981
-0.035822
0.009600
-0.077705
0.005630
0.082427
0.050855
0.014305
-0.046733
-0.039474
-0.102721
0.050172
0.030692
-0.065326
-0.036604
0.020712
-0.037656
0.006069
0.120417
0.025342
-0.031453
-0.017132
-0.007394
0.091364
-0.004915
-0.065111
0.045874
0.063098
0.099147
0.039944
0.020202
0.058522
-0.007821
0.006868
0.049216
-0.041659
0.046825
-0.058656
0.007473
0.041182
-0.024265
0.004106
0.028937
0.015921
0.049854
0.024886
-0.066359
0.030301
0.077897
-0.083063
-0.076585
-0.018708
0.020569
0.133085
0.070760
-0.008755
-0.040309
-0.015788
-0.021917
0.053606
-0.064633
0.005003
-0.020741
-0.035180
-0.015996
-0.033832
0.082145
-0.057255
-0.030984
0.080207
0.073329
-0.026216
0.038642
-0.064090
0.040419
0.063357
0.010164
-0.010870
0.019169
0.130023
0.058611
0.046369
0.045588
0.090071
0.087273
0.133530
0.116238
0.072150
0.028590
0.099968
0.132975
0.035683
-0.020312
-0.024876
0.050380
0.101535
-0.045130
0.070265
0.049680
0.072187
-0.023828
-0.067904
0.017528
0.025926
0.083593
0.052568
-0.036510
0.101935
-0.033498
-0.017169
-0.025342
-0.015505
-0.075344
-0.069702
-0.053373
0.071495
0.064643
0.097416
-0.000864
-0.087217
-0.003103
-0.037529
0.041454
0.040206
0.016347
-0.027331
0.128430
0.045781
0.073973
0.004470
-0.007916
0.069821
-0.054986
0.030720
0.050185
0.034212
0.069151
0.018509
-0.003184
0.036612
0.002165
0.042572
0.123575
0.065429
-0.051804
-0.019676
0.016981
-0.014318
-0.002136
-0.070788
-0.101295
-0.014724
-0.072446
-0.007305
0.000406
-0.130639
-0.017871
0.047146
-0.035568
0.052101
0.024766
-0.022655
0.039765
0.032399
-0.072659
0.078679
0.012462
0.004308
0.077183
0.034551
0.036188
0.022049
0.020258
0.085435
0.140188
0.159558
0.043214
-0.027470
-0.036539
-0.067863
0.077873
0.038675
0.040726
-0.032126
-0.055862
0.037059
0.051674
0.054498
0.019235
0.119514
0.015845
0.019670
-0.005463
0.092835
-0.041791
-0.005885
0.090089
0.002471
0.058736
0.058921
0.054518
0.097200
-0.028199
0.100657
0.027236
-0.066776
-0.018418
-0.067565
-0.019805
0.023505
0.136241
0.089716
0.067836
0.083289
-0.033051
-0.024536
0.014463
-0.021642
0.064091
0.005086
-0.020887
0.010459
0.061146
0.018012
0.023993
0.017467
-0.010386
-0.004850
-0.106580
-0.027874
0.002225
0.079626
0.006746
0.014967
0.032644
0.005610
0.041809
0.096946
0.056000
-0.013946
-0.012344
0.008344
-0.001009
0.049114
-0.043298
-0.080591
0.025967
-0.027108
0.005607
-0.004800
-0.097321
-0.010794
0.121374
0.064699
-0.015496
-0.047644
0.020710
-0.010591
-0.092011
-0.015392
-0.029008
-0.106686
0.049380
0.067267
-0.083033
0.064254
0.065254
-0.049582
0.004309
-0.023497
-0.053699
0.001088
-0.040947
-0.034224
0.017009
0.000201
0.028956
0.051991
-0.033301
-0.017693
0.004428
0.064441
0.052752
0.072560
0.062655
0.022316
0.004184
-0.098559
-0.105874
-0.009544
0.100645
0.000445
0.051929
-0.006932
-0.091858
-0.046436
-0.097885
-0.007941
0.000332
0.018623
0.067897
-0.051462
-0.011509
-0.014454
-0.047859
0.028442
0.014277
-0.037984
-0.059415
-0.068024
0.021509
-0.028595
0.025243
0.071585
-0.072664
0.043003
0.061035
-0.020700
-0.008129
-0.010495
-0.088287
-0.099535
-0.050690
-0.060532
-0.066730
-0.085232
-0.098567
0.051229
-0.011746
0.050562
0.078796
-0.072743
-0.049413
-0.022584
0.018033
-0.019962
0.027675
-0.015298
0.028356
-0.004765
-0.024698
-0.048707
0.006565
-0.012209
-0.012730
0.020966
-0.000234
-0.091743
-0.112161
-0.107079
-0.073775
0.023211
0.060842
0.080713
0.100911
0.049374
0.022519
0.075122
0.037236
-0.132434
-0.037570
0.026282
-0.037371
0.037328
-0.049037
0.011068
0.080034
0.036873
0.007674
0.012153
-0.061069
0.040100
-0.011570
-0.085008
-0.058563
-0.069997
-0.054165
-0.091815
0.022491
0.026319
0.000461
-0.072286
0.044545
0.058241
-0.079350
0.094599
-0.020062
0.006628
0.052228
-0.002759
0.043411
-0.078127
0.014470
-0.030858
-0.075040
0.049591
0.025745
0.002792
-0.026860
0.124962
0.123466
0.002102
0.000789
-0.019254
-0.123986
-0.051993
-0.047068
-0.045078
-0.013765
0.035446
-0.035246
0.016936
-0.050957
0.001312
0.044922
-0.052255
-0.029516
0.072097
-0.018963
-0.017961
-0.004225
0.020850
0.017478
0.042847
0.058139
0.048572
0.070500
-0.001772
0.001998
0.043012
0.062579
0.031830
0.041378
0.003687
0.098422
0.078210
0.102963
0.166086
-0.000155
0.015792
-0.002598
-0.070317
0.058188
-0.019435
-0.002343
0.049749
0.005069
-0.017130
0.042860
-0.005750
0.114962
0.019556
-0.077668
-0.107705
-0.104178
-0.016612
0.062414
0.048677
0.046007
0.112307
0.074561
0.089567
0.014337
0.032630
0.096515
0.040109
0.129415
0.024440
-0.110261
-0.001450
0.007644
-0.027684
-0.073958
-0.066869
0.012580
0.042013
0.112108
0.038098
0.039993
0.059208
-0.038447
0.029466
0.057284
0.048428
0.052107
0.029135
0.039529
0.022713
-0.031426
-0.078392
-0.046204
-0.012029
0.066560
0.118758
0.048999
0.054357
0.000358
0.030561
0.122399
0.028562
-0.015622
-0.007298
0.072902
0.004226
0.028369
0.129766
0.005411
-0.062458
0.009609
0.003530
0.007131
0.032154
-0.037043
-0.032157
0.009489
-0.053695
-0.040382
-0.022480
-0.094470
-0.034581
0.017314
0.028416
0.033028
-0.032387
0.005681
-0.066763
0.019274
-0.025560
-0.069520
0.018300
-0.017571
-0.100173
0.035142
-0.032559
-0.056235
-0.073245
-0.096125
-0.056795
-0.090057
-0.088641
0.042327
-0.042720
0.071616
0.095804
0.088508
0.025894
0.031531
0.066903
-0.010850
-0.041443
-0.012822
-0.093419
-0.057030
-0.150367
-0.101689
0.022578
-0.056604
0.021231
0.054289
-0.034424
-0.004543
0.089985
-0.020456
-0.034131
-0.059323
-0.074105
-0.033356
-0.089750
-0.126377
0.008808
0.030058
0.031977
-0.039834
0.031218
0.034821
0.056827
0.022954
0.004108
0.047551
0.107795
0.010899
0.070838
0.004366
-0.058576
0.056686
0.043891
0.013974
0.081243
-0.031627
-0.121700
0.015868
-0.048466
0.012104
0.072959
-0.005970
-0.014310
0.005209
0.001453
0.009826
0.010148
0.025004
-0.103583
-0.049304
-0.009911
-0.073213
-0.038889
0.014390
-0.000740
-0.012456
0.004712
0.021566
0.016399
-0.075379
-0.144653
-0.096513
-0.023329
-0.063718
-0.020331
-0.138470
-0.118224
-0.063926
-0.114629
0.058500
0.111416
-0.046275
-0.027150
-0.025328
-0.000156
0.054542
-0.039529
0.052909
-0.016029
0.001207
0.008170
-0.108895
-0.055696
0.041566
0.012216
0.062563
0.032224
0.007195
-0.011087
0.025313
0.097697
-0.013341
-0.070420
0.086031
0.077154
0.001588
0.017377
-0.038970
0.068043
0.075757
0.005447
0.011876
-0.062546
0.002660
0.017596
-0.053904
0.048280
0.076632
0.018336
0.051970
0.090158
0.060976
0.043638
0.054251
0.084964
0.053832
0.062247
0.047086
-0.069259
-0.105338
-0.093556
0.032910
0.102151
0.103298
-0.041554
0.018573
-0.021815
0.029156
-0.057394
0.008986
0.117285
-0.049151
-0.051842
0.006999
-0.057227
-0.007564
0.036080
-0.016279
-0.028326
-0.072131
-0.004657
-0.014580
-0.012565
-0.024650
-0.066675
-0.121676
-0.008877
0.132531
0.012786
0.007702
0.094269
0.073494
0.099648
-0.036613
-0.010687
0.004030
0.018462
0.075585
-0.032005
0.046765
0.106636
0.009845
-0.063521
-0.093204
-0.129647
-0.052903
0.006339
-0.001215
0.091544
-0.039540
-0.104069
0.020739
-0.054155
0.033512
-0.028328
-0.037731
-0.029520
-0.034539
0.019783
