0	45.755515
50	1.646524
100	0.582883
150	0.432868
200	0.164988
250	0.356654
300	0.210371
350	0.230018
400	0.171274
450	0.147118
500	0.286364
550	0.016488
600	0.321968
650	-0.036293
700	0.190878
750	-0.033789
800	0.275145
850	0.151028
900	0.123278
950	0.313049
1000	0.176136
1050	0.060201
1100	-0.014433
1150	0.188180
1200	0.105717
1250	0.052600
1300	-0.005600
1350	0.076036
1400	-0.104859
1450	-0.021478
1500	0.031701
1550	0.278011
1600	0.119915
1650	0.075034
1700	0.124917
1750	0.112540
1800	-0.263585
1850	0.028060
1900	-0.046208
1950	-0.088708
2000	0.042288
2050	0.073278
2100	0.114047
2150	0.088526
2200	-0.000703
2250	0.211182
2300	-0.201736
2350	0.032219
2400	0.217574
2450	0.200266
2500	0.298067
2550	0.169282
2600	-0.175926
2650	-0.027347
2700	0.117808
2750	0.056611
2800	-0.070058
2850	0.056607
2900	0.112824
2950	-0.177780
3000	0.122798
3050	0.217812
3100	-0.021396
3150	0.026874
3200	0.123932
3250	-0.049360
3300	0.090481
3350	0.146221
3400	-0.055114
3450	0.050666
3500	0.064731
3550	-0.106924
3600	0.105481
3650	0.124797
3700	0.198928
3750	0.186262
3800	0.041127
3850	-0.185816
3900	0.078750
3950	0.215087
4000	-0.047521
4050	0.004875
4100	0.108463
4150	0.311072
4200	0.056557
4250	0.086941
4300	-0.072620
4350	-0.174106
4400	0.017836
4450	0.104469
4500	-0.021845
4550	0.219633
4600	0.056288
4650	-0.041519
4700	0.264403
4750	-0.197662
4800	-0.030366
4850	0.058933
4900	0.179995
4950	-0.073046
5000	-0.102367
5050	0.170643
5100	0.074877
5150	0.109975
5200	0.107585
5250	0.136225
5300	0.266020
5350	0.040375
5400	-0.084472
5450	-0.039342
5500	0.119703
5550	0.041643
5600	-0.013329
5650	0.102509
5700	-0.093509
5750	0.047147
5800	-0.035446
5850	0.136815
5900	0.188535
5950	-0.078690
6000	0.002342
6050	0.125648
6100	-0.040258
6150	0.078307
6200	0.131375
6250	-0.037182
6300	0.064937
6350	0.102749
6400	0.039560
6450	-0.100982
6500	-0.040349
6550	0.120467
6600	0.098221
6650	0.298708
6700	0.331835
6750	-0.015518
6800	-0.022817
6850	-0.120162
6900	0.117293
6950	-0.075145
7000	-0.026346
7050	0.015470
7100	0.054445
7150	-0.032180
7200	0.092285
7250	0.011120
7300	-0.114420
7350	-0.176316
7400	-0.007071
7450	0.054658
7500	-0.178713
7550	-0.168670
7600	-0.119537
7650	0.020021
7700	0.127467
7750	-0.072072
7800	0.057817
7850	0.045108
7900	-0.150287
7950	-0.001573
8000	-0.029770
8050	-0.163675
8100	-0.014435
8150	0.079413
8200	0.290575
8250	-0.248618
8300	-0.218333
8350	0.008370
8400	-0.230769
8450	-0.059017
8500	-0.168310
8550	0.025337
8600	0.091903
8650	0.040052
8700	0.206637
8750	0.064314
8800	-0.090593
8850	0.082717
8900	-0.060169
8950	0.031721
9000	0.092458
9050	0.194506
9100	0.110717
9150	0.182041
9200	0.169714
9250	0.117681
9300	-0.069976
9350	0.106407
9400	0.119668
9450	-0.050044
9500	0.096656
9550	-0.114782
9600	-0.161529
9650	-0.143347
9700	0.023241
9750	0.000885
9800	0.005854
9850	-0.040955
9900	-0.122244
9950	-0.215685
10000	-0.031794
10050	-0.102883
10100	-0.136486
10150	0.388181
10200	-0.148754
10250	-0.182760
10300	0.108764
10350	0.126101
10400	0.069426
10450	-0.042491
10500	-0.015415
10550	0.239934
10600	0.238845
10650	0.069362
10700	-0.195637
10750	0.053186
10800	0.094284
10850	-0.258179
10900	0.147120
10950	0.132889
11000	0.094369
11050	0.059773
11100	0.155201
11150	0.144161
11200	-0.104116
11250	-0.168416
11300	0.230210
11350	0.187815
11400	0.066477
11450	0.028805
11500	-0.056218
11550	0.022615
11600	-0.086217
11650	0.340565
11700	0.011759
11750	0.035334
11800	0.109075
11850	0.024034
11900	0.097878
11950	0.301436
12000	-0.038290
12050	0.094267
12100	-0.025598
12150	-0.139049
12200	-0.069572
12250	0.092810
12300	-0.012575
12350	0.071495
12400	0.072606
12450	0.065761
12500	-0.029803
12550	-0.039658
12600	0.293850
12650	0.126769
12700	0.104542
12750	-0.196652
12800	-0.107050
12850	0.098542
12900	0.127263
12950	0.205764
13000	0.109036
13050	0.087598
13100	0.100194
13150	-0.047805
13200	-0.090205
13250	-0.040762
13300	0.110282
13350	0.300918
13400	0.036702
13450	0.068923
13500	0.179832
13550	0.028049
13600	0.084818
13650	0.082173
13700	0.107268
13750	0.142157
13800	0.072200
13850	0.051934
13900	-0.165501
13950	0.291448
14000	0.121378
14050	0.049299
14100	0.192385
14150	-0.082444
14200	-0.016139
14250	-0.097028
14300	-0.185843
14350	0.069503
14400	-0.091219
14450	0.100672
14500	0.051075
14550	0.048481
14600	0.160677
14650	-0.274787
14700	0.150603
14750	0.093895
14800	-0.186141
14850	-0.186512
14900	0.409210
14950	-0.052618
15000	0.273412
15050	0.170904
15100	0.173223
15150	0.094931
15200	-0.051665
15250	0.084120
15300	0.154595
15350	0.076666
15400	0.237905
15450	0.169290
15500	0.004964
15550	0.071907
15600	-0.102743
15650	0.035025
15700	-0.093480
15750	-0.037362
15800	0.058760
15850	0.046503
15900	-0.155589
15950	0.201643
16000	0.044060
16050	0.270149
16100	0.022764
16150	-0.124861
16200	0.040076
16250	0.195807
16300	-0.141782
16350	-0.004918
16400	-0.075696
16450	-0.034544
16500	0.000330
16550	0.031394
16600	0.147742
16650	0.223594
16700	-0.089266
16750	0.179994
16800	0.024803
16850	0.007945
16900	-0.072323
16950	-0.010586
17000	0.040452
17050	0.011242
17100	0.183745
17150	0.057403
17200	0.058251
17250	0.166124
17300	0.064027
17350	0.019025
17400	0.038840
17450	0.112354
17500	-0.025822
17550	-0.012203
17600	0.086891
17650	-0.000359
17700	0.157379
17750	-0.199762
17800	0.170841
17850	0.140425
17900	0.149863
17950	-0.064411
18000	-0.033311
18050	0.025425
18100	0.285175
18150	-0.198797
18200	0.131231
18250	0.072989
18300	0.340357
18350	0.004386
18400	-0.107453
18450	-0.024899
18500	0.151194
18550	0.184393
18600	0.049618
18650	0.091102
18700	-0.007657
18750	0.000550
18800	0.071820
18850	-0.023864
18900	0.168981
18950	0.059584
19000	0.113774
19050	-0.112683
19100	0.001223
19150	-0.026180
19200	0.015663
19250	0.427886
19300	0.105533
19350	0.106329
19400	0.011751
19450	0.086238
19500	0.022040
19550	-0.321751
19600	0.228570
19650	0.146730
19700	0.043068
19750	0.149409
19800	0.022954
19850	-0.132884
19900	0.305267
19950	-0.030295
20000	-0.076452
20050	-0.034831
20100	0.192559
20150	-0.108055
20200	0.130846
20250	-0.134306
20300	0.247794
20350	0.035744
20400	-0.143517
20450	0.002766
20500	-0.108151
20550	0.205911
20600	0.058607
20650	0.232491
20700	0.050249
20750	-0.131669
20800	-0.000127
20850	-0.099907
20900	0.019983
20950	0.145123
21000	-0.100206
21050	0.189266
21100	0.107660
21150	-0.071129
21200	0.117196
21250	0.012862
21300	0.112846
21350	-0.034455
21400	-0.126740
21450	0.110188
21500	-0.080648
21550	0.194026
21600	-0.214380
21650	-0.105164
21700	0.099267
21750	0.153274
21800	0.035336
21850	0.210075
21900	0.134080
21950	0.124741
22000	-0.053033
22050	0.220969
22100	0.134384
22150	0.057114
22200	0.013329
22250	0.104072
22300	0.172872
22350	0.248511
22400	-0.027209
22450	0.066364
22500	-0.101527
22550	0.115458
22600	-0.248675
22650	0.037067
22700	-0.062797
22750	0.412400
22800	-0.063515
22850	0.233954
22900	0.086716
22950	0.012117
23000	-0.057445
23050	0.058103
23100	0.012508
23150	-0.195176
23200	-0.004769
23250	0.136087
23300	-0.022955
23350	0.183575
23400	0.123004
23450	0.006981
23500	-0.131951
23550	0.023922
23600	0.104535
23650	0.035618
23700	0.165238
23750	-0.046910
23800	-0.002924
23850	0.099800
23900	0.100349
23950	0.229924
24000	0.293914
24050	0.102825
24100	0.109218
24150	0.086794
24200	-0.257943
24250	0.042100
24300	0.156085
24350	0.051760
24400	-0.261193
24450	-0.125589
24500	0.106700
24550	0.078956
24600	0.097255
24650	0.085245
24700	0.033528
24750	0.071243
24800	-0.070348
24850	0.061099
24900	0.035203
24950	-0.132820
25000	0.018028
25050	0.119980
25100	-0.024681
25150	-0.103341
25200	0.025626
25250	0.061851
25300	0.031648
25350	-0.054192
25400	-0.291125
25450	-0.127210
25500	0.031506
25550	0.054253
25600	-0.123076
25650	0.027530
25700	-0.036112
25750	-0.050224
25800	-0.033964
25850	-0.067843
25900	0.118926
25950	0.035200
26000	0.198360
26050	-0.109107
26100	0.060582
26150	-0.009587
26200	0.091652
26250	-0.139624
26300	0.125580
26350	0.265512
26400	0.124756
26450	-0.006947
26500	0.156577
26550	-0.049969
26600	0.165535
26650	0.200113
26700	-0.050174
26750	-0.029290
26800	0.047093
26850	0.231931
26900	0.124914
26950	0.023299
27000	0.098052
27050	0.176299
27100	0.150290
27150	0.058249
27200	-0.056000
27250	0.120831
27300	-0.003643
27350	0.121503
27400	-0.180558
27450	-0.145199
27500	0.058904
27550	-0.059518
27600	-0.168787
27650	0.151336
27700	0.164332
27750	0.149117
27800	-0.082867
27850	0.139244
27900	-0.121059
27950	0.131963
28000	0.162912
28050	0.046386
28100	0.106572
28150	0.027350
28200	0.080858
28250	0.080420
28300	0.022451
28350	-0.151054
28400	0.081087
28450	-0.126474
28500	-0.122041
28550	-0.036021
28600	0.174744
28650	0.137895
28700	-0.084258
28750	-0.138316
28800	-0.199731
28850	0.041748
28900	-0.312134
28950	-0.036099
29000	-0.102132
29050	0.079049
29100	-0.015504
29150	0.058026
29200	0.068843
29250	-0.076602
29300	0.017439
29350	-0.107798
29400	-0.375241
29450	0.124184
29500	-0.053627
29550	0.006383
29600	0.157908
29650	0.004630
29700	-0.126470
29750	-0.027676
29800	-0.125067
29850	0.178098
29900	-0.115675
29950	-0.144822
30000	-0.141512
30050	0.179915
30100	-0.057302
30150	0.065133
30200	-0.137140
30250	0.047616
30300	-0.083910
30350	0.029039
30400	-0.136131
30450	0.217779
30500	0.368505
30550	0.056085
30600	0.191410
30650	-0.063778
30700	0.035153
30750	0.227168
30800	0.159715
30850	-0.018504
30900	0.138600
30950	0.267274
31000	-0.097208
31050	0.019787
31100	0.172987
31150	0.001813
31200	0.011089
31250	0.171999
31300	-0.003528
31350	0.215772
31400	0.243034
31450	-0.025348
31500	0.202272
31550	0.149195
31600	0.291387
31650	0.002125
31700	0.140394
31750	0.113628
31800	0.229106
31850	0.173871
31900	-0.143109
31950	-0.231063
32000	0.189200
32050	0.041008
32100	-0.109896
32150	0.114496
32200	0.075086
32250	-0.161579
32300	0.048332
32350	-0.188188
32400	-0.200234
32450	-0.051658
32500	0.171855
32550	0.094351
32600	-0.104229
32650	0.159387
32700	0.275412
32750	0.122092
32800	-0.000163
32850	0.108430
32900	0.093616
32950	-0.027984
33000	-0.024287
33050	-0.117100
33100	-0.063944
33150	0.126362
33200	-0.019881
33250	0.059655
33300	-0.106703
33350	0.013845
33400	-0.025975
33450	-0.198119
33500	-0.081031
33550	0.066887
33600	-0.028504
33650	0.105507
33700	-0.169113
33750	0.154568
33800	-0.072920
33850	0.032942
33900	0.075138
33950	0.098974
34000	-0.137591
34050	-0.061472
34100	0.001752
34150	0.191268
34200	0.058486
34250	-0.099808
34300	0.019055
34350	0.357971
34400	0.159030
34450	0.010728
34500	-0.015163
34550	0.089113
34600	0.033621
34650	0.264536
34700	0.139861
34750	0.166446
34800	-0.067650
34850	-0.072253
34900	-0.096161
34950	0.050611
35000	-0.108835
35050	-0.109012
35100	0.079555
35150	0.153853
35200	0.056139
35250	0.273985
35300	-0.183142
35350	0.050485
35400	-0.149022
35450	-0.067022
35500	0.070573
35550	0.131014
35600	-0.039605
35650	0.010401
35700	-0.226559
35750	0.017629
35800	-0.193137
35850	0.094506
35900	-0.012291
35950	-0.130271
36000	0.217189
36050	0.013394
36100	0.063714
36150	0.026744
36200	0.030733
36250	0.106468
36300	0.238138
36350	-0.015042
36400	0.168366
36450	-0.267867
36500	-0.253152
36550	0.195571
36600	-0.061524
36650	0.016967
36700	-0.112229
36750	0.081746
36800	0.052312
36850	0.044682
36900	0.011775
36950	-0.256700
37000	0.095511
37050	-0.009823
37100	0.085939
37150	0.100112
37200	0.117093
37250	0.034762
37300	0.297546
37350	-0.138362
37400	-0.185350
37450	-0.133206
37500	-0.027360
37550	0.097559
37600	-0.107008
37650	0.032184
37700	0.067105
37750	0.105211
37800	-0.003312
37850	-0.021105
37900	0.063952
37950	-0.204666
38000	0.176761
38050	0.032329
38100	-0.164391
38150	0.113967
38200	0.010045
38250	0.091860
38300	-0.078783
38350	-0.004194
38400	-0.175594
38450	0.119785
38500	-0.125981
38550	0.010772
38600	-0.160154
38650	0.277873
38700	-0.389150
38750	0.080156
38800	-0.028716
38850	0.099805
38900	-0.037171
38950	-0.234107
39000	0.088072
39050	0.220495
39100	0.156370
39150	-0.049549
39200	0.036368
39250	-0.053442
39300	-0.075473
39350	0.018868
39400	-0.111321
39450	-0.035836
39500	0.023821
39550	0.139107
39600	-0.048792
39650	-0.071714
39700	0.106571
39750	0.049632
39800	-0.217900
39850	-0.206925
39900	-0.073987
39950	0.005824
40000	-0.054183
40050	-0.084999
40100	-0.122422
40150	-0.163931
40200	-0.260152
40250	-0.006235
40300	-0.086047
40350	0.036484
40400	0.087699
40450	-0.174653
40500	0.254386
40550	-0.155649
40600	0.087004
40650	0.141168
40700	0.099338
40750	0.242318
40800	0.285426
40850	0.163271
40900	-0.015578
40950	-0.009109
41000	0.200080
41050	0.146790
41100	0.220600
41150	-0.293440
41200	-0.050761
41250	0.057952
41300	-0.050034
41350	0.001958
41400	0.157577
41450	0.129675
41500	0.181912
41550	-0.077447
41600	0.046241
41650	0.261613
41700	0.062174
41750	-0.037191
41800	0.177151
41850	0.069203
41900	0.146884
41950	-0.094238
42000	-0.010090
42050	0.141591
42100	0.128105
42150	-0.220520
42200	0.042933
42250	0.042240
42300	-0.149267
42350	0.094969
42400	-0.043918
42450	-0.071605
42500	0.116623
42550	-0.226825
42600	0.021487
42650	-0.020295
42700	-0.111665
42750	-0.090983
42800	0.148060
42850	-0.099609
42900	0.111765
42950	0.140676
43000	0.118910
43050	0.018801
43100	0.029043
43150	-0.191522
43200	-0.149651
43250	0.154484
43300	-0.054188
43350	-0.044859
43400	0.077829
43450	0.010976
43500	-0.116450
43550	-0.120317
43600	-0.151819
43650	-0.096371
43700	0.177621
43750	-0.088767
43800	0.213364
43850	0.075477
43900	-0.075094
43950	0.340368
44000	-0.005339
44050	0.073729
44100	0.105669
44150	-0.112660
44200	-0.045741
44250	-0.107578
44300	-0.152180
44350	0.038127
44400	-0.023954
44450	0.102043
44500	-0.013791
44550	0.221936
44600	0.008288
44650	-0.110678
44700	0.121048
44750	0.058670
44800	0.021024
44850	0.179874
44900	-0.054430
44950	0.052329
45000	0.139175
45050	-0.232105
45100	-0.247246
45150	-0.005954
45200	-0.078889
45250	-0.133452
45300	-0.084722
45350	0.201296
45400	-0.194386
45450	0.046013
45500	-0.088657
45550	0.082692
45600	0.047462
45650	0.080928
45700	0.071820
45750	-0.152386
45800	0.026982
45850	-0.051922
45900	0.116177
45950	-0.016585
46000	0.246258
46050	0.157067
46100	0.103173
46150	0.062997
46200	-0.117681
46250	-0.025073
46300	-0.451791
46350	-0.144185
46400	0.178911
46450	0.218108
46500	0.001504
46550	-0.021721
46600	0.273794
46650	0.112756
46700	-0.029342
46750	0.129724
46800	0.142961
46850	-0.165889
46900	-0.080705
46950	-0.124448
47000	-0.074193
47050	0.151922
47100	0.053603
47150	-0.110513
47200	0.051760
47250	0.195259
47300	-0.218305
47350	0.159537
47400	-0.030809
47450	-0.027233
47500	-0.101440
47550	0.189816
47600	-0.027944
47650	0.173628
47700	0.232080
47750	-0.041688
47800	0.033106
47850	0.036089
47900	0.074283
47950	0.132975
48000	-0.100292
48050	0.289884
48100	0.139807
48150	0.159430
48200	0.001272
48250	0.134324
48300	-0.036304
48350	-0.079721
48400	-0.262591
48450	-0.240227
48500	0.026626
48550	-0.125694
48600	-0.139293
48650	0.231785
48700	0.007942
48750	0.065856
48800	-0.132781
48850	-0.156719
48900	-0.132585
48950	-0.115851
49000	0.071200
49050	-0.033348
49100	0.247890
49150	0.136844
49200	0.157956
49250	-0.111207
49300	-0.097750
49350	-0.054188
49400	-0.153524
49450	0.037647
49500	-0.000860
49550	-0.112397
49600	-0.146411
49650	-0.154471
49700	-0.110079
49750	0.108224
49800	0.111326
49850	0.141639
49900	0.082552
49950	0.077073
50000	-0.045844
50050	0.166891
50100	-0.003317
50150	0.294936
50200	0.105522
50250	-0.144266
50300	-0.057307
50350	0.226100
50400	0.313049
50450	0.220589
50500	0.133925
50550	0.345829
50600	0.121758
50650	-0.194535
50700	-0.212078
50750	-0.031162
50800	-0.039048
50850	-0.165137
50900	-0.097082
50950	-0.016435
51000	-0.011218
51050	0.082833
51100	-0.000212
51150	-0.021153
51200	-0.083899
51250	0.061101
51300	-0.049535
51350	-0.183053
51400	-0.038491
51450	0.060744
51500	0.128333
51550	0.008852
51600	0.133959
51650	-0.059635
51700	0.075488
51750	0.139535
51800	0.079751
51850	-0.087565
51900	0.029752
51950	0.056757
52000	0.086867
52050	0.108626
52100	-0.145175
52150	0.210487
52200	0.124884
52250	-0.017069
52300	0.088365
52350	-0.024375
52400	0.022365
52450	0.133200
52500	0.123632
52550	0.104862
52600	0.064360
52650	0.087706
52700	-0.179886
52750	0.110169
52800	0.015446
52850	0.152567
52900	-0.045208
52950	-0.096701
53000	-0.229814
53050	0.310550
53100	0.081981
53150	0.007246
53200	0.189794
53250	0.065342
53300	0.045380
53350	0.145695
53400	0.195773
53450	0.016731
53500	-0.207041
53550	0.314770
53600	-0.050730
53650	0.181410
53700	0.068268
53750	-0.024949
53800	-0.230274
53850	0.076872
53900	-0.024406
53950	0.058390
54000	-0.068831
54050	0.043681
54100	0.139408
54150	0.047102
54200	0.030219
54250	-0.151149
54300	-0.021384
54350	0.076500
54400	-0.250087
54450	-0.166743
54500	-0.127633
54550	0.153543
54600	0.031308
54650	-0.136045
54700	-0.017162
54750	0.121962
54800	0.019956
54850	-0.047058
54900	0.052831
54950	-0.044051
55000	-0.020500
55050	-0.032408
55100	0.046092
55150	-0.214567
55200	-0.133651
55250	-0.040039
55300	-0.064963
55350	-0.249350
55400	-0.164158
55450	-0.075121
55500	0.035720
55550	-0.103743
55600	-0.125700
55650	0.025661
55700	-0.003324
55750	0.104026
55800	0.051419
55850	0.123784
55900	-0.031112
55950	-0.008001
56000	0.117304
56050	-0.009959
56100	-0.138421
56150	0.092403
56200	-0.090440
56250	-0.039557
56300	-0.145369
56350	-0.249779
56400	-0.023336
56450	0.136735
56500	-0.110429
56550	0.172575
56600	0.196292
56650	-0.046161
56700	-0.193510
56750	0.068734
56800	0.067367
56850	0.022933
56900	0.044715
56950	-0.121038
57000	0.239183
57050	0.004669
57100	0.179406
57150	-0.134612
57200	0.176042
57250	0.119904
57300	0.069437
57350	-0.045440
57400	0.104979
57450	0.026286
57500	-0.012893
57550	-0.054571
57600	-0.150897
57650	-0.050920
57700	0.156903
57750	0.268893
57800	0.134078
57850	0.004279
57900	0.033610
57950	0.152798
58000	0.130970
58050	-0.272978
58100	-0.000215
58150	-0.062535
58200	-0.213705
58250	-0.046371
58300	0.019737
58350	-0.258314
58400	-0.094025
58450	0.212868
58500	0.002614
58550	0.083707
58600	0.038885
58650	0.114847
58700	0.141909
58750	-0.114464
58800	0.131140
58850	0.030357
58900	-0.049261
58950	0.018134
59000	0.276416
59050	-0.247990
59100	0.114376
59150	-0.113224
59200	0.117861
59250	0.209051
59300	0.015134
59350	-0.096612
59400	0.160723
59450	0.173968
59500	0.104221
59550	-0.069909
59600	-0.063328
59650	-0.116853
59700	0.137458
59750	0.216867
59800	0.083666
59850	-0.001142
59900	-0.088156
59950	-0.101223
60000	-0.124940
60050	0.002698
60100	-0.008631
60150	0.229706
60200	0.212089
60250	0.061149
60300	0.070056
60350	-0.111173
60400	-0.052125
60450	-0.054783
60500	0.046162
60550	0.090447
60600	-0.006683
60650	0.065763
60700	0.049264
60750	0.021939
60800	-0.076056
60850	0.103133
60900	0.080328
60950	0.071633
61000	-0.049906
61050	-0.207041
61100	-0.152202
61150	0.390093
61200	-0.188716
61250	-0.155696
61300	0.256679
61350	0.156500
61400	0.139616
61450	0.256209
61500	0.207543
61550	0.074625
61600	0.038213
61650	0.024252
61700	-0.101484
61750	0.052587
61800	0.017676
61850	0.365114
61900	0.035904
61950	-0.097888
62000	0.026424
62050	0.123610
62100	0.160499
62150	0.050781
62200	-0.050348
62250	-0.266515
62300	0.058660
62350	0.048036
62400	0.065927
62450	0.105978
62500	0.083124
62550	0.110817
62600	0.108840
62650	0.084225
62700	0.205298
62750	-0.071410
62800	0.228321
62850	0.031822
62900	-0.151538
62950	-0.184766
63000	0.065066
63050	-0.030891
63100	-0.045004
63150	0.027483
63200	-0.069547
63250	-0.032677
63300	0.037378
63350	0.007750
63400	0.053043
63450	-0.208976
63500	-0.014534
63550	0.171213
63600	-0.122938
63650	-0.134824
63700	0.035319
63750	-0.013078
63800	0.087504
63850	0.169551
63900	-0.038521
63950	-0.183020
64000	-0.149258
64050	0.204454
64100	0.018708
64150	-0.034725
64200	0.045728
64250	-0.126018
64300	-0.061653
64350	0.218480
64400	-0.171427
64450	0.181839
64500	0.170093
64550	0.158079
64600	-0.057691
64650	0.043669
64700	0.073093
64750	-0.028303
64800	0.049881
64850	-0.090289
64900	-0.104939
64950	0.087376
65000	0.079379
65050	-0.119215
65100	-0.162314
65150	-0.106754
65200	0.089999
65250	0.125450
65300	-0.184617
65350	0.125656
65400	0.142921
65450	0.081759
65500	0.176068
65550	-0.165087
65600	0.125362
65650	0.062566
65700	-0.082476
65750	-0.126491
65800	-0.107464
65850	0.061039
65900	-0.127388
65950	0.061554
66000	-0.139798
66050	0.042314
66100	0.119762
66150	0.020887
66200	0.206147
66250	-0.015649
66300	0.075275
66350	-0.234925
66400	-0.185512
66450	0.036602
66500	-0.266422
66550	0.045439
66600	0.106592
66650	-0.209137
66700	0.168942
66750	0.036807
66800	0.005752
66850	0.121821
66900	0.037197
66950	-0.081302
67000	0.027825
67050	0.169932
67100	0.075634
67150	0.126771
67200	0.143406
67250	0.087201
67300	-0.038944
67350	-0.053986
67400	-0.178319
67450	-0.072019
67500	0.164782
67550	0.040319
67600	-0.018328
67650	0.228291
67700	0.035912
67750	-0.064486
67800	0.156204
67850	0.172291
67900	0.013112
67950	0.021523
68000	0.162472
68050	0.054265
68100	0.053034
68150	-0.028486
68200	-0.193902
68250	-0.103224
68300	-0.061284
68350	0.197063
68400	0.205408
68450	0.272876
68500	-0.027565
68550	-0.112104
68600	-0.035147
68650	0.358902
68700	-0.102423
68750	-0.027416
68800	0.008493
68850	0.095278
68900	-0.091443
68950	0.064704
69000	0.100918
69050	0.124431
69100	0.153648
69150	0.214170
69200	0.025973
69250	0.414032
69300	-0.196938
69350	-0.220129
69400	-0.218807
69450	0.292590
69500	0.049553
69550	0.001599
69600	-0.126516
69650	-0.091147
69700	-0.032720
69750	0.069873
69800	-0.114421
69850	-0.082652
69900	-0.293862
69950	-0.125319
70000	-0.080330
70050	0.076000
70100	-0.344548
70150	-0.158227
70200	-0.293409
70250	0.367034
70300	-0.006506
70350	0.051921
70400	-0.003606
70450	0.088792
70500	0.060305
70550	0.006958
70600	0.066176
70650	0.009090
70700	0.057221
70750	0.263586
70800	-0.107171
70850	0.192772
70900	-0.158690
70950	0.021147
71000	-0.191427
71050	-0.095231
71100	0.053805
71150	-0.009642
71200	-0.111038
71250	-0.301155
71300	0.187066
71350	0.173979
71400	0.229031
71450	-0.113946
71500	-0.060729
71550	0.202385
71600	-0.136946
71650	0.290183
71700	0.009138
71750	0.231385
71800	-0.028910
71850	-0.054980
71900	0.016067
71950	-0.105545
72000	-0.126494
72050	-0.051356
72100	0.205677
72150	0.015303
72200	-0.055816
72250	0.149582
72300	0.057359
72350	-0.066344
72400	0.155643
72450	-0.137120
72500	0.073242
72550	0.135170
72600	0.078124
72650	-0.034853
72700	0.122552
72750	0.007438
72800	0.197637
72850	0.041054
72900	-0.024405
72950	-0.047967
73000	0.023765
73050	0.055130
73100	0.129627
73150	0.278370
73200	-0.057432
73250	-0.005669
73300	-0.059827
73350	-0.163676
73400	0.263541
73450	-0.235652
73500	-0.243664
73550	0.061094
73600	-0.029373
73650	-0.119841
73700	-0.133684
73750	0.117368
73800	-0.117278
73850	0.123504
73900	-0.111073
73950	-0.044289
74000	0.377973
74050	0.088169
74100	-0.029878
74150	-0.090318
74200	0.098159
74250	-0.099322
74300	-0.062799
74350	0.114093
74400	-0.083118
74450	-0.006174
74500	0.114002
74550	-0.000334
74600	0.029659
74650	-0.096111
74700	-0.281939
74750	0.014413
74800	0.180886
74850	-0.092633
74900	0.246080
74950	0.198372
75000	0.217457
75050	0.124780
75100	0.135959
75150	0.065031
75200	0.296964
75250	-0.225309
75300	0.027867
75350	-0.218884
75400	0.081879
75450	0.157471
75500	0.046118
75550	-0.054513
75600	0.067482
75650	0.234911
75700	-0.024994
75750	-0.040739
75800	0.022548
75850	0.105668
75900	0.011373
75950	0.017003
76000	-0.027122
76050	-0.162730
76100	-0.032683
76150	0.064868
76200	-0.014736
76250	0.076809
76300	0.103075
76350	0.005411
76400	0.045270
76450	0.029041
76500	0.128941
76550	-0.180241
76600	-0.097463
76650	-0.002529
76700	-0.261214
76750	-0.201747
76800	0.225330
76850	0.104704
76900	0.031013
76950	-0.082854
77000	0.057815
77050	-0.021944
77100	0.065235
77150	-0.033671
77200	-0.074402
77250	0.235194
77300	-0.059143
77350	-0.127958
77400	-0.162935
77450	0.230767
77500	0.094179
77550	0.102607
77600	-0.047727
77650	-0.229431
77700	0.243353
77750	0.036729
77800	0.100985
77850	-0.133914
77900	0.147140
77950	-0.071519
78000	-0.000024
78050	0.002293
78100	-0.094602
78150	0.088358
78200	0.206185
78250	0.163629
78300	0.063155
78350	0.249158
78400	0.023093
78450	-0.027249
78500	0.041366
78550	-0.021991
78600	0.147334
78650	0.238093
78700	-0.073976
78750	0.022731
78800	0.116558
78850	-0.000381
78900	-0.158389
78950	-0.254110
79000	-0.038234
79050	0.110637
79100	-0.033451
79150	0.304839
79200	0.019205
79250	-0.293995
79300	0.095676
79350	-0.126629
79400	-0.277090
79450	-0.027584
79500	-0.029984
79550	0.111217
79600	-0.157083
79650	0.123593
79700	0.006661
79750	0.030323
79800	0.048950
79850	0.099496
79900	-0.185032
79950	0.026471
80000	-0.145498
80050	-0.071729
80100	-0.070468
80150	0.196498
80200	-0.034006
80250	0.097248
80300	-0.158438
80350	0.007028
80400	-0.118504
80450	-0.015838
80500	-0.048820
80550	0.080116
80600	-0.273347
80650	-0.037988
80700	0.108915
80750	0.124900
80800	-0.042563
80850	0.003993
80900	0.017922
80950	-0.003779
81000	0.095280
81050	-0.064389
81100	-0.092696
81150	0.285784
81200	0.281594
81250	0.101878
81300	-0.242539
81350	-0.041480
81400	-0.111205
81450	-0.069482
81500	0.113548
81550	0.107118
81600	0.163994
81650	0.186906
81700	0.168313
81750	0.122235
81800	-0.091105
81850	0.087303
81900	-0.100903
81950	0.042404
82000	0.005669
82050	0.047965
82100	-0.025773
82150	-0.119792
82200	0.067738
82250	0.015695
82300	0.148521
82350	-0.146083
82400	0.055799
82450	0.085428
82500	0.212678
82550	0.125076
82600	0.206585
82650	0.371469
82700	0.229437
82750	0.228545
82800	0.180564
82850	0.044330
82900	0.201094
82950	-0.093729
83000	-0.044707
83050	-0.058082
83100	0.169609
83150	0.342666
83200	0.130772
83250	0.259124
83300	0.039842
83350	0.147182
83400	0.012429
83450	0.299998
83500	0.129189
83550	0.038644
83600	0.276570
83650	0.041633
83700	0.110998
83750	-0.010553
83800	-0.114281
83850	0.081104
83900	0.300953
83950	0.109134
84000	-0.114717
84050	0.148684
84100	-0.054248
84150	-0.144152
84200	0.023803
84250	0.047279
84300	0.179655
84350	0.451032
84400	0.037751
84450	-0.044636
84500	-0.063882
84550	0.134629
84600	0.013631
84650	0.261100
84700	0.130261
84750	-0.036448
84800	-0.227699
84850	0.125350
84900	0.120941
84950	0.144139
85000	0.017298
85050	-0.189533
85100	0.063330
85150	0.014900
85200	0.017143
85250	0.105117
85300	0.192362
85350	0.268763
85400	-0.077490
85450	0.049562
85500	0.197463
85550	0.165912
85600	0.121646
85650	0.191192
85700	0.048237
85750	0.100458
85800	0.222794
85850	0.059248
85900	0.036403
85950	-0.082718
86000	-0.141395
86050	-0.056731
86100	-0.079232
86150	-0.126475
86200	0.078598
86250	-0.101221
86300	-0.202614
86350	0.016329
86400	-0.045648
86450	-0.021002
86500	-0.039012
86550	-0.016064
86600	-0.103964
86650	-0.218650
86700	0.167709
86750	-0.031234
86800	-0.069275
86850	-0.016848
86900	-0.017439
86950	0.008347
87000	-0.008059
87050	0.211260
87100	-0.042696
87150	-0.209386
87200	-0.214771
87250	-0.034045
87300	0.137963
87350	0.067500
87400	0.155459
87450	-0.111598
87500	-0.067537
87550	-0.059794
87600	-0.113381
87650	-0.006553
87700	-0.023936
87750	-0.005675
87800	0.157601
87850	-0.157599
87900	0.009128
87950	-0.178996
88000	0.004115
88050	-0.096688
88100	-0.033016
88150	0.054960
88200	-0.121215
88250	-0.073268
88300	0.094292
88350	0.041540
88400	-0.057867
88450	0.164388
88500	0.072751
88550	0.076955
88600	-0.077660
88650	0.095686
88700	0.166823
88750	-0.116191
88800	0.015394
88850	0.064809
88900	0.216369
88950	-0.008240
89000	-0.079152
89050	0.011796
89100	-0.179604
89150	0.206909
89200	0.146495
89250	-0.016029
89300	0.141768
89350	0.167441
89400	0.055670
89450	0.334609
89500	0.063902
89550	0.245605
89600	0.074685
89650	0.018406
89700	-0.089038
89750	-0.163513
89800	-0.000748
89850	0.109046
89900	0.189947
89950	0.036805
90000	-0.021920
90050	0.061230
90100	0.167321
90150	0.025753
90200	-0.157214
90250	-0.253998
90300	0.208031
90350	-0.094696
90400	0.086775
90450	0.048236
90500	-0.028278
90550	-0.019332
90600	-0.118491
90650	-0.224963
90700	-0.105890
90750	0.057948
90800	-0.244707
90850	0.044869
90900	0.027937
90950	-0.336488
91000	0.376419
91050	0.062973
91100	0.188156
91150	0.077934
91200	-0.026100
91250	0.176562
91300	-0.017879
91350	-0.163170
91400	0.132701
91450	-0.177690
91500	0.220742
91550	-0.241910
91600	0.020734
91650	0.140284
91700	-0.209603
91750	-0.020919
91800	-0.045717
91850	0.074823
91900	-0.031448
91950	0.083178
92000	0.090694
92050	-0.112304
92100	0.038157
92150	0.147063
92200	0.214206
92250	-0.026853
92300	-0.113642
92350	0.146254
92400	-0.228309
92450	0.113468
92500	0.004692
92550	-0.162633
92600	0.043838
92650	-0.110822
92700	0.142773
92750	-0.124362
92800	-0.287127
92850	0.126929
92900	-0.032286
92950	-0.223100
93000	-0.047271
93050	-0.084031
93100	-0.113520
93150	0.196522
93200	-0.060582
93250	-0.133458
93300	-0.064870
93350	-0.041127
93400	-0.192099
93450	0.052722
93500	-0.206504
93550	-0.041008
93600	-0.031132
93650	0.013007
93700	0.239274
93750	-0.012931
93800	0.077612
93850	-0.276501
93900	0.144926
93950	-0.197685
94000	0.088797
94050	0.108638
94100	0.193669
94150	0.233337
94200	0.077363
94250	-0.027933
94300	-0.111256
94350	-0.084508
94400	-0.320233
94450	-0.013145
94500	0.108483
94550	0.137997
94600	0.216613
94650	-0.232096
94700	0.142781
94750	-0.010444
94800	-0.114098
94850	-0.116759
94900	0.081389
94950	-0.021938
95000	-0.000975
95050	0.243318
95100	0.126740
95150	-0.064832
95200	0.033865
95250	0.121966
95300	0.205855
95350	-0.149162
95400	0.064973
95450	0.026554
95500	0.018958
95550	-0.025305
95600	0.065284
95650	0.044099
95700	0.175930
95750	-0.073572
95800	0.218656
95850	-0.055592
95900	0.126022
95950	0.166843
96000	0.210604
96050	0.130696
96100	-0.032152
96150	0.055116
96200	-0.105276
96250	-0.049565
96300	-0.116857
96350	0.202835
96400	-0.014042
96450	-0.071141
96500	0.176552
96550	-0.102018
96600	-0.256342
96650	-0.084678
96700	-0.042599
96750	-0.001726
96800	-0.011601
96850	0.253931
96900	0.023502
96950	0.015513
97000	-0.006101
97050	-0.067348
97100	-0.127586
97150	0.011680
97200	0.092354
97250	-0.086435
97300	-0.079383
97350	0.043711
97400	-0.009890
97450	0.130095
97500	-0.089554
97550	-0.011361
97600	-0.083111
97650	-0.067119
97700	0.164869
97750	0.046196
97800	0.209475
97850	-0.096643
97900	-0.100232
97950	0.044057
98000	-0.182497
98050	-0.001425
98100	-0.105715
98150	0.174114
98200	0.007459
98250	0.208648
98300	0.182164
98350	0.114561
98400	-0.220595
98450	-0.141103
98500	0.175688
98550	-0.000369
98600	-0.028308
98650	-0.130359
98700	-0.053320
98750	0.046272
98800	0.053402
98850	-0.180437
98900	0.087970
98950	0.178892
99000	0.000926
99050	0.208338
99100	0.382212
99150	0.217387
99200	0.127641
99250	-0.003430
99300	-0.007561
99350	-0.019461
99400	0.041896
99450	0.022354
99500	-0.030765
99550	0.173612
99600	0.193020
99650	-0.051138
99700	0.150824
99750	-0.094655
99800	0.038422
99850	-0.078223
99900	-0.032669
99950	0.106065
100000	0.129369
100050	-0.079358
100100	0.246993
100150	0.044311
100200	0.056669
100250	0.155031
100300	-0.064788
100350	-0.096650
100400	0.028740
100450	-0.032435
100500	-0.024672
100550	0.021589
100600	0.156625
100650	0.193163
100700	-0.113955
100750	-0.109599
100800	-0.000897
100850	-0.049493
100900	0.047535
100950	0.119467
101000	0.112522
101050	0.010144
101100	0.241475
101150	-0.053451
101200	-0.149103
101250	0.012146
101300	-0.021917
101350	0.070996
101400	0.394831
101450	-0.087107
101500	-0.042451
101550	0.165621
101600	0.248360
101650	-0.081000
101700	-0.052833
101750	-0.005088
101800	-0.003180
101850	0.081032
101900	-0.097370
101950	0.045635
102000	0.009842
102050	0.152771
102100	0.212792
102150	-0.036832
102200	0.136318
102250	-0.058116
102300	0.069009
102350	0.231046
102400	0.055400
102450	-0.091558
102500	-0.136671
102550	-0.142492
102600	-0.127770
102650	-0.084856
102700	-0.109792
102750	-0.144936
102800	0.102668
102850	-0.153137
102900	-0.007980
102950	-0.177539
103000	0.109367
103050	0.149595
103100	0.034245
103150	0.198197
103200	0.109582
103250	0.006668
103300	-0.034277
103350	0.006053
103400	-0.089427
103450	-0.034288
103500	-0.048885
103550	-0.034996
103600	0.114848
103650	0.251871
103700	0.022896
103750	0.030674
103800	0.089738
103850	-0.015400
103900	0.170281
103950	0.074294
104000	-0.056435
104050	-0.222825
104100	-0.154389
104150	0.140837
104200	-0.010745
104250	-0.051722
104300	-0.102247
104350	0.110901
104400	-0.104271
104450	-0.285857
104500	-0.000865
104550	0.009333
104600	0.122828
104650	0.063390
104700	-0.076987
104750	-0.082303
104800	0.293221
104850	0.177385
104900	-0.111789
104950	0.091190
105000	-0.252000
105050	-0.219488
105100	-0.012735
105150	0.070623
105200	0.051177
105250	-0.128532
105300	0.283942
105350	0.191231
105400	0.202954
105450	0.160678
105500	-0.095157
105550	-0.032301
105600	0.191412
105650	0.047618
105700	0.282005
105750	-0.104869
105800	-0.059917
105850	-0.038667
105900	0.179210
105950	-0.018203
106000	0.224823
106050	-0.196273
106100	-0.142873
106150	-0.121978
106200	-0.022988
106250	-0.155262
106300	0.030686
106350	-0.056495
106400	-0.211203
106450	0.017499
106500	0.019016
106550	-0.210078
106600	0.009413
106650	-0.130157
106700	0.024545
106750	0.173732
106800	0.043869
106850	0.092947
106900	0.081727
106950	-0.042394
107000	0.056641
107050	0.013682
107100	-0.106372
107150	-0.125358
107200	-0.027936
107250	-0.112472
107300	0.168955
107350	0.117587
107400	0.182793
107450	0.032050
107500	-0.064081
107550	0.334514
107600	0.018200
107650	-0.022576
107700	0.044261
107750	-0.093584
107800	0.082271
107850	0.055774
107900	-0.301769
107950	-0.006305
108000	0.173130
108050	-0.160760
108100	-0.162925
108150	0.033717
108200	-0.372564
108250	0.047307
108300	0.023805
108350	-0.106062
108400	0.126018
108450	-0.020167
108500	0.067318
108550	-0.204567
108600	-0.319612
108650	0.043788
108700	0.179851
108750	-0.066167
108800	0.010898
108850	0.208176
108900	-0.053679
108950	-0.007777
109000	0.002397
109050	-0.077803
109100	0.121171
109150	-0.049732
109200	0.301867
109250	0.069707
109300	0.201994
109350	-0.011956
109400	-0.071822
109450	-0.053265
109500	0.225258
109550	0.063602
109600	0.050995
109650	-0.044504
109700	-0.089673
109750	0.161868
109800	0.074407
109850	-0.265144
109900	-0.011177
109950	-0.038620
110000	0.040117
110050	-0.012482
110100	-0.165918
110150	0.215150
110200	0.028636
110250	0.010635
110300	0.038918
110350	0.258765
110400	0.010869
110450	-0.057388
110500	-0.056650
110550	0.125872
110600	-0.148660
110650	0.145586
110700	0.048877
110750	0.041876
110800	-0.001224
110850	0.132801
110900	0.051905
110950	0.176260
111000	-0.084815
111050	0.005636
111100	-0.073886
111150	0.104465
111200	0.153774
111250	0.125392
111300	0.071523
111350	0.193349
111400	0.097625
111450	-0.170600
111500	-0.240625
111550	0.192527
111600	-0.136156
111650	0.031206
111700	-0.101217
111750	-0.053997
111800	-0.237495
111850	-0.072992
111900	-0.110014
111950	0.027609
112000	0.175322
112050	0.131315
112100	0.212225
112150	-0.056384
112200	-0.024828
112250	0.053936
112300	0.123315
112350	0.212897
112400	0.137491
112450	-0.130858
112500	0.197908
112550	-0.036924
112600	0.015589
112650	-0.157556
112700	-0.052665
112750	-0.174407
112800	0.134070
112850	-0.007972
112900	0.113019
112950	-0.125301
113000	-0.108532
113050	0.091045
113100	0.043511
113150	0.046354
113200	0.014759
113250	0.022071
113300	0.208257
113350	0.175579
113400	0.030675
113450	-0.245823
113500	-0.054579
113550	0.031825
113600	-0.082976
113650	-0.004574
113700	0.040695
113750	-0.195866
113800	-0.053573
113850	-0.049875
113900	-0.049908
113950	-0.078368
114000	-0.257681
114050	-0.028387
114100	-0.164879
114150	0.049488
114200	0.024336
114250	-0.018106
114300	0.215369
114350	0.089388
114400	0.043077
114450	0.168099
114500	-0.041961
114550	-0.062717
114600	0.317342
114650	-0.077490
114700	0.004853
114750	-0.078511
114800	-0.206035
114850	-0.057195
114900	-0.212165
114950	0.094467
115000	0.048170
115050	0.163807
115100	-0.044611
115150	-0.074854
115200	-0.066819
115250	-0.133022
115300	0.125540
115350	0.184100
115400	0.092388
115450	-0.103315
115500	-0.108000
115550	0.096088
115600	0.073388
115650	0.147290
115700	-0.106436
115750	-0.053547
115800	0.037750
115850	-0.077725
115900	-0.128130
115950	0.188541
116000	0.090840
116050	0.134101
116100	-0.040677
116150	0.185437
116200	0.027359
116250	-0.047226
116300	-0.037222
116350	0.271882
116400	-0.234959
116450	-0.043035
116500	-0.156255
116550	0.130594
116600	-0.191730
116650	-0.200652
116700	0.023351
116750	-0.030000
116800	-0.177781
116850	-0.013210
116900	-0.089174
116950	0.114228
117000	0.146795
117050	-0.016056
117100	0.113582
117150	0.116548
117200	0.038083
117250	-0.019087
117300	-0.172418
117350	-0.203746
117400	0.001910
117450	0.140313
117500	-0.028537
117550	-0.162322
117600	-0.139027
117650	0.327364
117700	-0.069045
117750	-0.061360
117800	0.076317
117850	-0.176231
117900	0.055565
117950	-0.027524
118000	0.061727
118050	0.042202
118100	-0.054999
118150	0.176077
118200	-0.122830
118250	0.139443
118300	0.004839
118350	0.015144
118400	-0.015657
118450	0.176569
118500	-0.036935
118550	-0.304326
118600	-0.082664
118650	-0.291847
118700	0.081241
118750	-0.023251
118800	0.005685
118850	0.108875
118900	0.101893
118950	0.031702
119000	0.114842
119050	0.120476
119100	0.009620
119150	0.145246
119200	-0.166012
119250	0.102991
119300	0.053840
119350	0.199177
119400	0.151646
119450	-0.281663
119500	-0.153122
119550	0.089819
119600	0.082083
119650	0.064630
119700	-0.077697
119750	-0.142455
119800	0.102009
119850	0.185087
119900	0.020434
119950	0.100935
120000	0.291433
120050	0.045274
120100	-0.087804
120150	0.225368
120200	0.367092
120250	-0.012168
120300	0.018302
120350	0.026363
120400	0.137207
120450	0.099633
120500	-0.098785
120550	-0.121042
120600	0.279545
120650	0.169139
120700	0.122803
120750	0.301730
120800	-0.012365
120850	-0.009867
120900	0.148287
120950	-0.143642
121000	0.100834
121050	0.083683
121100	0.250228
121150	-0.009175
121200	-0.039219
121250	0.035848
121300	0.034258
121350	-0.075500
121400	-0.251479
121450	-0.064522
121500	-0.203567
121550	0.048758
121600	0.020928
121650	0.164594
121700	-0.027836
121750	0.107252
121800	0.037984
121850	0.171803
121900	0.049205
121950	0.069602
122000	-0.014877
122050	0.120820
122100	0.018187
122150	0.073486
122200	0.082844
122250	0.111246
122300	-0.076826
122350	0.041944
122400	-0.209068
122450	-0.145925
122500	-0.014507
122550	0.078139
122600	0.015940
122650	0.199214
122700	0.320096
122750	0.030429
122800	0.225473
122850	0.109235
122900	-0.017324
122950	0.188433
123000	0.156737
123050	0.099813
123100	-0.065878
123150	0.034255
123200	-0.007017
123250	-0.166517
123300	-0.067420
123350	-0.192701
123400	0.265161
123450	-0.013790
123500	0.305654
123550	0.211672
123600	0.187644
123650	-0.160577
123700	0.040949
123750	0.186900
123800	0.217217
123850	-0.092632
123900	0.057743
123950	0.113338
124000	0.156250
124050	-0.035741
124100	-0.193106
124150	-0.061239
124200	-0.041067
124250	0.004534
124300	0.014426
124350	-0.077557
124400	0.090159
124450	-0.019599
124500	-0.052643
124550	0.149501
124600	-0.282323
124650	0.303589
124700	0.133902
124750	0.067112
124800	-0.000362
124850	-0.056419
124900	0.088681
124950	-0.146484
125000	0.098709
125050	-0.067453
125100	0.140574
125150	-0.058253
125200	0.140527
125250	0.159794
125300	-0.098285
125350	0.001461
125400	-0.134391
125450	-0.157997
125500	-0.001177
125550	0.205895
125600	-0.082156
125650	0.048737
125700	-0.004107
125750	-0.043447
125800	-0.232217
125850	0.272240
125900	0.062546
125950	-0.026355
126000	0.061056
126050	0.080529
126100	0.131227
126150	0.164095
126200	0.030685
126250	0.102705
126300	-0.045075
126350	-0.036602
126400	-0.258466
126450	-0.196738
126500	-0.135811
126550	0.043498
126600	-0.106172
126650	0.300884
126700	0.225758
126750	-0.098149
126800	0.069523
126850	-0.008879
126900	-0.014189
126950	0.147702
127000	-0.060239
127050	-0.153793
127100	-0.121355
127150	0.166119
127200	0.077171
127250	0.199719
127300	0.207147
127350	0.051168
127400	-0.091928
127450	0.089424
127500	0.005829
127550	-0.165957
127600	-0.060514
127650	-0.021535
127700	-0.111020
127750	0.084779
127800	0.029065
127850	-0.165077
127900	-0.018858
127950	0.007558
128000	-0.130302
128050	0.259803
128100	-0.195513
128150	0.162208
128200	0.193478
128250	0.203687
128300	0.075779
128350	0.222865
128400	0.004214
128450	-0.253603
128500	-0.003906
128550	0.238621
128600	-0.093369
128650	-0.186015
128700	-0.077428
128750	0.052225
128800	0.194172
128850	0.149092
128900	0.107486
128950	0.279785
129000	-0.011430
129050	0.030508
129100	-0.003571
129150	-0.182001
129200	-0.009647
129250	-0.100546
129300	-0.062268
129350	0.105307
129400	-0.055853
129450	0.143079
129500	0.075261
129550	-0.148561
129600	0.131942
129650	0.244880
129700	0.269611
129750	0.134627
129800	0.091336
129850	0.203739
129900	0.088099
129950	-0.005611
130000	-0.061327
130050	0.104836
130100	-0.242904
130150	0.008708
130200	0.083306
130250	0.130261
130300	0.131672
130350	0.081337
130400	-0.047634
130450	0.210961
130500	0.295516
130550	0.104928
130600	0.103494
130650	0.058213
130700	-0.001236
130750	-0.224674
130800	0.107613
130850	-0.060982
130900	-0.003506
130950	0.107741
131000	-0.096868
131050	-0.061667
131100	-0.171523
131150	-0.048687
131200	0.134816
131250	-0.265589
131300	-0.142318
131350	0.027133
131400	-0.053361
131450	0.201428
131500	-0.227294
131550	-0.105222
131600	-0.028679
131650	-0.050776
131700	0.058759
131750	0.026492
131800	0.022704
131850	-0.144380
131900	0.027301
131950	-0.109221
132000	-0.007929
132050	0.114103
132100	0.113886
132150	0.108628
132200	0.168708
132250	0.118805
132300	-0.045515
132350	-0.011096
132400	0.157523
132450	0.106964
132500	-0.239612
132550	-0.001467
132600	-0.218347
132650	-0.003636
132700	0.002074
132750	0.129164
132800	0.126874
132850	-0.056238
132900	-0.081149
132950	0.159888
133000	-0.028559
133050	-0.379795
133100	0.170929
133150	0.040255
133200	0.097209
133250	0.076213
133300	-0.058223
133350	-0.104244
133400	0.013314
133450	0.002606
133500	0.017954
133550	-0.195749
133600	0.039676
133650	-0.021679
133700	0.015731
133750	0.193256
133800	0.151586
133850	-0.015359
133900	0.003535
133950	-0.065612
134000	-0.158867
134050	0.061728
134100	0.214246
134150	0.128339
134200	0.075707
134250	0.038613
134300	0.054959
134350	0.107521
134400	0.189322
134450	-0.011286
134500	-0.145206
134550	-0.167987
134600	-0.036774
134650	-0.183696
134700	0.036724
134750	-0.280080
134800	-0.132293
134850	-0.079306
134900	0.001515
134950	0.104086
135000	-0.131668
135050	0.013671
135100	0.032684
135150	0.066275
135200	0.109386
135250	0.294597
135300	-0.142753
135350	0.004722
135400	-0.223118
135450	0.029270
135500	-0.047093
135550	0.115389
135600	-0.108681
135650	0.062380
135700	-0.131855
135750	0.162892
135800	-0.001633
135850	-0.164970
135900	0.010114
135950	0.222063
136000	-0.127372
136050	0.103935
136100	0.013810
136150	-0.122475
136200	-0.007428
136250	-0.113115
136300	-0.179965
136350	0.051938
136400	-0.137626
136450	-0.062630
136500	-0.079388
136550	-0.091638
136600	-0.049274
136650	0.004223
136700	0.192207
136750	-0.008635
136800	-0.113630
136850	-0.164025
136900	-0.051246
136950	-0.115157
137000	-0.022699
137050	-0.221483
137100	0.020090
137150	0.156195
137200	-0.129359
137250	-0.057011
137300	-0.095222
137350	0.078759
137400	0.095856
137450	-0.042501
137500	0.307715
137550	-0.050003
137600	-0.005301
137650	-0.064366
137700	0.034961
137750	0.088948
137800	-0.148422
137850	0.038502
137900	0.065138
137950	-0.164423
138000	0.001119
138050	0.065703
138100	-0.018981
138150	-0.183528
138200	-0.105860
138250	-0.091209
138300	-0.138417
138350	0.110029
138400	-0.077630
138450	0.029856
138500	-0.095708
138550	0.030166
138600	-0.147353
138650	-0.169384
138700	0.104443
138750	-0.129347
138800	0.033069
138850	0.011163
138900	0.313293
138950	0.243225
139000	0.246512
139050	0.035858
139100	-0.176626
139150	-0.009863
139200	0.205773
139250	0.299578
139300	-0.065952
139350	-0.016387
139400	-0.054821
139450	-0.168001
139500	0.014076
139550	-0.002498
139600	-0.231263
139650	-0.042477
139700	-0.029871
139750	-0.049915
139800	-0.125059
139850	-0.031095
139900	0.177139
139950	-0.152200
140000	0.076955
140050	0.156161
140100	-0.051904
140150	0.147591
140200	-0.008361
140250	0.202292
140300	0.220497
140350	-0.361895
140400	-0.079171
140450	0.329453
140500	-0.046650
140550	-0.069078
140600	0.219484
140650	0.019616
140700	-0.002194
140750	-0.145118
140800	0.099590
140850	0.149403
140900	0.069943
140950	0.058008
141000	0.049732
141050	-0.046660
141100	0.091885
141150	0.270066
141200	-0.026577
141250	0.049140
141300	0.126166
141350	-0.236729
141400	-0.058164
141450	0.148213
141500	0.000636
141550	0.143816
141600	0.031527
141650	0.106997
141700	-0.110077
141750	0.159035
141800	-0.036744
141850	0.086199
141900	-0.155285
141950	0.224764
142000	0.223059
142050	0.219680
142100	-0.111674
142150	0.055998
142200	-0.124950
142250	0.017911
142300	0.145329
142350	0.090537
142400	0.055725
142450	0.151361
142500	0.084879
142550	-0.070992
142600	-0.009735
142650	0.006365
142700	0.179698
142750	0.000147
142800	-0.081144
142850	-0.129702
142900	0.322674
142950	0.137427
143000	0.082823
143050	-0.096532
143100	0.148618
143150	0.262541
143200	0.061132
143250	-0.042588
143300	-0.004267
143350	-0.122971
143400	0.021183
143450	-0.076847
143500	0.075181
143550	0.074647
143600	0.070217
143650	-0.097481
143700	-0.134456
143750	-0.049897
143800	-0.094586
143850	-0.100760
143900	0.090462
143950	-0.023789
144000	-0.123718
144050	0.088060
144100	0.250580
144150	-0.030370
144200	0.084358
144250	-0.002636
144300	0.013324
144350	0.094982
144400	-0.110867
144450	-0.043875
144500	0.197996
144550	0.111059
144600	-0.114554
144650	0.038481
144700	-0.093066
144750	-0.075413
144800	-0.015620
144850	0.086383
144900	0.088873
144950	-0.025619
145000	0.022990
145050	0.020797
145100	-0.064792
145150	-0.022065
145200	0.102721
145250	-0.291878
145300	-0.118166
145350	-0.037364
145400	0.132008
145450	-0.024477
145500	0.107936
145550	0.012448
145600	0.177161
145650	0.001712
145700	0.004862
145750	0.159281
145800	0.008687
145850	-0.069388
145900	0.110624
145950	0.226829
146000	0.004121
146050	0.120202
146100	0.162751
146150	0.056493
146200	0.047986
146250	-0.035616
146300	0.396308
146350	-0.016985
146400	0.021849
146450	-0.053019
146500	-0.096173
146550	-0.131114
146600	-0.065433
146650	0.037687
146700	0.019625
146750	-0.033190
146800	-0.102018
146850	0.039085
146900	-0.067710
146950	-0.266179
147000	0.110405
147050	-0.072410
147100	0.160829
147150	0.048807
147200	0.001473
147250	0.025154
147300	0.148309
147350	0.005204
147400	0.067299
147450	0.111263
147500	0.265801
147550	-0.141823
147600	0.159041
147650	0.117636
147700	0.229205
147750	0.031918
147800	-0.080915
147850	-0.283187
147900	0.003266
147950	0.075913
148000	-0.181720
148050	-0.074235
148100	0.072123
148150	-0.034426
148200	0.190064
148250	0.052151
148300	-0.015065
148350	-0.008431
148400	0.020935
148450	-0.067627
148500	-0.030887
148550	-0.054431
148600	0.163305
148650	-0.031218
148700	0.017819
148750	-0.231548
148800	-0.066755
148850	0.125405
148900	0.053096
148950	0.061165
149000	0.128702
149050	0.194465
149100	-0.031281
149150	-0.136679
149200	0.214564
149250	-0.265869
149300	-0.049780
149350	-0.026824
149400	-0.068659
149450	-0.182384
149500	-0.070728
149550	0.038394
149600	-0.158319
149650	0.132442
149700	-0.026710
149750	0.030359
149800	0.003631
149850	-0.064453
149900	-0.123431
149950	0.087370
150000	0.008858
150050	-0.086475
150100	0.053004
150150	-0.153962
150200	-0.057079
150250	0.014308
150300	-0.035002
150350	-0.263820
150400	0.185109
150450	-0.100930
150500	0.013544
150550	0.260659
150600	-0.049244
150650	-0.098156
150700	0.195222
150750	0.038809
150800	0.062182
150850	0.044382
150900	0.092083
150950	-0.029914
151000	0.251598
151050	-0.156406
151100	0.014463
151150	-0.134920
151200	0.020844
151250	0.064009
151300	-0.077010
151350	0.072255
151400	0.203441
151450	-0.085683
151500	0.115114
151550	0.010942
151600	0.217005
151650	0.120904
151700	-0.043436
151750	0.055140
151800	0.040414
151850	0.053651
151900	0.199814
151950	0.068551
152000	0.158741
152050	0.007042
152100	-0.282859
152150	0.274172
152200	0.072689
152250	-0.109709
152300	-0.060786
152350	-0.048695
152400	-0.109618
152450	-0.236723
152500	-0.109688
152550	-0.264383
152600	-0.068785
152650	0.039578
152700	-0.286642
152750	-0.149652
152800	-0.044062
152850	0.014709
152900	0.154827
152950	0.129549
153000	0.206763
153050	-0.086729
153100	-0.060131
153150	0.126251
153200	-0.139411
153250	-0.068452
153300	-0.248278
153350	-0.047190
153400	-0.330619
153450	-0.162161
153500	-0.143131
153550	-0.013785
153600	-0.081012
153650	0.043649
153700	-0.189040
153750	-0.034199
153800	0.163094
153850	0.049261
153900	0.159801
153950	-0.390326
154000	-0.187079
154050	-0.080231
154100	0.272188
154150	-0.261865
154200	0.027184
154250	-0.038588
154300	0.236641
154350	0.162464
154400	0.155535
154450	0.140595
154500	-0.173302
154550	-0.028159
154600	0.007557
154650	0.000990
154700	-0.050321
154750	-0.099967
154800	0.067826
154850	-0.117079
154900	-0.160365
154950	0.161663
155000	0.016744
155050	-0.043790
155100	0.094419
155150	0.213344
155200	0.031528
155250	0.032883
155300	-0.125427
155350	-0.090218
155400	0.106223
155450	-0.000389
155500	0.013822
155550	-0.210688
155600	-0.129375
155650	-0.126752
155700	0.162644
155750	-0.207513
155800	-0.117119
155850	-0.114177
155900	-0.401017
155950	-0.242897
156000	-0.005972
156050	0.105486
156100	-0.103435
156150	-0.068930
156200	-0.037035
156250	0.140235
156300	-0.194995
156350	-0.075314
156400	0.154202
156450	0.019279
156500	0.187953
156550	0.215104
156600	-0.005595
156650	0.265175
156700	0.260945
156750	-0.012112
156800	-0.061633
156850	-0.066849
156900	0.066384
156950	0.167275
157000	0.352307
157050	-0.046004
157100	0.030669
157150	0.325792
157200	0.175904
157250	-0.138600
157300	0.145681
157350	-0.026546
157400	0.046634
157450	0.081558
157500	-0.001730
157550	0.096754
157600	0.001126
157650	0.004799
157700	-0.189851
157750	0.101417
157800	-0.074463
157850	-0.119441
157900	0.030345
157950	-0.197406
158000	0.138701
158050	0.206808
158100	0.052365
158150	-0.271248
158200	0.067530
158250	0.055112
158300	-0.030436
158350	-0.051054
158400	0.103958
158450	-0.028777
158500	0.018411
158550	0.034058
158600	0.021002
158650	-0.275782
158700	0.039152
158750	-0.119293
158800	-0.013769
158850	0.122736
158900	0.062390
158950	0.083167
159000	-0.179744
159050	-0.047735
159100	0.120798
159150	-0.054011
159200	-0.031640
159250	-0.388640
159300	0.011445
159350	-0.062798
159400	0.052182
159450	0.086673
159500	-0.144134
159550	-0.086233
159600	-0.120091
159650	0.018337
159700	-0.243941
159750	-0.119114
159800	-0.160717
159850	0.221302
159900	0.397830
159950	0.138811
160000	0.037994
160050	0.107670
160100	0.157034
160150	-0.032845
160200	-0.013831
160250	0.139169
160300	0.087626
160350	-0.147106
160400	0.019784
160450	0.083891
160500	0.015884
160550	-0.158661
160600	0.129249
160650	0.162492
160700	0.032739
160750	-0.030434
160800	0.039994
160850	-0.166175
160900	-0.099769
160950	0.165608
161000	-0.026646
161050	0.036916
161100	0.046011
161150	-0.032720
161200	0.092551
161250	0.002531
161300	0.394069
161350	0.004307
161400	0.051243
161450	-0.066869
161500	-0.123124
161550	-0.064473
161600	-0.008189
161650	0.030400
161700	0.124056
161750	0.232869
161800	-0.107960
161850	0.062152
161900	0.060150
161950	0.119276
162000	-0.218111
162050	0.027131
162100	0.228981
162150	0.327493
162200	0.069861
162250	0.245081
162300	0.024359
162350	0.156410
162400	0.138744
162450	0.131840
162500	0.023583
162550	0.226198
162600	-0.037969
162650	0.039765
162700	0.056785
162750	0.032567
162800	-0.327312
162850	-0.330734
162900	0.007199
162950	-0.069558
163000	-0.245032
163050	-0.077029
163100	-0.138112
163150	-0.148036
163200	-0.051330
163250	-0.037552
163300	0.185098
163350	-0.056668
163400	0.118339
163450	-0.056418
163500	0.039370
163550	0.105822
163600	0.305165
163650	0.133863
163700	0.136114
163750	0.161702
163800	0.088082
163850	0.002420
163900	0.216697
163950	-0.010639
164000	-0.181720
164050	-0.045400
164100	-0.091740
164150	0.024569
164200	0.137688
164250	-0.046337
164300	-0.173573
164350	0.031429
164400	0.047402
164450	-0.057809
164500	0.116618
164550	0.155604
164600	0.004229
164650	0.160088
164700	-0.135017
164750	0.059341
164800	0.032087
164850	0.131400
164900	-0.065250
164950	-0.022968
165000	0.151944
165050	-0.147106
165100	-0.016447
165150	-0.047939
165200	0.131947
165250	0.119160
165300	-0.236916
165350	-0.085910
165400	-0.135262
165450	-0.049401
165500	-0.074674
165550	0.245026
165600	-0.045395
165650	-0.276368
165700	0.038393
165750	0.041673
165800	-0.057486
165850	0.115717
165900	0.155675
165950	-0.001134
166000	0.064124
166050	0.008092
166100	0.114943
166150	0.018724
166200	-0.088082
166250	0.059205
166300	0.102913
166350	0.119419
166400	0.317645
166450	0.030766
166500	-0.016979
166550	0.149866
166600	0.162253
166650	0.153361
166700	-0.038678
166750	0.017703
166800	0.187741
166850	0.026571
166900	0.284479
166950	0.062468
167000	0.077993
167050	0.245572
167100	0.007780
167150	-0.000712
167200	0.151670
167250	0.158986
167300	-0.096356
167350	0.014285
167400	-0.084901
167450	0.055548
167500	-0.153119
167550	0.085960
167600	0.054863
167650	0.051331
167700	0.355989
167750	0.190548
167800	0.001367
167850	0.140734
167900	0.047215
167950	-0.203011
168000	0.131803
168050	-0.032228
168100	0.031364
168150	0.072801
168200	0.178975
168250	0.099602
168300	0.093066
168350	-0.050444
168400	-0.122125
168450	-0.144681
168500	-0.415136
168550	-0.038578
168600	-0.128717
168650	-0.110152
168700	0.064502
168750	0.034321
168800	0.156268
168850	-0.197241
168900	-0.011222
168950	0.073787
169000	0.052990
169050	-0.010871
169100	-0.030572
169150	-0.085817
169200	0.208999
169250	-0.184366
169300	0.344629
169350	0.145549
169400	-0.103824
169450	-0.177266
169500	0.046440
169550	-0.013142
169600	-0.046361
169650	-0.341772
169700	-0.064141
169750	0.114649
169800	0.214045
169850	0.201852
169900	0.193415
169950	-0.001423
170000	-0.262673
170050	0.162742
170100	0.026799
170150	-0.014138
170200	-0.098635
170250	0.181406
170300	0.102615
170350	0.054356
170400	0.151923
170450	0.068826
170500	-0.160388
170550	-0.089388
170600	0.057063
170650	-0.178048
170700	-0.029156
170750	0.054821
170800	-0.313585
170850	0.188949
170900	-0.060542
170950	0.102302
171000	-0.170034
171050	0.054430
171100	0.023534
171150	-0.126031
171200	0.038960
171250	0.126273
171300	-0.052820
171350	0.137376
171400	-0.081834
171450	-0.099795
171500	-0.059664
171550	-0.081016
171600	0.039326
171650	0.275634
171700	0.170947
171750	-0.085475
171800	0.026698
171850	-0.006031
171900	0.136214
171950	0.010062
172000	-0.018134
172050	0.111944
172100	0.078039
172150	0.039270
172200	0.144930
172250	-0.065250
172300	0.189544
172350	-0.010114
172400	-0.003490
172450	-0.102460
172500	0.004094
172550	0.084095
172600	-0.008116
172650	0.038387
172700	0.187766
172750	0.146196
172800	0.010463
172850	0.036291
172900	-0.120225
172950	-0.176640
173000	0.069831
173050	0.111353
173100	-0.086690
173150	0.187012
173200	-0.242204
173250	-0.076441
173300	0.044783
173350	-0.113265
173400	-0.133304
173450	-0.081362
173500	0.076887
173550	-0.036150
173600	0.025286
173650	0.279344
173700	0.174833
173750	0.182991
173800	0.467979
173850	0.059697
173900	0.173894
173950	-0.041778
174000	0.239271
174050	0.104904
174100	0.056589
174150	0.179414
174200	0.070853
174250	-0.098188
174300	0.142656
174350	-0.123898
174400	-0.063166
174450	-0.172248
174500	-0.200983
174550	-0.063865
174600	-0.081426
174650	-0.194103
174700	-0.150969
174750	0.164683
174800	0.240495
174850	0.031528
174900	-0.182917
174950	-0.028409
175000	0.180136
175050	-0.054014
175100	-0.004621
175150	-0.086031
175200	-0.119442
175250	0.048069
175300	-0.167900
175350	-0.058370
175400	-0.058435
175450	-0.067688
175500	0.057239
175550	0.140198
175600	-0.384733
175650	-0.297099
175700	0.085154
175750	-0.037927
175800	0.037434
175850	-0.096085
175900	0.269967
175950	0.037673
176000	-0.149277
176050	-0.183819
176100	0.233001
176150	0.088677
176200	-0.022913
176250	-0.114934
176300	-0.008420
176350	0.105096
176400	-0.028587
176450	0.061237
176500	-0.064524
176550	-0.249362
176600	-0.031184
176650	-0.095435
176700	0.146949
176750	0.004985
176800	-0.115117
176850	0.006907
176900	0.200327
176950	-0.034723
177000	-0.032716
177050	0.473151
177100	-0.211636
177150	0.113280
177200	-0.073155
177250	0.144272
177300	-0.138853
177350	0.031863
177400	-0.088314
177450	-0.102197
177500	0.162239
177550	0.147429
177600	0.091776
177650	0.060773
177700	0.094601
177750	-0.100495
177800	0.042440
177850	0.035302
177900	-0.149135
177950	-0.016701
178000	0.014372
178050	0.038382
178100	0.134931
178150	0.102368
178200	-0.221091
178250	-0.255306
178300	0.184515
178350	0.075735
178400	0.199126
178450	0.084272
178500	0.003619
178550	-0.025446
178600	0.164870
178650	0.121132
178700	-0.001514
178750	0.218459
178800	0.214342
178850	-0.031426
178900	-0.128115
178950	0.134696
179000	0.177246
179050	-0.154703
179100	-0.017463
179150	0.047245
179200	-0.111024
179250	0.213976
179300	0.082551
179350	0.025871
179400	0.103196
179450	0.042244
179500	-0.220018
179550	-0.061515
179600	-0.166011
179650	0.058204
179700	0.026005
179750	0.204625
179800	-0.061068
179850	0.097201
179900	-0.037263
179950	0.105545
180000	-0.007447
180050	-0.096316
180100	0.218120
180150	-0.049786
180200	0.084709
180250	0.106967
180300	0.047810
180350	0.085955
180400	0.085958
180450	-0.127169
180500	-0.080997
180550	-0.018469
180600	-0.057936
180650	0.254766
180700	0.035281
180750	-0.072064
180800	0.086328
180850	-0.099229
180900	0.070050
180950	-0.278955
181000	-0.405365
181050	-0.112606
181100	-0.143007
181150	-0.218833
181200	-0.016286
181250	-0.058118
181300	0.068744
181350	0.006363
181400	-0.066606
181450	0.297173
181500	0.102899
181550	-0.010740
181600	0.059432
181650	0.072851
181700	0.203750
181750	0.165230
181800	0.126525
181850	-0.128515
181900	0.089492
181950	0.129553
182000	-0.035207
182050	0.264476
182100	0.035042
182150	-0.103504
182200	0.248184
182250	0.361270
182300	0.009436
182350	-0.059670
182400	0.118948
182450	0.023984
182500	0.261470
182550	-0.099425
182600	0.236554
182650	-0.026960
182700	-0.009773
182750	0.190053
182800	0.001759
182850	0.032398
182900	0.054464
182950	-0.084945
183000	0.119343
183050	0.036809
183100	-0.012940
183150	0.157761
183200	-0.199142
183250	0.105472
183300	0.143451
183350	0.182913
183400	0.156634
183450	0.156180
183500	0.047607
183550	0.006245
183600	0.023065
183650	0.017427
183700	-0.061047
183750	0.179251
183800	0.109891
183850	-0.087421
183900	-0.145087
183950	0.078914
184000	-0.000182
184050	-0.018470
184100	0.001981
184150	-0.025103
184200	-0.024991
184250	-0.023863
184300	0.065727
184350	-0.052802
184400	-0.188817
184450	0.093886
184500	-0.060602
184550	0.045868
184600	0.114824
184650	-0.024809
184700	-0.117117
184750	0.001961
184800	0.108595
184850	0.079266
184900	0.026823
184950	-0.021814
185000	0.119429
185050	-0.026995
185100	0.260777
185150	-0.071211
185200	0.034584
185250	-0.124273
185300	0.125288
185350	-0.050853
185400	0.138427
185450	0.109376
185500	-0.254520
185550	0.048345
185600	0.019305
185650	0.077881
185700	-0.066322
185750	0.168213
185800	-0.061381
185850	0.005168
185900	-0.204064
185950	-0.019835
186000	-0.252188
186050	0.160745
186100	0.051262
186150	0.077963
186200	-0.120032
186250	0.049237
186300	0.150290
186350	-0.028697
186400	-0.168875
186450	-0.215618
186500	-0.179495
186550	-0.323702
186600	0.094144
186650	0.133061
186700	0.374867
186750	0.029108
186800	-0.043133
186850	-0.126163
186900	-0.059071
186950	0.045458
187000	0.046699
187050	0.123213
187100	0.148968
187150	0.176954
187200	-0.121545
187250	-0.063748
187300	0.209878
187350	-0.047465
187400	0.009841
187450	-0.087039
187500	0.122007
187550	0.113825
187600	0.074877
187650	0.213016
187700	-0.080925
187750	-0.179445
187800	-0.052825
187850	-0.001541
187900	0.018753
187950	0.243273
188000	0.106096
188050	-0.072733
188100	0.349736
188150	-0.182042
188200	-0.089109
188250	0.083829
188300	0.267049
188350	0.044392
188400	0.220293
188450	0.023954
188500	-0.305449
188550	0.048633
188600	-0.092602
188650	-0.076305
188700	0.104607
188750	-0.153396
188800	-0.008801
188850	0.095195
188900	0.025767
188950	0.216658
189000	0.012377
189050	0.036324
189100	-0.130745
189150	-0.051182
189200	0.091462
189250	-0.116174
189300	-0.206600
189350	-0.181785
189400	0.220576
189450	-0.203192
189500	0.099537
189550	-0.113449
189600	-0.007652
189650	0.027774
189700	-0.010605
189750	-0.092588
189800	-0.052691
189850	-0.015321
189900	-0.012469
189950	0.027734
190000	0.309926
190050	0.015509
190100	0.138888
190150	0.126703
190200	-0.152135
190250	-0.147143
190300	-0.004796
190350	0.158948
190400	0.080528
190450	-0.146163
190500	0.070246
190550	0.168797
190600	-0.029658
190650	0.084119
190700	-0.104237
190750	-0.248047
190800	-0.059771
190850	-0.045327
190900	-0.265955
190950	-0.099996
191000	0.140330
191050	-0.001253
191100	-0.121466
191150	0.156479
191200	-0.022472
191250	-0.302515
191300	0.019445
191350	-0.049190
191400	0.158415
191450	0.013789
191500	0.026230
191550	0.174039
191600	0.083307
191650	0.058127
191700	-0.021525
191750	0.060306
191800	0.065568
191850	0.030114
191900	-0.272552
191950	-0.000343
192000	0.255473
192050	0.098974
192100	0.022632
192150	0.062516
192200	0.155450
192250	0.111274
192300	-0.146258
192350	-0.030894
192400	-0.026174
192450	0.077840
192500	0.071603
192550	0.010608
192600	0.189370
192650	0.188744
192700	0.022530
192750	0.262467
192800	0.049629
192850	-0.137696
192900	0.220115
192950	-0.233664
193000	0.190857
193050	-0.006790
193100	-0.324664
193150	-0.043631
193200	-0.047124
193250	0.025383
193300	-0.064827
193350	0.152941
193400	-0.274931
193450	-0.051050
193500	-0.163821
193550	-0.141898
193600	-0.106171
193650	-0.175811
193700	-0.139296
193750	-0.065757
193800	0.109831
193850	-0.003930
193900	-0.147983
193950	-0.142916
194000	-0.219242
194050	0.234613
194100	0.010588
194150	-0.288690
194200	-0.221932
194250	-0.036927
194300	0.193600
194350	0.104755
194400	-0.430851
194450	-0.283358
194500	0.021319
194550	0.015115
194600	0.107685
194650	-0.146305
194700	0.045298
194750	0.131206
194800	0.142799
194850	0.003383
194900	-0.297237
194950	-0.062703
195000	0.115266
195050	0.015147
195100	0.081478
195150	0.088403
195200	-0.089665
195250	0.132327
195300	-0.133818
195350	-0.025774
195400	-0.174236
195450	0.106145
195500	-0.004714
195550	0.051227
195600	0.015548
195650	-0.030599
195700	0.081705
195750	0.104773
195800	0.097577
195850	0.027527
195900	-0.286479
195950	-0.059412
196000	-0.241775
196050	0.145891
196100	0.042188
196150	-0.007914
196200	0.119837
196250	-0.089172
196300	-0.071052
196350	-0.178646
196400	0.003998
196450	0.004721
196500	0.057602
196550	-0.012944
196600	0.043433
196650	0.051518
196700	0.114157
196750	-0.089480
196800	-0.228686
196850	0.033315
196900	0.093332
196950	-0.018266
197000	0.140241
197050	0.255385
197100	-0.035529
197150	0.090431
197200	0.249456
197250	-0.081588
197300	0.100551
197350	-0.053213
197400	0.033802
197450	-0.014303
197500	0.175657
197550	-0.076996
197600	0.159816
197650	0.032601
197700	0.079659
197750	0.012351
197800	0.032850
197850	0.024758
197900	-0.078994
197950	-0.056069
198000	0.027379
198050	0.227900
198100	0.352805
198150	0.055929
198200	-0.016601
198250	0.073926
198300	-0.146357
198350	0.009104
198400	0.189510
198450	-0.043967
198500	0.044852
198550	-0.155772
198600	-0.097649
198650	0.315476
198700	0.003640
198750	0.327708
198800	0.049546
198850	0.086967
198900	0.323339
198950	0.187079
199000	0.012076
199050	0.206254
199100	0.122379
199150	-0.013851
199200	0.052281
199250	-0.011112
199300	-0.056772
199350	-0.037360
199400	-0.011838
199450	0.017445
199500	-0.175860
199550	0.118971
199600	0.023498
199650	-0.163205
199700	-0.079576
199750	0.007691
199800	-0.030257
199850	-0.229865
199900	0.031278
199950	-0.011642
