0	54.879705
50	3.048315
100	2.082540
150	2.189411
200	1.685001
250	1.512321
300	1.485900
350	1.721017
400	1.360199
450	1.390729
500	1.563321
550	1.307990
600	1.143668
650	1.112597
700	1.279856
750	1.653424
800	1.240208
850	1.172738
900	1.224891
950	1.114697
1000	1.258399
1050	1.235021
1100	1.342021
1150	1.341069
1200	1.196701
1250	1.209255
1300	1.151562
1350	1.240287
1400	1.220903
1450	1.418551
1500	1.206812
1550	1.316327
1600	1.377750
1650	1.083391
1700	1.614948
1750	1.509859
1800	1.148769
1850	1.369839
1900	1.230583
1950	1.211553
2000	1.183746
2050	1.121155
2100	1.284479
2150	1.271903
2200	1.303079
2250	1.353178
2300	1.304805
2350	1.183561
2400	1.488833
2450	1.075092
2500	1.333659
2550	1.319165
2600	1.247656
2650	1.631444
2700	1.324494
2750	0.903261
2800	1.412956
2850	1.213494
2900	1.414734
2950	1.148020
3000	1.271808
3050	1.334670
3100	1.626638
3150	1.117164
3200	1.406547
3250	1.388012
3300	1.096762
3350	1.285154
3400	1.447635
3450	1.299325
3500	1.354643
3550	1.266802
3600	1.472791
3650	1.130650
3700	0.906123
3750	1.234679
3800	1.241934
3850	1.261663
3900	1.221822
3950	1.209041
4000	1.226206
4050	1.318440
4100	1.200662
4150	1.061714
4200	1.327647
4250	1.227944
4300	1.535966
4350	1.024541
4400	1.212853
4450	1.424740
4500	0.926699
4550	1.346665
4600	1.249747
4650	1.401454
4700	1.181236
4750	1.576679
4800	1.106716
4850	1.153423
4900	1.222361
4950	1.192398
5000	1.398567
5050	1.078856
5100	1.241868
5150	1.181076
5200	1.116397
5250	1.004911
5300	0.972751
5350	1.215436
5400	1.209037
5450	1.174507
5500	1.176244
5550	1.467127
5600	1.205297
5650	0.826582
5700	1.357949
5750	1.344154
5800	1.122321
5850	1.348693
5900	1.276864
5950	1.294681
6000	1.267421
6050	1.018172
6100	1.224193
6150	0.979569
6200	1.534857
6250	1.300206
6300	1.327304
6350	1.470562
6400	1.306899
6450	1.203143
6500	1.396083
6550	1.016661
6600	1.197106
6650	1.344668
6700	1.277356
6750	1.325068
6800	1.333326
6850	1.444610
6900	1.335847
6950	1.158134
7000	1.127793
7050	1.369366
7100	1.206412
7150	1.216307
7200	1.175753
7250	1.301949
7300	1.169082
7350	1.362998
7400	1.608181
7450	1.447065
7500	1.391596
7550	1.246188
7600	1.258223
7650	1.389617
7700	1.426846
7750	1.273773
7800	1.456022
7850	1.182459
7900	1.186533
7950	1.082059
8000	1.113224
8050	1.199303
8100	1.365982
8150	1.277315
8200	1.350745
8250	1.348498
8300	1.161611
8350	1.533759
8400	1.235102
8450	1.356242
8500	0.788238
8550	1.269822
8600	1.125080
8650	1.131019
8700	1.250632
8750	1.025791
8800	1.225159
8850	1.183610
8900	1.348614
8950	1.114564
9000	0.963480
9050	1.071174
9100	1.344178
9150	0.790025
9200	1.327420
9250	1.236379
9300	1.182826
9350	1.374717
9400	1.216386
9450	1.190791
9500	1.409012
9550	0.999894
9600	1.080423
9650	1.362228
9700	1.164071
9750	1.236750
9800	1.214219
9850	1.121177
9900	1.220489
9950	1.279552
10000	1.241765
10050	1.182663
10100	1.419870
10150	1.366340
10200	1.195755
10250	1.062004
10300	1.132847
10350	0.947187
10400	1.168722
10450	1.237996
10500	1.302464
10550	1.297727
10600	1.350862
10650	1.260477
10700	1.372154
10750	1.373367
10800	1.050229
10850	1.491295
10900	1.309635
10950	1.069338
11000	1.206548
11050	1.296647
11100	1.189714
11150	0.984356
11200	1.350635
11250	1.295752
11300	1.069261
11350	1.181488
11400	0.998642
11450	1.010684
11500	1.290834
11550	0.934341
11600	1.126439
11650	1.119874
11700	1.251379
11750	1.049380
11800	1.117449
11850	1.242812
11900	1.240336
11950	1.295374
12000	1.165300
12050	1.440567
12100	1.663399
12150	1.175330
12200	0.972610
12250	1.077989
12300	0.859918
12350	0.867010
12400	1.373430
12450	1.436851
12500	1.216617
12550	1.327662
12600	1.101171
12650	1.528301
12700	1.098216
12750	1.544489
12800	0.926212
12850	1.174477
12900	1.639159
12950	1.376668
13000	1.195326
13050	1.126743
13100	1.365111
13150	1.037044
13200	1.252295
13250	1.458102
13300	1.127765
13350	1.211999
13400	1.195791
13450	0.729251
13500	1.111544
13550	1.178267
13600	1.182900
13650	1.132407
13700	0.957755
13750	1.046142
13800	0.683082
13850	1.152311
13900	1.203135
13950	0.992269
14000	1.021686
14050	1.407340
14100	1.477347
14150	1.370810
14200	1.081063
14250	1.028427
14300	1.313488
14350	1.350053
14400	1.060470
14450	1.367534
14500	1.093135
14550	1.342875
14600	1.266922
14650	1.334553
14700	1.078209
14750	1.101256
14800	1.071790
14850	1.304393
14900	1.121954
14950	1.173511
15000	1.125958
15050	1.301254
15100	1.346068
15150	1.018878
15200	1.281472
15250	1.303829
15300	1.252537
15350	1.403245
15400	1.421137
15450	0.831084
15500	1.002155
15550	1.189053
15600	1.082468
15650	1.123054
15700	1.045963
15750	1.066896
15800	1.269353
15850	1.223973
15900	1.099448
15950	1.117422
16000	1.063200
16050	1.293044
16100	0.966057
16150	1.105968
16200	1.260562
16250	1.121161
16300	1.007058
16350	1.091775
16400	1.140085
16450	1.180012
16500	1.227601
16550	1.129948
16600	1.220610
16650	1.123413
16700	1.305499
16750	1.126774
16800	1.486727
16850	1.366549
16900	1.160764
16950	1.300889
17000	1.360022
17050	0.852181
17100	1.341031
17150	0.990236
17200	1.101952
17250	1.089966
17300	1.274550
17350	1.260837
17400	1.200027
17450	1.371234
17500	1.165400
17550	1.191545
17600	1.160880
17650	1.227383
17700	1.028967
17750	1.274193
17800	1.367704
17850	1.190515
17900	1.335036
17950	1.063124
18000	1.270258
18050	1.057024
18100	0.927953
18150	1.024369
18200	1.048391
18250	1.016623
18300	1.225898
18350	1.018658
18400	1.253291
18450	1.159545
18500	1.315630
18550	1.223008
18600	1.352104
18650	0.994671
18700	0.971751
18750	1.301400
18800	1.131647
18850	1.035045
18900	0.866195
18950	1.083971
19000	1.434500
19050	0.982390
19100	1.049142
19150	1.249447
19200	1.030926
19250	1.212680
19300	1.306779
19350	1.133955
19400	1.100245
19450	1.391341
19500	1.021405
19550	0.996453
19600	1.179235
19650	1.140316
19700	0.945966
19750	1.059191
19800	1.273830
19850	1.211689
19900	1.101828
19950	1.185010
20000	1.355810
20050	1.226762
20100	1.310920
20150	1.122324
20200	1.414430
20250	1.043025
20300	1.163813
20350	1.158805
20400	1.336593
20450	1.079111
20500	1.122647
20550	1.191701
20600	1.123440
20650	1.222769
20700	1.307817
20750	1.248123
20800	1.506811
20850	1.127637
20900	1.284160
20950	1.351119
21000	1.109547
21050	1.205522
21100	1.340893
21150	0.903959
21200	1.372410
21250	1.224845
21300	1.312556
21350	1.351066
21400	1.232187
21450	1.280848
21500	1.329905
21550	1.162793
21600	1.098898
21650	1.067890
21700	1.035771
21750	1.103089
21800	1.165628
21850	1.384584
21900	1.060112
21950	1.214967
22000	1.305599
22050	1.001061
22100	1.194010
22150	1.174069
22200	1.053933
22250	1.133268
22300	0.974000
22350	1.271423
22400	1.160138
22450	1.184655
22500	1.260384
22550	1.516186
22600	1.058260
22650	1.323552
22700	1.361829
22750	0.984557
22800	1.301858
22850	1.179951
22900	1.177416
22950	1.385749
23000	1.688154
23050	1.254611
23100	1.099105
23150	1.007432
23200	1.172440
23250	0.919735
23300	1.122187
23350	1.275044
23400	1.188828
23450	1.180272
23500	1.053868
23550	1.293835
23600	1.224819
23650	1.266090
23700	1.249368
23750	1.282465
23800	1.304987
23850	1.313514
23900	1.340202
23950	1.377219
24000	1.371017
24050	0.841850
24100	1.276486
24150	1.176085
24200	1.334079
24250	1.527915
24300	1.190813
24350	1.238705
24400	1.259814
24450	1.117395
24500	1.089691
24550	0.938798
24600	1.163729
24650	1.255687
24700	1.103337
24750	1.190145
24800	1.076468
24850	0.956185
24900	0.925587
24950	1.009264
25000	1.222243
25050	1.323562
25100	1.214085
25150	1.412776
25200	1.301547
25250	1.325844
25300	1.123545
25350	1.187406
25400	0.881379
25450	1.438341
25500	1.115673
25550	1.027862
25600	1.245479
25650	1.426990
25700	1.040553
25750	1.034053
25800	0.858199
25850	1.221354
25900	1.073828
25950	0.965766
26000	1.164822
26050	1.321639
26100	1.474510
26150	1.365681
26200	1.257174
26250	1.489203
26300	1.317975
26350	0.973174
26400	0.952810
26450	1.133220
26500	1.070409
26550	1.068327
26600	1.306783
26650	1.125418
26700	1.349616
26750	0.940479
26800	1.370794
26850	1.058902
26900	1.226800
26950	1.314011
27000	0.938138
27050	1.263169
27100	1.186624
27150	1.165470
27200	1.327544
27250	1.017633
27300	1.286084
27350	1.167180
27400	1.253124
27450	1.274811
27500	0.991117
27550	1.325172
27600	1.073521
27650	1.279122
27700	1.062874
27750	1.124998
27800	1.196445
27850	1.027588
27900	1.011321
27950	1.358153
28000	0.972717
28050	1.222791
28100	1.238940
28150	1.097237
28200	1.167719
28250	1.192223
28300	1.108648
28350	1.356152
28400	1.148974
28450	1.180440
28500	1.256656
28550	1.168177
28600	1.183140
28650	1.231153
28700	0.949810
28750	1.186481
28800	1.135039
28850	1.295844
28900	1.358623
28950	1.243196
29000	1.382794
29050	1.332504
29100	1.182176
29150	1.489508
29200	1.150808
29250	1.179582
29300	1.242856
29350	1.132422
29400	1.179806
29450	1.427707
29500	1.299607
29550	1.327563
29600	1.178545
29650	1.130487
29700	1.314460
29750	1.309663
29800	1.259860
29850	1.224855
29900	1.152912
29950	1.136362
30000	1.166071
30050	1.115196
30100	0.932887
30150	1.011885
30200	1.266005
30250	1.097807
30300	1.011961
30350	1.276028
30400	1.034926
30450	1.025945
30500	1.217446
30550	1.147216
30600	1.159658
30650	1.143346
30700	1.174007
30750	1.220188
30800	1.073091
30850	1.380224
30900	0.999636
30950	1.165255
31000	1.478728
31050	1.241353
31100	0.992056
31150	1.127393
31200	1.314594
31250	1.153116
31300	1.049498
31350	1.227408
31400	1.455793
31450	1.382513
31500	1.023774
31550	1.319131
31600	1.427145
31650	1.256448
31700	1.279765
31750	1.200583
31800	1.416573
31850	1.175588
31900	1.417087
31950	1.200455
32000	1.194987
32050	1.240695
32100	1.365102
32150	0.961130
32200	1.247783
32250	0.981711
32300	1.087654
32350	1.238317
32400	1.156336
32450	1.140673
32500	1.285123
32550	1.116775
32600	1.266188
32650	1.007605
32700	0.868433
32750	0.997849
32800	1.245867
32850	1.304602
32900	0.997441
32950	1.402004
33000	1.331491
33050	1.366636
33100	1.625913
33150	1.594592
33200	1.175757
33250	1.220683
33300	1.073941
33350	1.173587
33400	1.376425
33450	1.084634
33500	1.152007
33550	1.095604
33600	1.247093
33650	0.979285
33700	1.260161
33750	1.218137
33800	1.188938
33850	1.155925
33900	1.163123
33950	1.303823
34000	1.209909
34050	1.156466
34100	1.030945
34150	1.164332
34200	1.009413
34250	1.221342
34300	1.262801
34350	1.240181
34400	1.047099
34450	1.186148
34500	1.247895
34550	1.204289
34600	1.272843
34650	1.078641
34700	1.276933
34750	1.420286
34800	1.189766
34850	1.081586
34900	1.367771
34950	1.600936
35000	1.328970
35050	1.001159
35100	1.237022
35150	1.117351
35200	0.953830
35250	1.128291
35300	1.194703
35350	1.052345
35400	1.214868
35450	1.229063
35500	1.172711
35550	1.066517
35600	1.315816
35650	1.325278
35700	1.376517
35750	1.414745
35800	1.071818
35850	1.092356
35900	1.131181
35950	1.245177
36000	1.408085
36050	1.120353
36100	1.297847
36150	1.026090
36200	1.552763
36250	1.400070
36300	1.014509
36350	1.202608
36400	1.064617
36450	1.074853
36500	1.078106
36550	1.257845
36600	1.315997
36650	1.313913
36700	1.304392
36750	1.398214
36800	1.069010
36850	0.965280
36900	1.317092
36950	1.059780
37000	0.825033
37050	1.073481
37100	1.082760
37150	1.308991
37200	1.259346
37250	0.765022
37300	0.894037
37350	1.219636
37400	0.962847
37450	1.073166
37500	1.379866
37550	1.016349
37600	1.059700
37650	1.016236
37700	1.336303
37750	0.989762
37800	1.111759
37850	1.295845
37900	0.999577
37950	1.282172
38000	1.001472
38050	1.195525
38100	1.164137
38150	0.973174
38200	1.351249
38250	1.444179
38300	1.111808
38350	1.142178
38400	1.303571
38450	1.362125
38500	0.891231
38550	1.179682
38600	1.440588
38650	0.907471
38700	1.110348
38750	1.249045
38800	1.344905
38850	1.097808
38900	1.064260
38950	1.663777
39000	1.299040
39050	1.171638
39100	0.937214
39150	1.411104
39200	1.042749
39250	1.432938
39300	1.008330
39350	1.229392
39400	1.495104
39450	1.123866
39500	1.173733
39550	1.103469
39600	1.180502
39650	1.241516
39700	1.273552
39750	1.179452
39800	1.275494
39850	1.216609
39900	1.063135
39950	0.626417
40000	1.394155
40050	1.097905
40100	0.966350
40150	1.249840
40200	0.982747
40250	1.246972
40300	1.144441
40350	0.886068
40400	1.252776
40450	0.994501
40500	1.346430
40550	1.040029
40600	1.135262
40650	1.150338
40700	1.242061
40750	1.427530
40800	1.215802
40850	1.306916
40900	0.903966
40950	1.392335
41000	1.201115
41050	1.369390
41100	1.341220
41150	1.212306
41200	0.974706
41250	0.959933
41300	1.416006
41350	1.244761
41400	0.910295
41450	1.090723
41500	1.392669
41550	1.199044
41600	1.084454
41650	0.921963
41700	1.131246
41750	1.126128
41800	1.140796
41850	1.103102
41900	0.961226
41950	1.212606
42000	1.259367
42050	1.135563
42100	1.095151
42150	1.236656
42200	1.268264
42250	1.105980
42300	1.251288
42350	1.084871
42400	1.279145
42450	1.124941
42500	1.101965
42550	0.986911
42600	1.405356
42650	1.269006
42700	1.129380
42750	1.266703
42800	1.168778
42850	1.526487
42900	1.171265
42950	1.158995
43000	1.316225
43050	1.066287
43100	1.302639
43150	1.039144
43200	0.899775
43250	1.027422
43300	1.127155
43350	1.039525
43400	1.285532
43450	1.093748
43500	1.130395
43550	1.086769
43600	1.162447
43650	1.014146
43700	1.116699
43750	1.302592
43800	1.413621
43850	1.370082
43900	1.050855
43950	0.958526
44000	1.052458
44050	1.183391
44100	1.010597
44150	1.251700
44200	1.062779
44250	1.136260
44300	0.998967
44350	1.423563
44400	1.438066
44450	1.315013
44500	1.285859
44550	1.207211
44600	1.398031
44650	1.154414
44700	1.030607
44750	0.950276
44800	1.232650
44850	1.330237
44900	1.237261
44950	1.135609
45000	0.999661
45050	1.202149
45100	1.125526
45150	1.263299
45200	1.185030
45250	1.196528
45300	1.074626
45350	0.833461
45400	1.193101
45450	1.288529
45500	1.050775
45550	1.357860
45600	1.342812
45650	1.237087
45700	1.409199
45750	1.003666
45800	1.241490
45850	1.111987
45900	1.021407
45950	1.396194
46000	0.992995
46050	1.614504
46100	1.018683
46150	1.287290
46200	1.108942
46250	1.238853
46300	1.394539
46350	1.455552
46400	1.106885
46450	1.131177
46500	1.233781
46550	0.904334
46600	1.069928
46650	1.284526
46700	1.210217
46750	1.079607
46800	1.076625
46850	1.090920
46900	0.982885
46950	1.219071
47000	1.180757
47050	1.085638
47100	1.193676
47150	1.042520
47200	1.264501
47250	1.137989
47300	1.340073
47350	1.258160
47400	1.058699
47450	1.119284
47500	1.100239
47550	0.980306
47600	0.844334
47650	1.104369
47700	1.034284
47750	0.946838
47800	1.206501
47850	1.436078
47900	0.979359
47950	0.947457
48000	1.287184
48050	1.242235
48100	0.983236
48150	1.176664
48200	1.148460
48250	1.227021
48300	1.098963
48350	0.926089
48400	0.964194
48450	1.344876
48500	1.148832
48550	1.225985
48600	1.231791
48650	1.213597
48700	1.366730
48750	1.196307
48800	1.367567
48850	1.370960
48900	1.012366
48950	1.623622
49000	1.195460
49050	1.049598
49100	1.573287
49150	1.477794
49200	1.414565
49250	1.340931
49300	1.149445
49350	0.869623
49400	1.246308
49450	1.284850
49500	1.076029
49550	1.301816
49600	1.166661
49650	1.221923
49700	0.950527
49750	0.955562
49800	1.218357
49850	1.269034
49900	0.991240
49950	1.327148
50000	1.156258
50050	0.961436
50100	1.239250
50150	1.244312
50200	1.411874
50250	1.193332
50300	0.952428
50350	1.412537
50400	1.162630
50450	1.247011
50500	1.208220
50550	1.232040
50600	1.260032
50650	1.263582
50700	1.141793
50750	1.432268
50800	1.211137
50850	1.123578
50900	1.223039
50950	1.363272
51000	0.915012
51050	1.242940
51100	1.315805
51150	1.117715
51200	1.380050
51250	1.223138
51300	1.424163
51350	1.274773
51400	1.141252
51450	1.158056
51500	1.101597
51550	0.980253
51600	1.450516
51650	1.068382
51700	1.008748
51750	1.122279
51800	1.314529
51850	1.095305
51900	1.162270
51950	1.237471
52000	1.118422
52050	1.207994
52100	0.818436
52150	1.355555
52200	1.279214
52250	1.343952
52300	1.399673
52350	1.169781
52400	1.414916
52450	1.411188
52500	1.147547
52550	1.140455
52600	1.472698
52650	1.472009
52700	1.341751
52750	1.339662
52800	1.336189
52850	1.074933
52900	1.207350
52950	1.204718
53000	1.273936
53050	1.278981
53100	1.253081
53150	1.181938
53200	1.199404
53250	1.176815
53300	1.075411
53350	0.834875
53400	1.206172
53450	0.865742
53500	1.050233
53550	0.835746
53600	1.010063
53650	1.138034
53700	1.115566
53750	1.240091
53800	1.261550
53850	1.278022
53900	1.223258
53950	0.770978
54000	0.898628
54050	1.113582
54100	1.070464
54150	1.078305
54200	1.382109
54250	1.454093
54300	0.955644
54350	1.230274
54400	1.107014
54450	1.008357
54500	1.167084
54550	1.219823
54600	1.481547
54650	0.886897
54700	1.164522
54750	1.093919
54800	1.010945
54850	1.111120
54900	1.461724
54950	1.080700
55000	1.262559
55050	1.038179
55100	0.808137
55150	1.434985
55200	1.296561
55250	1.095940
55300	1.075927
55350	1.271109
55400	1.308625
55450	1.260155
55500	1.174621
55550	1.359899
55600	1.050775
55650	0.975742
55700	1.413320
55750	1.338430
55800	1.349740
55850	1.348140
55900	1.246408
55950	1.130717
56000	1.161797
56050	1.376700
56100	1.038201
56150	1.175182
56200	1.172007
56250	1.242575
56300	0.989224
56350	1.389270
56400	1.119184
56450	1.301469
56500	1.490373
56550	0.863599
56600	0.989562
56650	1.170606
56700	1.067654
56750	1.168121
56800	0.958463
56850	1.218304
56900	1.202878
56950	1.215097
57000	1.227254
57050	1.112737
57100	1.197352
57150	0.935647
57200	1.160214
57250	1.426876
57300	1.330200
57350	1.248029
57400	0.931780
57450	1.191014
57500	1.293240
57550	1.168424
57600	1.134371
57650	1.304172
57700	1.193042
57750	0.718043
57800	1.413452
57850	1.190342
57900	0.885665
57950	1.353704
58000	1.226378
58050	1.598833
58100	0.933304
58150	1.148827
58200	1.349106
58250	1.336979
58300	1.305008
58350	1.122338
58400	1.249864
58450	1.277536
58500	1.155761
58550	1.356850
58600	1.192760
58650	1.115167
58700	1.123112
58750	1.365429
58800	1.552819
58850	1.019105
58900	1.125310
58950	1.056288
59000	1.252085
59050	0.985258
59100	1.110058
59150	1.203920
59200	1.072973
59250	1.477594
59300	1.468641
59350	1.348989
59400	1.434677
59450	1.278985
59500	1.095296
59550	0.963393
59600	1.036562
59650	1.133794
59700	1.318970
59750	1.366418
59800	1.331691
59850	1.201967
59900	1.190644
59950	1.344705
60000	1.167995
60050	1.434680
60100	1.344389
60150	1.126451
60200	1.282345
60250	1.225077
60300	1.423763
60350	1.370465
60400	1.119767
60450	1.146314
60500	1.363259
60550	0.895339
60600	1.287353
60650	1.360013
60700	1.369521
60750	1.546681
60800	1.238172
60850	1.032464
60900	1.127621
60950	0.987539
61000	0.869077
61050	0.999622
61100	0.973858
61150	1.215719
61200	0.841465
61250	1.325151
61300	1.009614
61350	0.978703
61400	1.224234
61450	1.123190
61500	1.211816
61550	1.120485
61600	0.901426
61650	1.311236
61700	1.248619
61750	1.135405
61800	1.066913
61850	1.381168
61900	1.400942
61950	1.105537
62000	1.421079
62050	1.311039
62100	1.274434
62150	1.309064
62200	1.339462
62250	1.124879
62300	1.138707
62350	1.169038
62400	0.987222
62450	1.394989
62500	1.222167
62550	1.176746
62600	1.130819
62650	1.075584
62700	1.245144
62750	1.238538
62800	1.122660
62850	1.173317
62900	1.273617
62950	1.315318
63000	1.365990
63050	0.948706
63100	0.983963
63150	1.441846
63200	1.063269
63250	1.261521
63300	1.102627
63350	1.341094
63400	1.301355
63450	1.388226
63500	1.160802
63550	1.272614
63600	1.251497
63650	0.945819
63700	1.151895
63750	1.258061
63800	1.205464
63850	1.228578
63900	1.034880
63950	1.028567
64000	1.222030
64050	1.299368
64100	1.256355
64150	1.095548
64200	1.363819
64250	1.089783
64300	1.390584
64350	1.257842
64400	1.181382
64450	1.216053
64500	1.394776
64550	1.242664
64600	0.984446
64650	0.972759
64700	1.440404
64750	1.136088
64800	1.338060
64850	1.191355
64900	1.388982
64950	1.091542
65000	0.884575
65050	1.280053
65100	1.183896
65150	1.141405
65200	1.287659
65250	1.237123
65300	1.014761
65350	1.153666
65400	0.933738
65450	1.380584
65500	1.323912
65550	1.236626
65600	1.296046
65650	1.273807
65700	1.180593
65750	1.168572
65800	1.227107
65850	1.358809
65900	1.014425
65950	1.037238
66000	1.249479
66050	0.974752
66100	1.175973
66150	1.469475
66200	1.290107
66250	1.149465
66300	1.214564
66350	1.131893
66400	1.168681
66450	1.229171
66500	1.290580
66550	1.294344
66600	1.092100
66650	1.282837
66700	1.269127
66750	1.258864
66800	1.374387
66850	1.191402
66900	1.184262
66950	1.229154
67000	1.082597
67050	1.033897
67100	1.403023
67150	1.234882
67200	1.477682
67250	1.308827
67300	1.275769
67350	1.501646
67400	1.180501
67450	1.266191
67500	1.666963
67550	1.265110
67600	1.157593
67650	0.926165
67700	0.958449
67750	1.234910
67800	1.383749
67850	1.261249
67900	1.072111
67950	1.159637
68000	1.202126
68050	0.987706
68100	0.971930
68150	0.823943
68200	1.407030
68250	1.174678
68300	0.961150
68350	1.191477
68400	0.907617
68450	0.888198
68500	1.121155
68550	1.197813
68600	1.135876
68650	1.053700
68700	1.463430
68750	0.967721
68800	1.018135
68850	1.286795
68900	1.444588
68950	0.982016
69000	1.209178
69050	1.251683
69100	1.200185
69150	1.134131
69200	0.738946
69250	1.328425
69300	1.228824
69350	1.267848
69400	1.170585
69450	1.140879
69500	1.153496
69550	1.322307
69600	1.241606
69650	1.336973
69700	1.144578
69750	1.354940
69800	1.085430
69850	1.210024
69900	0.965497
69950	1.132592
70000	1.098038
70050	1.204052
70100	1.124090
70150	1.169009
70200	1.159956
70250	1.613303
70300	0.839549
70350	1.131096
70400	1.091513
70450	1.250856
70500	1.135780
70550	1.198129
70600	1.113359
70650	1.166986
70700	1.011105
70750	1.408962
70800	0.849728
70850	1.361184
70900	1.263921
70950	1.395804
71000	0.982363
71050	1.230343
71100	1.063339
71150	1.441984
71200	1.253576
71250	0.965140
71300	1.271706
71350	1.150712
71400	1.110952
71450	1.253429
71500	1.172970
71550	1.234907
71600	1.182193
71650	1.348200
71700	1.354576
71750	1.280552
71800	1.084373
71850	1.009488
71900	1.087810
71950	1.280429
72000	1.256194
72050	1.075172
72100	1.193361
72150	1.410224
72200	1.215448
72250	1.027256
72300	1.120038
72350	1.119854
72400	1.159040
72450	1.256969
72500	1.325185
72550	1.201149
72600	1.150208
72650	1.253253
72700	1.233575
72750	1.251324
72800	1.358171
72850	1.522687
72900	1.104209
72950	1.406733
73000	1.381538
73050	1.280085
73100	1.401216
73150	1.262311
73200	1.332934
73250	1.278077
73300	1.180944
73350	1.318604
73400	1.301487
73450	1.227022
73500	1.278560
73550	1.238240
73600	1.202525
73650	1.292322
73700	1.033736
73750	1.314316
73800	1.255030
73850	1.361212
73900	1.433830
73950	1.049243
74000	0.932436
74050	1.244233
74100	1.226182
74150	1.275379
74200	0.964253
74250	1.094185
74300	1.159297
74350	0.948121
74400	1.085631
74450	1.294222
74500	1.267560
74550	1.212927
74600	1.183637
74650	1.063582
74700	0.903839
74750	1.046574
74800	1.065194
74850	1.046188
74900	1.363838
74950	1.235469
75000	1.129304
75050	1.300233
75100	1.414557
75150	1.201070
75200	1.412876
75250	1.056370
75300	1.107608
75350	1.474404
75400	1.203409
75450	1.241326
75500	1.233015
75550	1.253528
75600	1.130898
75650	1.311107
75700	1.339031
75750	1.055912
75800	0.915200
75850	1.201536
75900	1.045143
75950	1.274626
76000	1.190320
76050	1.344389
76100	1.435745
76150	1.396598
76200	0.905879
76250	1.432241
76300	1.295562
76350	1.277870
76400	1.198150
76450	1.072448
76500	1.243584
76550	1.178560
76600	1.227470
76650	1.305613
76700	1.147122
76750	1.220109
76800	1.192911
76850	1.377536
76900	1.329007
76950	1.432382
77000	1.231118
77050	1.468208
77100	1.096380
77150	0.910716
77200	1.370361
77250	1.003211
77300	1.010578
77350	1.219802
77400	1.328062
77450	1.239028
77500	1.145346
77550	1.486834
77600	1.361313
77650	1.449274
77700	1.066791
77750	1.266765
77800	1.188868
77850	1.098492
77900	1.521020
77950	1.158883
78000	0.905526
78050	1.289248
78100	1.272326
78150	1.193335
78200	0.911794
78250	1.129333
78300	1.245209
78350	1.270212
78400	1.296972
78450	1.481476
78500	1.103751
78550	1.171037
78600	1.237976
78650	1.147048
78700	1.078395
78750	1.052250
78800	1.231997
78850	1.154951
78900	0.806523
78950	1.390908
79000	1.199039
79050	1.294374
79100	1.074360
79150	1.217886
79200	1.338143
79250	0.980278
79300	1.272930
79350	1.243661
79400	1.076478
79450	1.087012
79500	0.836600
79550	0.968163
79600	1.247603
79650	1.061725
79700	1.084627
79750	1.294606
79800	1.138349
79850	1.016210
79900	1.028019
79950	1.081151
80000	1.007847
80050	1.019785
80100	1.019696
80150	1.009346
80200	1.073126
80250	1.135512
80300	1.270419
80350	1.115226
80400	1.127541
80450	1.349004
80500	1.131832
80550	1.142513
80600	0.866542
80650	1.144752
80700	1.098653
80750	1.174229
80800	1.281407
80850	1.389797
80900	1.167176
80950	1.207431
81000	1.268649
81050	0.985139
81100	1.157365
81150	1.107782
81200	1.012902
81250	1.085009
81300	1.279441
81350	0.949070
81400	0.832270
81450	1.254360
81500	0.847385
81550	0.979720
81600	1.293745
81650	1.021405
81700	1.081483
81750	1.284467
81800	1.456102
81850	1.141640
81900	1.138244
81950	1.535529
82000	1.211943
82050	1.116619
82100	1.374826
82150	1.112628
82200	1.135121
82250	0.851341
82300	1.394922
82350	1.654941
82400	1.027786
82450	1.347539
82500	1.181712
82550	1.190408
82600	1.067021
82650	1.302614
82700	1.156864
82750	1.313973
82800	1.159406
82850	1.056435
82900	0.985897
82950	1.038822
83000	1.202174
83050	1.078519
83100	0.833110
83150	1.180719
83200	1.119827
83250	1.082867
83300	1.393200
83350	1.276999
83400	1.235181
83450	0.968906
83500	1.468391
83550	1.255117
83600	0.847433
83650	1.182624
83700	1.269889
83750	1.191363
83800	1.188634
83850	1.271415
83900	1.514341
83950	1.187264
84000	1.254794
84050	1.262726
84100	1.146898
84150	0.990817
84200	1.292570
84250	1.369255
84300	1.325361
84350	1.235093
84400	1.302226
84450	1.270942
84500	1.072052
84550	1.063423
84600	1.262441
84650	1.428254
84700	1.522605
84750	1.267775
84800	1.161453
84850	1.155623
84900	1.191881
84950	1.201381
85000	1.215278
85050	1.216613
85100	1.264759
85150	1.146058
85200	1.309350
85250	1.198345
85300	1.076852
85350	1.126404
85400	1.247483
85450	1.536958
85500	1.424641
85550	1.193842
85600	1.245059
85650	1.208439
85700	1.236832
85750	1.214717
85800	1.307273
85850	1.371428
85900	1.049718
85950	1.289890
86000	1.020628
86050	0.620072
86100	1.466015
86150	1.095947
86200	1.218090
86250	1.065997
86300	1.217142
86350	1.121164
86400	1.260812
86450	0.849975
86500	1.517967
86550	1.279705
86600	1.205260
86650	1.110263
86700	1.115040
86750	1.140048
86800	1.310167
86850	1.339324
86900	1.523779
86950	1.269418
87000	1.042136
87050	1.172612
87100	1.423516
87150	1.186898
87200	1.180374
87250	1.416174
87300	1.217310
87350	1.143419
87400	1.164630
87450	1.110186
87500	1.254297
87550	1.171425
87600	1.061479
87650	1.102592
87700	0.911634
87750	0.921147
87800	1.317976
87850	1.245928
87900	1.192155
87950	1.104895
88000	1.163549
88050	1.068698
88100	1.319368
88150	0.864297
88200	1.369109
88250	1.154637
88300	1.246731
88350	1.381008
88400	1.174086
88450	1.285740
88500	1.623984
88550	1.166071
88600	1.282336
88650	1.183398
88700	1.421974
88750	1.279054
88800	1.235805
88850	1.178897
88900	1.083513
88950	1.173894
89000	1.260666
89050	0.902971
89100	1.152120
89150	1.173596
89200	1.138638
89250	1.213810
89300	1.233457
89350	1.283167
89400	1.242501
89450	1.027957
89500	1.336641
89550	1.066679
89600	1.274061
89650	1.264132
89700	1.306198
89750	1.185007
89800	1.052449
89850	1.200183
89900	1.172493
89950	1.152836
90000	1.321358
90050	1.247280
90100	0.878898
90150	0.938560
90200	1.225903
90250	1.255636
90300	0.979012
90350	1.335451
90400	1.144063
90450	1.337268
90500	1.072021
90550	1.226288
90600	1.006905
90650	1.161709
90700	1.069585
90750	1.419732
90800	0.961031
90850	1.440990
90900	1.225156
90950	1.153061
91000	1.209400
91050	1.064803
91100	1.361684
91150	1.343454
91200	1.397645
91250	0.961438
91300	1.327275
91350	1.331784
91400	1.153198
91450	1.289551
91500	0.930341
91550	1.306623
91600	1.142440
91650	1.147723
91700	1.232336
91750	1.308970
91800	1.203836
91850	1.174059
91900	1.278315
91950	1.198343
92000	1.181651
92050	1.213485
92100	1.038916
92150	1.062972
92200	1.213572
92250	1.383052
92300	1.329496
92350	1.611333
92400	1.344802
92450	1.048182
92500	1.157614
92550	1.000028
92600	0.976924
92650	1.375234
92700	1.013636
92750	1.227208
92800	1.376976
92850	1.179001
92900	1.083963
92950	1.346542
93000	1.084225
93050	0.965843
93100	1.075460
93150	0.897549
93200	1.218769
93250	1.224196
93300	1.110808
93350	1.226762
93400	1.394617
93450	1.336362
93500	1.424751
93550	1.266483
93600	1.196193
93650	1.340384
93700	1.119599
93750	1.201693
93800	1.336938
93850	1.249158
93900	1.056284
93950	1.184929
94000	1.306340
94050	1.145987
94100	1.070387
94150	1.156634
94200	0.960046
94250	1.111016
94300	1.115119
94350	1.160285
94400	1.216416
94450	1.040470
94500	1.207897
94550	1.377263
94600	1.316913
94650	1.243339
94700	1.496459
94750	1.134730
94800	1.321890
94850	1.391527
94900	1.296618
94950	0.863401
95000	1.127554
95050	1.109918
95100	1.307111
95150	1.054537
95200	1.188796
95250	1.209353
95300	1.298952
95350	1.050096
95400	1.137935
95450	1.469220
95500	1.004648
95550	1.102097
95600	1.097179
95650	1.122123
95700	1.308330
95750	1.454354
95800	1.268446
95850	1.084375
95900	1.090001
95950	1.161985
96000	1.173885
96050	1.392292
96100	1.217582
96150	0.962597
96200	1.502574
96250	1.310966
96300	1.379180
96350	1.378446
96400	1.066351
96450	1.365963
96500	1.349007
96550	0.933675
96600	1.353811
96650	1.319766
96700	1.028589
96750	1.023903
96800	1.141701
96850	1.288811
96900	1.482365
96950	1.385612
97000	1.142450
97050	1.039318
97100	1.020973
97150	1.011862
97200	1.163629
97250	1.316302
97300	1.359899
97350	1.232694
97400	1.413684
97450	1.286297
97500	1.072882
97550	1.294664
97600	1.083859
97650	1.377430
97700	1.381766
97750	1.308046
97800	1.359026
97850	0.951566
97900	1.057833
97950	1.336589
98000	1.098268
98050	1.215484
98100	1.382888
98150	0.923083
98200	1.206832
98250	1.025545
98300	1.040455
98350	1.359878
98400	1.179425
98450	0.768321
98500	1.097946
98550	1.214192
98600	1.131342
98650	1.622441
98700	1.800928
98750	1.270835
98800	1.203704
98850	1.312924
98900	1.131549
98950	1.233448
99000	1.531365
99050	1.096478
99100	1.068494
99150	1.078615
99200	1.490270
99250	1.237169
99300	1.290316
99350	1.311797
99400	1.375036
99450	1.048603
99500	1.272972
99550	1.261329
99600	1.308166
99650	1.161062
99700	1.159050
99750	1.492116
99800	0.992770
99850	1.261311
99900	1.188041
99950	0.988850
100000	1.223451
100050	1.334033
100100	1.284773
100150	1.356145
100200	1.285633
100250	1.317226
100300	1.482733
100350	1.207057
100400	1.234425
100450	1.667407
100500	1.284424
100550	1.224023
100600	1.342122
100650	1.238967
100700	0.870654
100750	1.172112
100800	1.042255
100850	0.910751
100900	1.205011
100950	1.235882
101000	0.959229
101050	1.287101
101100	1.425814
101150	1.148461
101200	1.098133
101250	1.040107
101300	1.192465
101350	1.334785
101400	1.131455
101450	1.380245
101500	1.051883
101550	1.319396
101600	1.310834
101650	1.357186
101700	1.209004
101750	0.927198
101800	1.160942
101850	1.434476
101900	1.118808
101950	1.083185
102000	1.310191
102050	1.510425
102100	1.161497
102150	1.002137
102200	1.308950
102250	1.223042
102300	1.336580
102350	1.153866
102400	1.034238
102450	1.000790
102500	1.155602
102550	0.869725
102600	1.182556
102650	1.313568
102700	1.046741
102750	1.332214
102800	1.208650
102850	1.501819
102900	1.105883
102950	1.393740
103000	1.423314
103050	1.048171
103100	1.300535
103150	1.200179
103200	1.490987
103250	1.137190
103300	1.226287
103350	1.191756
103400	1.127772
103450	1.278287
103500	1.523534
103550	1.174444
103600	1.049843
103650	1.001359
103700	1.128507
103750	1.396921
103800	1.057741
103850	1.210767
103900	0.997065
103950	1.106084
104000	1.330803
104050	1.185543
104100	1.353941
104150	1.033335
104200	1.233864
104250	1.318010
104300	1.436390
104350	1.230622
104400	1.484263
104450	1.199456
104500	1.018967
104550	1.263560
104600	1.198444
104650	1.001479
104700	1.460329
104750	1.259250
104800	1.171127
104850	1.128573
104900	1.299337
104950	1.242619
105000	1.304636
105050	1.080964
105100	1.027909
105150	1.375285
105200	1.321754
105250	1.034333
105300	1.251579
105350	1.085905
105400	1.214501
105450	1.379831
105500	1.432682
105550	1.188792
105600	1.349055
105650	0.933909
105700	0.967913
105750	1.421785
105800	0.972130
105850	1.290714
105900	1.156817
105950	1.021310
106000	1.415071
106050	1.129669
106100	1.073385
106150	1.341528
106200	1.364449
106250	1.267291
106300	0.973792
106350	1.257486
106400	1.042561
106450	0.909016
106500	1.358619
106550	1.149405
106600	1.199579
106650	0.958183
106700	1.095207
106750	1.495542
106800	1.216973
106850	1.000038
106900	0.838413
106950	1.153794
107000	1.128148
107050	1.188923
107100	1.287869
107150	1.250188
107200	1.338611
107250	1.132169
107300	1.166895
107350	0.955792
107400	1.244315
107450	1.190800
107500	1.152153
107550	1.325023
107600	1.181677
107650	1.261334
107700	1.258844
107750	1.214258
107800	1.284294
107850	1.417040
107900	0.880165
107950	1.187073
108000	1.306443
108050	0.914441
108100	1.316826
108150	1.285492
108200	1.352688
108250	1.250945
108300	1.186972
108350	1.176092
108400	1.325792
108450	1.565366
108500	1.152644
108550	1.112879
108600	1.086370
108650	1.403136
108700	1.198253
108750	1.332436
108800	1.056281
108850	1.038938
108900	1.551448
108950	1.225365
109000	1.361689
109050	1.068873
109100	1.111234
109150	1.253248
109200	1.012873
109250	1.205932
109300	1.107300
109350	1.397854
109400	1.530398
109450	0.995098
109500	1.029891
109550	1.372007
109600	1.477002
109650	1.135880
109700	1.394530
109750	1.079467
109800	0.919518
109850	0.906962
109900	1.176854
109950	0.970155
110000	1.377352
110050	1.050162
110100	1.503628
110150	1.426886
110200	1.124600
110250	1.028443
110300	1.065332
110350	1.135264
110400	1.222155
110450	1.440791
110500	1.115681
110550	1.582294
110600	1.200650
110650	1.450215
110700	1.327988
110750	1.153077
110800	1.397781
110850	1.444562
110900	1.020973
110950	1.039793
111000	0.984245
111050	1.179969
111100	1.210682
111150	1.178211
111200	1.311825
111250	1.187877
111300	1.389734
111350	1.394266
111400	1.532045
111450	1.237381
111500	1.250423
111550	1.603118
111600	1.167182
111650	1.425009
111700	1.078237
111750	1.223887
111800	1.336875
111850	0.960469
111900	0.898077
111950	1.183135
112000	0.998124
112050	1.161293
112100	1.008829
112150	1.122923
112200	1.200757
112250	1.074315
112300	1.042670
112350	0.816727
112400	1.419863
112450	1.203860
112500	0.938365
112550	1.389441
112600	1.016645
112650	1.161772
112700	1.266622
112750	1.273317
112800	1.296043
112850	1.230670
112900	0.955703
112950	1.178373
113000	1.138000
113050	1.291308
113100	1.027097
113150	1.073049
113200	1.172573
113250	1.082254
113300	1.282602
113350	1.000820
113400	0.983246
113450	1.049186
113500	1.551101
113550	1.192350
113600	1.245461
113650	1.210205
113700	1.403287
113750	1.321942
113800	1.078957
113850	0.990570
113900	1.323321
113950	1.073812
114000	1.214572
114050	1.175268
114100	1.396971
114150	1.159266
114200	1.003682
114250	1.151873
114300	1.508743
114350	1.062346
114400	1.346332
114450	1.125803
114500	0.951949
114550	0.994463
114600	1.173269
114650	1.008128
114700	1.247556
114750	1.470525
114800	1.375229
114850	1.321022
114900	1.216906
114950	1.269585
115000	1.266926
115050	1.586285
115100	1.293741
115150	0.908316
115200	0.959041
115250	1.194807
115300	0.999871
115350	1.205296
115400	1.268102
115450	1.050204
115500	1.079468
115550	1.166959
115600	0.883693
115650	1.284463
115700	1.150087
115750	0.947265
115800	1.031385
115850	1.338602
115900	1.237771
115950	1.110993
116000	1.175202
116050	1.112872
116100	0.990567
116150	1.031337
116200	1.354731
116250	1.067610
116300	1.342971
116350	1.415728
116400	1.316421
116450	1.386650
116500	1.322918
116550	1.165816
116600	1.156680
116650	1.044655
116700	1.276425
116750	1.240060
116800	1.355266
116850	1.069470
116900	0.776243
116950	0.976339
117000	1.088024
117050	1.307399
117100	1.345451
117150	1.095464
117200	0.968140
117250	0.885061
117300	1.323076
117350	1.136106
117400	0.928498
117450	1.075345
117500	1.133614
117550	1.068190
117600	1.306599
117650	1.090663
117700	1.256482
117750	1.219915
117800	1.232636
117850	1.008113
117900	0.946233
117950	1.063987
118000	1.244526
118050	1.268315
118100	1.421251
118150	1.467074
118200	0.996377
118250	1.143901
118300	1.231199
118350	1.080626
118400	1.089327
118450	0.946133
118500	1.091923
118550	1.270144
118600	0.838583
118650	0.997931
118700	1.180685
118750	1.116631
118800	1.092385
118850	1.124635
118900	1.250945
118950	1.134279
119000	1.240561
119050	1.104894
119100	1.413439
119150	1.150916
119200	1.168774
119250	1.151331
119300	1.161133
119350	1.210556
119400	1.524982
119450	1.262212
119500	1.515840
119550	1.176843
119600	1.126949
119650	1.430253
119700	1.418502
119750	1.246069
119800	1.370787
119850	1.081569
119900	1.344142
119950	0.874114
120000	1.214988
120050	1.534211
120100	1.367998
120150	1.313880
120200	1.579886
120250	1.276909
120300	1.424925
120350	1.116097
120400	1.422126
120450	1.143739
120500	1.177578
120550	1.254360
120600	1.168204
120650	1.194608
120700	1.590560
120750	0.879813
120800	0.999674
120850	1.276239
120900	1.247096
120950	1.245823
121000	1.263730
121050	1.119786
121100	1.062462
121150	1.223153
121200	1.091251
121250	1.043339
121300	1.317279
121350	1.170378
121400	1.548411
121450	0.957821
121500	1.472520
121550	1.524040
121600	1.168021
121650	1.320587
121700	1.124682
121750	1.214882
121800	1.105442
121850	0.947562
121900	1.141810
121950	1.464322
122000	1.096541
122050	1.297535
122100	1.352718
122150	1.240654
122200	1.233049
122250	0.796015
122300	1.183103
122350	0.977315
122400	1.063729
122450	1.139155
122500	1.165994
122550	1.083841
122600	1.432714
122650	1.153222
122700	1.288462
122750	1.080339
122800	1.354256
122850	1.076525
122900	1.128244
122950	1.278846
123000	1.128155
123050	0.815800
123100	1.167789
123150	1.005639
123200	1.107436
123250	1.185963
123300	1.333770
123350	1.254743
123400	1.224507
123450	1.272309
123500	1.544750
123550	1.263893
123600	1.321208
123650	0.909930
123700	1.571072
123750	1.018058
123800	1.153609
123850	1.023546
123900	1.289870
123950	1.138624
124000	1.037064
124050	1.180426
124100	1.564981
124150	1.126205
124200	1.208210
124250	1.266395
124300	1.129215
124350	0.895896
124400	0.882964
124450	1.347772
124500	1.036514
124550	1.013652
124600	1.246826
124650	1.212825
124700	1.090835
124750	1.002224
124800	1.123325
124850	0.996089
124900	1.216951
124950	1.398692
125000	1.475270
125050	1.263914
125100	1.208508
125150	1.264770
125200	1.270812
125250	1.122280
125300	1.330063
125350	1.364129
125400	1.253625
125450	1.459624
125500	1.253120
125550	1.370460
125600	0.917377
125650	1.539437
125700	1.091980
125750	1.185601
125800	1.463993
125850	1.240335
125900	1.232541
125950	1.203462
126000	1.084588
126050	1.327236
126100	1.312577
126150	0.991821
126200	1.054414
126250	1.127728
126300	1.144140
126350	1.197175
126400	1.264812
126450	1.127576
126500	1.410686
126550	1.165849
126600	1.336347
126650	1.255459
126700	1.083428
126750	1.047955
126800	1.254382
126850	1.114959
126900	1.325219
126950	1.004716
127000	1.082472
127050	1.480407
127100	1.130781
127150	1.098521
127200	1.201436
127250	1.204433
127300	1.152537
127350	1.157576
127400	1.287064
127450	1.039065
127500	0.963765
127550	1.461058
127600	1.137699
127650	1.111584
127700	1.277981
127750	1.173995
127800	1.263981
127850	0.932998
127900	0.803909
127950	1.157367
128000	1.257203
128050	1.095192
128100	1.400439
128150	1.553665
128200	1.160437
128250	1.415596
128300	1.252392
128350	1.391637
128400	1.029255
128450	1.111648
128500	1.459704
128550	1.088543
128600	1.061744
128650	1.073092
128700	1.169275
128750	1.127438
128800	1.420869
128850	1.257379
128900	1.338316
128950	1.008835
129000	1.048831
129050	1.102934
129100	1.303754
129150	1.330793
129200	0.893006
129250	1.226278
129300	1.355350
129350	1.147653
129400	1.061952
129450	1.352296
129500	1.258565
129550	1.333344
129600	1.175191
129650	1.017535
129700	1.133757
129750	1.158298
129800	0.865305
129850	1.248526
129900	1.201161
129950	1.399530
130000	1.401886
130050	1.265274
130100	0.999295
130150	1.145990
130200	1.407923
130250	1.423277
130300	1.068886
130350	0.793974
130400	1.381943
130450	1.145711
130500	1.104193
130550	1.018785
130600	1.392218
130650	1.228731
130700	0.876908
130750	1.230933
130800	0.874797
130850	0.854757
130900	1.197331
130950	1.131697
131000	1.262000
131050	1.123449
131100	0.917360
131150	0.923463
131200	1.169255
131250	1.137215
131300	1.162461
131350	0.960808
131400	1.217115
131450	1.154205
131500	1.082606
131550	1.167245
131600	1.155402
131650	1.131942
131700	0.995043
131750	1.137679
131800	1.536501
131850	1.086657
131900	0.961243
131950	1.093766
132000	1.202905
132050	1.288840
132100	1.109715
132150	1.216224
132200	1.056245
132250	1.402487
132300	1.476164
132350	1.251926
132400	1.193506
132450	1.314135
132500	0.967503
132550	1.281487
132600	0.834035
132650	1.396792
132700	1.310240
132750	1.085490
132800	1.055258
132850	1.314622
132900	1.427645
132950	1.101878
133000	1.080103
133050	1.221169
133100	1.191145
133150	1.365430
133200	0.928221
133250	1.377960
133300	1.443152
133350	1.191195
133400	1.196995
133450	1.102848
133500	1.037277
133550	1.164025
133600	1.159465
133650	1.135611
133700	1.189234
133750	1.075618
133800	1.178983
133850	1.198936
133900	1.455315
133950	1.518075
134000	1.285052
134050	1.369745
134100	1.209313
134150	1.268374
134200	1.153171
134250	0.973855
134300	1.040564
134350	1.266497
134400	1.118206
134450	1.077960
134500	1.233922
134550	1.285577
134600	0.815834
134650	1.118814
134700	1.016258
134750	1.015835
134800	1.377780
134850	1.158084
134900	1.207112
134950	1.114049
135000	1.119106
135050	1.131454
135100	0.923697
135150	1.051989
135200	0.914572
135250	1.027761
135300	1.036979
135350	0.988663
135400	1.194657
135450	1.258283
135500	1.359774
135550	1.117740
135600	1.218629
135650	1.247600
135700	1.137697
135750	1.100756
135800	1.009640
135850	1.164216
135900	1.458792
135950	0.947956
136000	1.004724
136050	0.970585
136100	1.080410
136150	1.317129
136200	1.296855
136250	1.074914
136300	1.133400
136350	1.138766
136400	1.393430
136450	1.296155
136500	1.356967
136550	0.860275
136600	1.187598
136650	0.944782
136700	1.289660
136750	0.909085
136800	0.992696
136850	1.318556
136900	1.251851
136950	1.095444
137000	1.116005
137050	1.375939
137100	0.703130
137150	0.956130
137200	1.299717
137250	0.621495
137300	1.266485
137350	1.203074
137400	1.390549
137450	1.234858
137500	1.027646
137550	1.176875
137600	1.360896
137650	1.249797
137700	1.510360
137750	1.329645
137800	1.257528
137850	1.228202
137900	1.252196
137950	1.231339
138000	1.230139
138050	1.267017
138100	0.942569
138150	1.037212
138200	1.013689
138250	1.053817
138300	1.221558
138350	0.945747
138400	1.371674
138450	1.379387
138500	1.265606
138550	1.291824
138600	0.825022
138650	1.047185
138700	1.214246
138750	1.154411
138800	1.403343
138850	1.448357
138900	1.194415
138950	1.084346
139000	1.101299
139050	1.484008
139100	1.355412
139150	1.102205
139200	1.217246
139250	1.104853
139300	0.591644
139350	1.045051
139400	1.036385
139450	1.039362
139500	1.515922
139550	1.067308
139600	1.534049
139650	1.060360
139700	1.207304
139750	1.323143
139800	1.361053
139850	1.200866
139900	1.319627
139950	1.202001
140000	1.157951
140050	0.990313
140100	1.397499
140150	1.193068
140200	1.029648
140250	0.934958
140300	1.301698
140350	1.119836
140400	1.116973
140450	0.958840
140500	1.283273
140550	1.192252
140600	1.431016
140650	1.432509
140700	1.092589
140750	1.263011
140800	1.276705
140850	1.075913
140900	0.845220
140950	0.963692
141000	1.276607
141050	0.968258
141100	1.239178
141150	1.119489
141200	1.136886
141250	0.880006
141300	0.739909
141350	0.998775
141400	1.145683
141450	1.047905
141500	0.937760
141550	1.167912
141600	1.269167
141650	0.970299
141700	1.208167
141750	1.306089
141800	0.984845
141850	0.817449
141900	1.029413
141950	1.031324
142000	0.957594
142050	1.223448
142100	1.325642
142150	1.203808
142200	1.099394
142250	1.346434
142300	1.297068
142350	1.128737
142400	1.113527
142450	1.036251
142500	1.449667
142550	1.010331
142600	1.208081
142650	1.642452
142700	1.310385
142750	1.301643
142800	0.989684
142850	1.122901
142900	1.050671
142950	1.113294
143000	1.150269
143050	1.312417
143100	1.160235
143150	1.205014
143200	1.255049
143250	1.066178
143300	1.368616
143350	1.264624
143400	0.953669
143450	0.988722
143500	0.793563
143550	1.252566
143600	1.403091
143650	0.910075
143700	1.075936
143750	1.235288
143800	1.363026
143850	1.637725
143900	1.548660
143950	1.170525
144000	1.587028
144050	1.248518
144100	1.190132
144150	1.386905
144200	1.088666
144250	1.329056
144300	1.174222
144350	1.417434
144400	1.251471
144450	1.350462
144500	1.242326
144550	1.105113
144600	1.040122
144650	0.991915
144700	1.195216
144750	1.391466
144800	1.210550
144850	0.901114
144900	1.438848
144950	0.820902
145000	1.038041
145050	1.338947
145100	1.316463
145150	1.038405
145200	1.058465
145250	0.960045
145300	0.986276
145350	1.656105
145400	1.079332
145450	1.114753
145500	1.222187
145550	1.301477
145600	1.142513
145650	1.120822
145700	1.090893
145750	1.276556
145800	1.353708
145850	1.089496
145900	1.336115
145950	1.189189
146000	1.318442
146050	1.077016
146100	1.356716
146150	1.365937
146200	1.183303
146250	1.185519
146300	1.281993
146350	1.298017
146400	1.169332
146450	1.008955
146500	1.290250
146550	1.282679
146600	1.271221
146650	1.077169
146700	0.837637
146750	0.945465
146800	1.230988
146850	1.106499
146900	1.223117
146950	1.358248
147000	1.248329
147050	0.962341
147100	1.004593
147150	1.267945
147200	1.180614
147250	1.398146
147300	0.992769
147350	1.056704
147400	1.051870
147450	0.993153
147500	1.170512
147550	1.054527
147600	1.164908
147650	1.214998
147700	1.263111
147750	0.879830
147800	1.363668
147850	1.168058
147900	1.066486
147950	1.027037
148000	1.056433
148050	0.955312
148100	1.252384
148150	1.337233
148200	0.981202
148250	1.374941
148300	1.169227
148350	1.081882
148400	1.296161
148450	1.336929
148500	1.337343
148550	1.226028
148600	1.404869
148650	1.165240
148700	1.034750
148750	1.084130
148800	1.445780
148850	1.197634
148900	1.249131
148950	1.267374
149000	1.435591
149050	1.365194
149100	1.275157
149150	1.245699
149200	1.237635
149250	1.064480
149300	1.209252
149350	1.061771
149400	1.142364
149450	1.298081
149500	1.191816
149550	1.204231
149600	1.412035
149650	1.083021
149700	1.080055
149750	1.058864
149800	1.272412
149850	0.775479
149900	1.262840
149950	1.239019
150000	1.421911
150050	1.255706
150100	1.055042
150150	1.412633
150200	1.131665
150250	1.006046
150300	1.381773
150350	1.361729
150400	1.120380
150450	1.006977
150500	1.222559
150550	1.286642
150600	1.123079
150650	1.487505
150700	0.977546
150750	1.013998
150800	1.342146
150850	1.028511
150900	1.239632
150950	1.308706
151000	0.850178
151050	1.205817
151100	1.191022
151150	1.213420
151200	1.495727
151250	1.413195
151300	1.224634
151350	1.332636
151400	1.428524
151450	1.192265
151500	1.236370
151550	1.173806
151600	1.160565
151650	1.158145
151700	1.297485
151750	1.075564
151800	1.256375
151850	1.116758
151900	1.331515
151950	0.840095
152000	1.351801
152050	1.236260
152100	1.528232
152150	1.412122
152200	1.111469
152250	1.460147
152300	0.943942
152350	0.882613
152400	1.110105
152450	1.165607
152500	1.184748
152550	1.190256
152600	1.306934
152650	1.207232
152700	1.230729
152750	1.071676
152800	1.220846
152850	1.105016
152900	1.314875
152950	1.094425
153000	1.114708
153050	1.250215
153100	0.973463
153150	1.270574
153200	1.354067
153250	1.575310
153300	1.238756
153350	1.513417
153400	1.181930
153450	1.312753
153500	1.257754
153550	1.124222
153600	1.276870
153650	1.309453
153700	1.027809
153750	0.954019
153800	1.277485
153850	1.076483
153900	1.372299
153950	1.464353
154000	1.122693
154050	1.487605
154100	1.382915
154150	1.178399
154200	1.157845
154250	1.137889
154300	1.364046
154350	1.242169
154400	1.233036
154450	1.285160
154500	1.250015
154550	1.335252
154600	1.196828
154650	1.314946
154700	1.062651
154750	1.132672
154800	1.087309
154850	1.091625
154900	1.207197
154950	1.281907
155000	1.283111
155050	1.068068
155100	1.279197
155150	1.482697
155200	1.179616
155250	1.552008
155300	1.081632
155350	1.223663
155400	1.041220
155450	1.025533
155500	1.100613
155550	0.880964
155600	1.075766
155650	1.239781
155700	1.340090
155750	0.921899
155800	1.565164
155850	1.091135
155900	1.476647
155950	1.317818
156000	1.320504
156050	1.043675
156100	1.208064
156150	1.371488
156200	1.137473
156250	1.115953
156300	1.103361
156350	1.286847
156400	1.065519
156450	1.006470
156500	1.190491
156550	1.367800
156600	1.266104
156650	1.059679
156700	1.126432
156750	1.028574
156800	1.032536
156850	1.124107
156900	1.327592
156950	1.131235
157000	1.108408
157050	1.187025
157100	1.269696
157150	1.320814
157200	1.341877
157250	1.064280
157300	1.188561
157350	1.090020
157400	1.362466
157450	1.023504
157500	1.121856
157550	1.321509
157600	1.302327
157650	1.264066
157700	1.269820
157750	0.935908
157800	1.102245
157850	1.095788
157900	1.104596
157950	1.132133
158000	1.136483
158050	1.400344
158100	1.141386
158150	1.244965
158200	1.230298
158250	0.953302
158300	1.064660
158350	1.353475
158400	0.833636
158450	1.276448
158500	1.363237
158550	1.404768
158600	1.172530
158650	0.918710
158700	1.231409
158750	0.955239
158800	1.085200
158850	1.186003
158900	1.123572
158950	1.324715
159000	1.394118
159050	1.462752
159100	1.145160
159150	1.161437
159200	1.474477
159250	1.321265
159300	1.173986
159350	1.259326
159400	1.357702
159450	1.494457
159500	1.414785
159550	1.259329
159600	1.468350
159650	1.426885
159700	1.255197
159750	1.053197
159800	1.366132
159850	1.206588
159900	1.248368
159950	1.330363
160000	1.047334
160050	1.007844
160100	1.287512
160150	1.501048
160200	1.143195
160250	1.253153
160300	1.392761
160350	1.386811
160400	1.411376
160450	1.223933
160500	0.940821
160550	1.080631
160600	1.351685
160650	1.194328
160700	1.199554
160750	1.328987
160800	1.364027
160850	1.277143
160900	1.242397
160950	1.167154
161000	1.133901
161050	0.971180
161100	1.219224
161150	1.292445
161200	1.604411
161250	1.071955
161300	1.186965
161350	1.226786
161400	1.270859
161450	1.103875
161500	1.028392
161550	1.207050
161600	1.178078
161650	1.228469
161700	1.279918
161750	1.295389
161800	1.357917
161850	0.890286
161900	1.097199
161950	1.238301
162000	0.886952
162050	1.376420
162100	1.056661
162150	1.187516
162200	1.362547
162250	1.294948
162300	1.048468
162350	1.307315
162400	1.204058
162450	1.089753
162500	1.312019
162550	0.883932
162600	1.039397
162650	0.977759
162700	1.168495
162750	0.935039
162800	1.147660
162850	1.129371
162900	1.413218
162950	0.968597
163000	1.334835
163050	0.928995
163100	1.038294
163150	1.313144
163200	1.111301
163250	1.164150
163300	0.906155
163350	1.097205
163400	1.200224
163450	1.141448
163500	1.250756
163550	1.347580
163600	1.101654
163650	1.282153
163700	1.055773
163750	1.217683
163800	1.211740
163850	1.306315
163900	1.131378
163950	1.425058
164000	1.025730
164050	1.264128
164100	1.186170
164150	1.401657
164200	1.228504
164250	1.348000
164300	1.415081
164350	1.095484
164400	1.085324
164450	1.242807
164500	1.157686
164550	1.131012
164600	1.059752
164650	1.060185
164700	1.061609
164750	1.280350
164800	1.005260
164850	0.752458
164900	0.972816
164950	1.101700
165000	1.478105
165050	1.062605
165100	1.332734
165150	1.142759
165200	1.233688
165250	0.992896
165300	1.227073
165350	1.121193
165400	1.049163
165450	1.056813
165500	1.124782
165550	1.571526
165600	1.056436
165650	1.411936
165700	0.999580
165750	1.325226
165800	0.821905
165850	1.316405
165900	1.521284
165950	1.001108
166000	1.404142
166050	1.222013
166100	1.200708
166150	1.472066
166200	1.221249
166250	1.230750
166300	1.304457
166350	1.016097
166400	0.993832
166450	0.916147
166500	1.556369
166550	1.542033
166600	1.193884
166650	1.022327
166700	1.082532
166750	1.090858
166800	0.853042
166850	1.017180
166900	1.108494
166950	1.193825
167000	1.406994
167050	1.348171
167100	1.142717
167150	1.136339
167200	1.292800
167250	1.348704
167300	1.036354
167350	1.312449
167400	0.976609
167450	1.372847
167500	1.350085
167550	1.013203
167600	1.057957
167650	1.198059
167700	1.188639
167750	1.218388
167800	1.351704
167850	1.150620
167900	1.180215
167950	1.178713
168000	1.139567
168050	1.533661
168100	1.383872
168150	1.270173
168200	1.078450
168250	1.159948
168300	0.985974
168350	1.343238
168400	1.448688
168450	1.065334
168500	1.174194
168550	1.307773
168600	1.100063
168650	1.097964
168700	1.229025
168750	1.260369
168800	0.894298
168850	1.113710
168900	1.098530
168950	1.345042
169000	1.198297
169050	1.113221
169100	1.345250
169150	1.230335
169200	1.170192
169250	1.126514
169300	1.076783
169350	1.208977
169400	0.973318
169450	1.105804
169500	0.873310
169550	1.481063
169600	1.131902
169650	1.251397
169700	1.095832
169750	1.218106
169800	1.313484
169850	1.162224
169900	1.437799
169950	1.105407
170000	1.290277
170050	1.139345
170100	0.948304
170150	1.232723
170200	1.264008
170250	1.346798
170300	1.285644
170350	1.204559
170400	1.270022
170450	1.326584
170500	1.226267
170550	1.229505
170600	1.040585
170650	1.091531
170700	1.320793
170750	1.189048
170800	1.083118
170850	1.026641
170900	1.059210
170950	1.301543
171000	1.225510
171050	1.211418
171100	1.340186
171150	1.094043
171200	1.167212
171250	1.108392
171300	0.970050
171350	0.886880
171400	0.958987
171450	1.142437
171500	0.931428
171550	1.203134
171600	1.454662
171650	1.293255
171700	1.002437
171750	1.397380
171800	1.049151
171850	1.406441
171900	1.153313
171950	1.328753
172000	1.001478
172050	1.194214
172100	1.199009
172150	1.020919
172200	1.488452
172250	1.103517
172300	1.126747
172350	1.005528
172400	0.981082
172450	1.487985
172500	1.192129
172550	1.030448
172600	0.927740
172650	1.262572
172700	1.077490
172750	0.998895
172800	1.329591
172850	1.234054
172900	1.081997
172950	1.293856
173000	1.103255
173050	0.900817
173100	1.163371
173150	1.026450
173200	1.082716
173250	1.206050
173300	1.069693
173350	1.112024
173400	1.117227
173450	1.185929
173500	1.253057
173550	1.294918
173600	1.104837
173650	0.969315
173700	1.022241
173750	1.114255
173800	1.013027
173850	1.475907
173900	0.893342
173950	1.130603
174000	0.970044
174050	0.878728
174100	1.184004
174150	0.979196
174200	1.139564
174250	1.189592
174300	0.881736
174350	1.266724
174400	1.334319
174450	0.941480
174500	0.885009
174550	1.219223
174600	1.196840
174650	1.100373
174700	1.223228
174750	1.264280
174800	1.268531
174850	0.983306
174900	1.066577
174950	1.107184
175000	1.091388
175050	1.298898
175100	1.205071
175150	1.276809
175200	1.309430
175250	1.212518
175300	1.416843
175350	1.169126
175400	0.920811
175450	1.384950
175500	1.028002
175550	1.618781
175600	1.255691
175650	1.196485
175700	1.140941
175750	1.034518
175800	1.026186
175850	1.059209
175900	1.101436
175950	0.820829
176000	1.155974
176050	0.994547
176100	0.871539
176150	1.236163
176200	1.377071
176250	1.018615
176300	1.390276
176350	1.187513
176400	1.023518
176450	1.142865
176500	0.988220
176550	1.180190
176600	1.359310
176650	1.158083
176700	1.237438
176750	1.349970
176800	0.966951
176850	1.000750
176900	1.201331
176950	1.155992
177000	1.298289
177050	1.415043
177100	1.083324
177150	1.205463
177200	1.149344
177250	1.201713
177300	1.003132
177350	1.250071
177400	1.057067
177450	1.224223
177500	1.284314
177550	0.622662
177600	1.165385
177650	1.463701
177700	0.909958
177750	1.150747
177800	0.836004
177850	0.848915
177900	1.092990
177950	1.446976
178000	1.151279
178050	1.148715
178100	1.002526
178150	0.964081
178200	0.945841
178250	1.165654
178300	1.171111
178350	1.044103
178400	1.098112
178450	1.115518
178500	1.412494
178550	1.026248
178600	1.221286
178650	1.112678
178700	1.529503
178750	1.455086
178800	1.047999
178850	1.104256
178900	0.897495
178950	1.010844
179000	1.061502
179050	1.223717
179100	1.082160
179150	1.026413
179200	0.964978
179250	1.363355
179300	0.809660
179350	1.045448
179400	0.781824
179450	1.110912
179500	1.102994
179550	0.861512
179600	1.390776
179650	1.246700
179700	1.028667
179750	1.250250
179800	1.209693
179850	1.233958
179900	0.888853
179950	0.898739
180000	1.078738
180050	0.931467
180100	1.168018
180150	1.429675
180200	1.253122
180250	1.156846
180300	1.037148
180350	1.336216
180400	1.075668
180450	0.903817
180500	1.139791
180550	1.210749
180600	1.131465
180650	1.294100
180700	1.272794
180750	1.339143
180800	1.242913
180850	1.181391
180900	1.281639
180950	1.239203
181000	1.257210
181050	1.254204
181100	1.107988
181150	1.015003
181200	1.075046
181250	1.212281
181300	1.202701
181350	1.216490
181400	1.071354
181450	1.265130
181500	1.298944
181550	1.443873
181600	1.216253
181650	1.228121
181700	1.274997
181750	1.057304
181800	1.223581
181850	1.435314
181900	1.294100
181950	1.316511
182000	1.282855
182050	1.245625
182100	1.297058
182150	1.017333
182200	1.139879
182250	1.170909
182300	1.180369
182350	1.177702
182400	1.028158
182450	1.200715
182500	1.042226
182550	1.218932
182600	1.127490
182650	1.111084
182700	1.254302
182750	1.276337
182800	1.398179
182850	1.303728
182900	1.302336
182950	1.039018
183000	1.411414
183050	1.265847
183100	0.966196
183150	1.083303
183200	1.157866
183250	1.377431
183300	1.406654
183350	1.006084
183400	1.314791
183450	1.182645
183500	0.888970
183550	1.406767
183600	1.280432
183650	1.036569
183700	1.418127
183750	1.330153
183800	1.175887
183850	1.009195
183900	1.383489
183950	1.189885
184000	1.250678
184050	0.972022
184100	0.808912
184150	1.352460
184200	0.921087
184250	1.015834
184300	1.085066
184350	1.214337
184400	1.157567
184450	1.362234
184500	1.411605
184550	1.032811
184600	1.274823
184650	0.878404
184700	1.092766
184750	0.787559
184800	0.889979
184850	1.022415
184900	0.992587
184950	0.934354
185000	1.331141
185050	1.355832
185100	1.364944
185150	1.196163
185200	1.260781
185250	1.089513
185300	1.273760
185350	1.519064
185400	1.149161
185450	0.992681
185500	1.257229
185550	1.290584
185600	1.227244
185650	1.065114
185700	1.125244
185750	1.096464
185800	0.939833
185850	1.377983
185900	1.381113
185950	1.136514
186000	1.260063
186050	1.254690
186100	1.302177
186150	1.206076
186200	1.292249
186250	0.904181
186300	1.129562
186350	1.059955
186400	0.936458
186450	1.362033
186500	1.529072
186550	1.192898
186600	1.080179
186650	1.438666
186700	1.130008
186750	1.338278
186800	1.442809
186850	1.221121
186900	1.431809
186950	1.364048
187000	1.071958
187050	1.079085
187100	1.117834
187150	1.255094
187200	0.994332
187250	1.157420
187300	1.253032
187350	1.220334
187400	0.962575
187450	1.129999
187500	1.176703
187550	1.164190
187600	0.850063
187650	1.114792
187700	1.159113
187750	1.079487
187800	1.248080
187850	1.059766
187900	1.340119
187950	1.223677
188000	1.326566
188050	1.140768
188100	0.936878
188150	1.010154
188200	1.309318
188250	0.990752
188300	0.891227
188350	0.820368
188400	1.374048
188450	1.090229
188500	1.208445
188550	0.998001
188600	1.280545
188650	1.332561
188700	1.198022
188750	1.529350
188800	1.460069
188850	1.153609
188900	1.401965
188950	0.972074
189000	1.295096
189050	1.118926
189100	0.867201
189150	1.396435
189200	1.511782
189250	1.241515
189300	1.435039
189350	1.326393
189400	1.362160
189450	1.254680
189500	1.280147
189550	1.041957
189600	1.207414
189650	1.053965
189700	0.717703
189750	0.933424
189800	0.986995
189850	1.136716
189900	0.997005
189950	1.218907
190000	1.308348
190050	1.260059
190100	1.110609
190150	1.220241
190200	1.290859
190250	1.238451
190300	1.057586
190350	1.064662
190400	1.303094
190450	1.202454
190500	1.340663
190550	1.116324
190600	0.957837
190650	1.161246
190700	0.890388
190750	1.301131
190800	1.215308
190850	1.328001
190900	1.026234
190950	0.939924
191000	1.095438
191050	1.207174
191100	1.317474
191150	0.883568
191200	1.261207
191250	1.028491
191300	1.259787
191350	1.193922
191400	1.287496
191450	1.183984
191500	1.371649
191550	1.055414
191600	1.163205
191650	1.104427
191700	1.228039
191750	1.167330
191800	1.018033
191850	1.320202
191900	0.835025
191950	1.027453
192000	1.171112
192050	1.246551
192100	1.346585
192150	1.202893
192200	1.018249
192250	1.368849
192300	1.197128
192350	1.261936
192400	1.341769
192450	1.113373
192500	1.255445
192550	1.363369
192600	1.192721
192650	1.388873
192700	1.315119
192750	1.437828
192800	1.279854
192850	1.416919
192900	1.307767
192950	1.035120
193000	1.219199
193050	1.355175
193100	1.289929
193150	1.122969
193200	1.367295
193250	1.358498
193300	1.029002
193350	1.248954
193400	1.466679
193450	1.287346
193500	0.930975
193550	1.586580
193600	1.283517
193650	1.167698
193700	1.368928
193750	1.381852
193800	1.198461
193850	1.314147
193900	1.201856
193950	1.388413
194000	1.169547
194050	1.256996
194100	1.141585
194150	0.932834
194200	1.184864
194250	0.958266
194300	1.355029
194350	1.268670
194400	1.044531
194450	0.933748
194500	0.901650
194550	1.119611
194600	1.254731
194650	1.131861
194700	0.972500
194750	1.504210
194800	0.635054
194850	1.278455
194900	1.205715
194950	1.268499
195000	1.053837
195050	1.108193
195100	0.968361
195150	0.988753
195200	1.402528
195250	1.018743
195300	0.935010
195350	1.112195
195400	1.367354
195450	1.203938
195500	1.337139
195550	1.157112
195600	1.340812
195650	1.315715
195700	1.385291
195750	1.216969
195800	1.432382
195850	0.876301
195900	1.281391
195950	1.122731
196000	1.015412
196050	1.173844
196100	1.172457
196150	1.084793
196200	1.376993
196250	1.307457
196300	1.276620
196350	1.313912
196400	1.210879
196450	0.994738
196500	1.004520
196550	1.156069
196600	1.266144
196650	1.061567
196700	1.042662
196750	1.612263
196800	0.949039
196850	1.106560
196900	1.129859
196950	1.328430
197000	1.102202
197050	1.370636
197100	1.243711
197150	1.007469
197200	1.017565
197250	1.243882
197300	1.155527
197350	1.425065
197400	1.039082
197450	1.039064
197500	1.255226
197550	1.100388
197600	1.138716
197650	1.227084
197700	1.066715
197750	1.357117
197800	1.558855
197850	1.262778
197900	0.885233
197950	1.335869
198000	1.275076
198050	1.153468
198100	1.226430
198150	1.168071
198200	1.064462
198250	1.238018
198300	1.148248
198350	1.122432
198400	0.998706
198450	0.933125
198500	0.774818
198550	1.235274
198600	1.294225
198650	1.504217
198700	1.253788
198750	1.123993
198800	1.059055
198850	1.096151
198900	1.079379
198950	0.951235
199000	1.122979
199050	1.042519
199100	0.902666
199150	1.508590
199200	1.232298
199250	1.072302
199300	1.100641
199350	1.011092
199400	1.226170
199450	1.399318
199500	0.963809
199550	1.139834
199600	1.169043
199650	1.261934
199700	1.172957
199750	1.084407
199800	1.195723
199850	1.307007
199900	1.180669
199950	1.199096
