0	56.682955
50	2.609237
100	1.285016
150	0.938478
200	0.988428
250	0.821426
300	0.772007
350	0.799257
400	0.376429
450	0.478022
500	0.159308
550	0.196190
600	0.090013
650	0.012777
700	0.156255
750	-0.124435
800	-0.075286
850	-0.111716
900	0.161393
950	0.124133
1000	0.049194
1050	0.222748
1100	0.012707
1150	0.286806
1200	0.171342
1250	0.061088
1300	-0.234750
1350	0.242154
1400	-0.012836
1450	0.234433
1500	0.042782
1550	0.091646
1600	0.141491
1650	0.043656
1700	-0.091685
1750	-0.180350
1800	0.098141
1850	0.045829
1900	0.199095
1950	-0.025457
2000	0.220665
2050	-0.102234
2100	0.052483
2150	0.185908
2200	0.039269
2250	0.008472
2300	0.102972
2350	0.013916
2400	0.238826
2450	-0.174105
2500	-0.062177
2550	-0.021714
2600	0.071150
2650	-0.041528
2700	0.105467
2750	-0.058600
2800	0.139122
2850	0.166477
2900	-0.183462
2950	0.244548
3000	0.114481
3050	0.037009
3100	0.059961
3150	0.374325
3200	0.156967
3250	0.259561
3300	0.330176
3350	0.421598
3400	0.294689
3450	0.115269
3500	0.198145
3550	-0.017981
3600	0.219550
3650	-0.023684
3700	-0.147033
3750	0.322115
3800	0.330653
3850	0.267711
3900	0.129530
3950	0.009586
4000	0.331398
4050	0.185644
4100	0.194105
4150	0.098516
4200	0.139699
4250	-0.061153
4300	0.265386
4350	0.090312
4400	0.244604
4450	0.317634
4500	0.384959
4550	0.175696
4600	0.203364
4650	0.384481
4700	0.124159
4750	0.052505
4800	0.128829
4850	0.144068
4900	-0.124730
4950	0.327823
5000	0.018478
5050	0.172621
5100	0.121124
5150	0.087376
5200	0.112931
5250	0.207523
5300	0.049733
5350	-0.012217
5400	0.203092
5450	0.019248
5500	0.133664
5550	0.353266
5600	0.034201
5650	-0.292682
5700	-0.003164
5750	0.308619
5800	0.060835
5850	0.120297
5900	0.206658
5950	0.285369
6000	0.211165
6050	0.232439
6100	0.034164
6150	0.110143
6200	0.202857
6250	0.002099
6300	0.254257
6350	0.122525
6400	-0.263298
6450	0.106411
6500	-0.088658
6550	0.290768
6600	-0.107466
6650	-0.225196
6700	0.347174
6750	-0.212667
6800	0.054829
6850	0.157738
6900	-0.137063
6950	-0.185464
7000	-0.042251
7050	0.191337
7100	0.115887
7150	0.326365
7200	0.247820
7250	0.245251
7300	0.071834
7350	0.153674
7400	0.103491
7450	0.105585
7500	0.191679
7550	0.339381
7600	-0.035849
7650	0.276568
7700	0.242838
7750	0.170719
7800	0.051156
7850	0.106839
7900	0.103664
7950	-0.005053
8000	0.220165
8050	-0.074496
8100	0.243339
8150	0.020643
8200	-0.092748
8250	0.266195
8300	0.046302
8350	0.499414
8400	0.224347
8450	0.169994
8500	0.219063
8550	0.392366
8600	-0.008302
8650	0.203088
8700	0.104717
8750	0.224654
8800	0.459744
8850	0.066655
8900	0.177344
8950	0.160384
9000	0.144814
9050	-0.023458
9100	0.226692
9150	0.190477
9200	0.266326
9250	0.093173
9300	0.355317
9350	0.408235
9400	0.382329
9450	0.233227
9500	0.372925
9550	0.213760
9600	0.302316
9650	0.105562
9700	0.114109
9750	0.087693
9800	0.297388
9850	0.083222
9900	-0.041346
9950	0.003757
10000	0.064693
10050	0.044269
10100	0.181533
10150	0.221676
10200	0.090142
10250	0.146816
10300	0.168380
10350	0.129353
10400	0.060639
10450	0.048073
10500	-0.045950
10550	-0.156599
10600	-0.012128
10650	0.510977
10700	0.094737
10750	0.457063
10800	0.253362
10850	0.304969
10900	0.218915
10950	0.278612
11000	0.176952
11050	0.232642
11100	-0.176449
11150	-0.257119
11200	0.149032
11250	0.222571
11300	-0.180858
11350	-0.023716
11400	0.197538
11450	0.193215
11500	0.025249
11550	0.140505
11600	0.080167
11650	0.010188
11700	0.528654
11750	0.140399
11800	0.085964
11850	0.177852
11900	0.303324
11950	0.116493
12000	-0.072944
12050	-0.299043
12100	0.084835
12150	-0.278022
12200	-0.065187
12250	0.006620
12300	0.027816
12350	0.142376
12400	0.009042
12450	-0.091093
12500	-0.113223
12550	0.234299
12600	0.192592
12650	0.257113
12700	0.332080
12750	0.049862
12800	0.143499
12850	0.104657
12900	0.328345
12950	0.045338
13000	0.137760
13050	0.154102
13100	0.381389
13150	-0.169212
13200	0.006547
13250	-0.062424
13300	0.131234
13350	0.052687
13400	-0.037153
13450	0.096117
13500	0.159107
13550	0.500377
13600	-0.049164
13650	0.177905
13700	0.026386
13750	0.171310
13800	0.158635
13850	0.240517
13900	0.020990
13950	0.003030
14000	0.079664
14050	0.273549
14100	0.124807
14150	0.291220
14200	0.181761
14250	0.001311
14300	-0.033387
14350	0.207646
14400	0.208421
14450	0.092242
14500	0.298939
14550	0.028754
14600	-0.070877
14650	0.537328
14700	0.175570
14750	0.101040
14800	0.088159
14850	0.309837
14900	0.182703
14950	0.269574
15000	0.137595
15050	0.147809
15100	0.193846
15150	0.137731
15200	0.084573
15250	0.230211
15300	0.218213
15350	-0.048815
15400	-0.005517
15450	0.065059
15500	-0.003354
15550	0.166094
15600	-0.037529
15650	0.214929
15700	0.117252
15750	-0.110372
15800	-0.003951
15850	0.124720
15900	0.238424
15950	0.114586
16000	0.424762
16050	0.303678
16100	0.268385
16150	0.363844
16200	0.259458
16250	0.133277
16300	0.180444
16350	0.034077
16400	0.269245
16450	0.020801
16500	0.084634
16550	-0.082188
16600	0.215315
16650	-0.016963
16700	-0.224730
16750	-0.313421
16800	-0.170342
16850	-0.034122
16900	-0.181403
16950	-0.007945
17000	0.035482
17050	0.049630
17100	0.200614
17150	0.470563
17200	0.307404
17250	0.130649
17300	0.429338
17350	0.222509
17400	0.256351
17450	-0.046015
17500	0.085518
17550	0.264466
17600	0.110746
17650	0.452593
17700	-0.043980
17750	0.200171
17800	0.365796
17850	0.286466
17900	-0.112224
17950	0.046743
18000	0.228495
18050	0.071542
18100	0.001333
18150	0.049321
18200	-0.131665
18250	-0.265805
18300	0.273504
18350	0.033229
18400	0.245828
18450	0.024906
18500	0.088472
18550	-0.110494
18600	0.044336
18650	0.206028
18700	0.106178
18750	-0.106718
18800	0.023050
18850	0.218062
18900	-0.042657
18950	0.438918
19000	0.124906
19050	-0.109622
19100	0.135230
19150	0.300850
19200	0.340471
19250	0.403956
19300	0.161101
19350	0.109221
19400	0.490223
19450	0.126626
19500	0.010813
19550	-0.265114
19600	0.000994
19650	0.235341
19700	0.209249
19750	0.169494
19800	-0.083570
19850	0.061957
19900	0.017327
19950	-0.046399
20000	0.164737
20050	0.102291
20100	0.285395
20150	0.097251
20200	0.196574
20250	0.098025
20300	0.129481
20350	0.262490
20400	-0.022512
20450	-0.278495
20500	-0.309658
20550	0.008236
20600	0.141910
20650	-0.017907
20700	0.008167
20750	0.294796
20800	0.267475
20850	0.262815
20900	0.100682
20950	0.065797
21000	0.243114
21050	0.232577
21100	-0.132120
21150	0.146955
21200	0.047709
21250	0.178277
21300	0.133691
21350	-0.028266
21400	-0.026811
21450	0.247013
21500	-0.024732
21550	0.195055
21600	0.210928
21650	0.029355
21700	-0.191960
21750	-0.046647
21800	0.201882
21850	0.097813
21900	0.312729
21950	0.038491
22000	0.001919
22050	-0.016609
22100	0.007471
22150	0.087770
22200	0.269246
22250	0.216297
22300	0.015581
22350	0.164168
22400	0.047273
22450	0.086261
22500	0.254428
22550	0.181038
22600	0.054566
22650	0.305143
22700	-0.023944
22750	0.097787
22800	0.191926
22850	0.079163
22900	0.083665
22950	0.112616
23000	-0.021983
23050	0.202647
23100	0.504141
23150	0.399417
23200	0.202711
23250	0.526894
23300	0.137658
23350	0.223053
23400	0.223465
23450	0.238686
23500	0.082160
23550	0.128131
23600	0.101314
23650	0.130675
23700	0.258257
23750	-0.121458
23800	0.324677
23850	0.221288
23900	-0.124726
23950	-0.045951
24000	-0.112536
24050	-0.069587
24100	0.118689
24150	-0.135341
24200	0.267614
24250	0.027767
24300	-0.221491
24350	-0.004114
24400	0.061975
24450	0.291449
24500	0.004059
24550	0.189477
24600	0.257890
24650	0.324391
24700	0.038288
24750	0.154015
24800	0.031101
24850	0.175560
24900	0.145956
24950	0.225855
25000	0.076541
25050	0.296023
25100	0.228072
25150	0.116073
25200	0.090131
25250	0.089531
25300	0.069350
25350	0.207049
25400	-0.150869
25450	0.041792
25500	-0.188693
25550	0.174453
25600	0.067741
25650	0.242443
25700	0.150034
25750	-0.099452
25800	0.136847
25850	0.134634
25900	0.013426
25950	-0.044906
26000	0.277377
26050	0.468851
26100	-0.226117
26150	0.091960
26200	0.263879
26250	-0.120930
26300	0.390226
26350	0.200660
26400	0.169526
26450	0.263769
26500	-0.079464
26550	0.144796
26600	0.006764
26650	0.198473
26700	0.057656
26750	0.121975
26800	0.258184
26850	0.119812
26900	-0.142857
26950	0.442538
27000	0.019736
27050	-0.056418
27100	-0.015755
27150	0.140264
27200	0.121464
27250	-0.187159
27300	-0.156387
27350	0.142882
27400	0.326013
27450	0.038349
27500	-0.018006
27550	0.029162
27600	-0.091241
27650	0.184787
27700	0.120745
27750	0.132497
27800	-0.141535
27850	0.039185
27900	0.192265
27950	0.130664
28000	0.170452
28050	0.177798
28100	0.175970
28150	0.233068
28200	0.412294
28250	-0.171585
28300	0.146118
28350	0.298297
28400	-0.078706
28450	0.167838
28500	0.234635
28550	0.366082
28600	0.228304
28650	0.138646
28700	0.247378
28750	0.126143
28800	0.128870
28850	0.502324
28900	0.418947
28950	0.304757
29000	0.157376
29050	0.506312
29100	0.427958
29150	0.051425
29200	-0.015150
29250	0.425608
29300	0.017416
29350	0.172210
29400	-0.012278
29450	-0.101783
29500	0.277336
29550	0.018224
29600	-0.219175
29650	0.091542
29700	0.354839
29750	0.054285
29800	0.225671
29850	-0.049985
29900	0.039346
29950	0.012195
30000	0.189234
30050	0.174669
30100	-0.229828
30150	0.210761
30200	0.002394
30250	0.319029
30300	0.169455
30350	0.229135
30400	0.097181
30450	0.099674
30500	0.083090
30550	0.237948
30600	-0.049445
30650	-0.071672
30700	0.135245
30750	0.191131
30800	0.125540
30850	0.308293
30900	0.025208
30950	-0.080281
31000	0.081228
31050	-0.071545
31100	0.276582
31150	0.141014
31200	-0.122777
31250	-0.123616
31300	0.059415
31350	-0.158700
31400	0.277134
31450	0.115324
31500	0.282061
31550	0.232462
31600	0.055143
31650	0.409650
31700	0.004448
31750	0.086868
31800	0.626564
31850	0.206130
31900	0.131112
31950	-0.128837
32000	-0.084690
32050	0.193615
32100	0.170763
32150	0.348784
32200	0.157798
32250	0.155051
32300	0.165370
32350	0.093613
32400	0.203689
32450	0.299217
32500	0.137317
32550	0.158332
32600	-0.096762
32650	-0.069214
32700	0.099346
32750	0.248939
32800	-0.009778
32850	0.276477
32900	0.321642
32950	0.011239
33000	0.294784
33050	0.242555
33100	0.128696
33150	-0.096580
33200	0.175517
33250	0.164662
33300	0.135256
33350	0.396902
33400	-0.050445
33450	-0.117266
33500	0.107925
33550	0.076565
33600	0.060407
33650	0.389151
33700	0.123717
33750	-0.144973
33800	0.103789
33850	0.026205
33900	0.039029
33950	0.305063
34000	0.233042
34050	0.097704
34100	-0.140404
34150	-0.083586
34200	0.275507
34250	0.206376
34300	0.191978
34350	0.281630
34400	0.152565
34450	0.180534
34500	0.043774
34550	0.073014
34600	-0.020847
34650	0.215721
34700	-0.135270
34750	0.192516
34800	0.436079
34850	0.457966
34900	0.093649
34950	0.127314
35000	0.090802
35050	-0.117964
35100	0.169780
35150	0.090273
35200	0.146940
35250	0.079829
35300	-0.045662
35350	0.095326
35400	0.436228
35450	0.095835
35500	0.141527
35550	-0.008941
35600	0.177350
35650	-0.119297
35700	-0.039488
35750	0.009186
35800	0.234293
35850	0.507294
35900	0.285568
35950	-0.060659
36000	0.092497
36050	0.261985
36100	0.268019
36150	0.141980
36200	0.058256
36250	0.266501
36300	0.338113
36350	0.242608
36400	-0.016104
36450	0.303545
36500	0.023936
36550	0.254980
36600	-0.004608
36650	-0.091980
36700	0.182063
36750	0.040604
36800	-0.134531
36850	0.032579
36900	0.198222
36950	0.311250
37000	-0.176071
37050	0.027792
37100	-0.129798
37150	0.291450
37200	0.187105
37250	0.368444
37300	-0.014786
37350	0.391497
37400	0.374252
37450	0.273252
37500	0.193933
37550	0.344314
37600	0.273829
37650	-0.078132
37700	0.366847
37750	-0.002363
37800	0.163390
37850	-0.050945
37900	0.169049
37950	0.190680
38000	-0.030666
38050	0.249288
38100	0.094150
38150	0.409475
38200	0.095232
38250	0.039657
38300	0.350580
38350	-0.192509
38400	0.229056
38450	0.066540
38500	0.198477
38550	0.009696
38600	0.007555
38650	0.037352
38700	0.196564
38750	0.181224
38800	0.199007
38850	-0.095988
38900	0.046500
38950	0.121899
39000	0.252419
39050	0.247909
39100	0.155668
39150	0.039610
39200	-0.049412
39250	-0.157806
39300	0.038188
39350	0.122438
39400	0.142168
39450	0.040450
39500	0.422740
39550	-0.162404
39600	0.291995
39650	-0.001791
39700	0.240181
39750	0.214867
39800	0.419185
39850	0.166118
39900	0.148748
39950	0.143748
40000	-0.083837
40050	0.010314
40100	-0.093874
40150	0.292470
40200	-0.040878
40250	0.165451
40300	0.353462
40350	0.226981
40400	0.223604
40450	0.003100
40500	0.180742
40550	-0.094731
40600	-0.072478
40650	-0.002639
40700	0.052501
40750	0.182356
40800	0.005826
40850	-0.058021
40900	0.141706
40950	0.050246
41000	-0.091135
41050	0.424165
41100	0.354708
41150	-0.124498
41200	0.170841
41250	-0.057422
41300	0.159105
41350	0.207644
41400	0.320349
41450	0.189718
41500	0.079169
41550	0.234537
41600	-0.070659
41650	0.149108
41700	0.133259
41750	-0.194664
41800	0.396965
41850	0.170857
41900	-0.079732
41950	0.130036
42000	0.022518
42050	0.017522
42100	0.491592
42150	-0.029442
42200	0.080012
42250	0.175939
42300	-0.105083
42350	0.010440
42400	0.075132
42450	0.400500
42500	0.225345
42550	0.130055
42600	0.115180
42650	-0.250133
42700	0.064903
42750	0.036605
42800	0.070818
42850	0.328742
42900	0.168724
42950	0.228742
43000	0.348571
43050	0.385354
43100	0.129338
43150	-0.089799
43200	0.043171
43250	0.397414
43300	0.062131
43350	0.222404
43400	0.054272
43450	0.260312
43500	0.038222
43550	0.014392
43600	0.117723
43650	0.053544
43700	0.170909
43750	-0.071989
43800	0.069173
43850	0.348568
43900	0.186359
43950	0.339926
44000	0.229419
44050	0.206666
44100	0.268855
44150	0.031188
44200	-0.137328
44250	-0.282987
44300	0.132013
44350	0.234398
44400	-0.004883
44450	0.342479
44500	0.129909
44550	0.186561
44600	0.278792
44650	0.162208
44700	-0.299429
44750	0.261851
44800	0.120019
44850	0.239532
44900	0.151320
44950	0.117584
45000	0.293053
45050	0.292800
45100	0.061544
45150	0.311816
45200	0.244383
45250	0.084544
45300	-0.006150
45350	0.156751
45400	0.188042
45450	0.068527
45500	-0.094485
45550	-0.156664
45600	0.364695
45650	0.328605
45700	-0.093682
45750	0.182805
45800	0.107084
45850	0.331420
45900	0.080453
45950	0.109516
46000	0.135906
46050	0.558401
46100	0.355952
46150	0.261622
46200	0.260571
46250	-0.059720
46300	0.284622
46350	-0.008818
46400	0.066334
46450	-0.012932
46500	-0.055819
46550	0.324765
46600	0.463282
46650	0.136346
46700	0.258244
46750	0.156316
46800	-0.122944
46850	0.101010
46900	0.053650
46950	0.167076
47000	-0.074250
47050	0.050550
47100	0.174046
47150	-0.289759
47200	-0.053537
47250	0.087617
47300	0.227218
47350	0.156966
47400	-0.037105
47450	-0.036905
47500	0.361763
47550	0.486761
47600	0.104299
47650	0.115245
47700	0.408798
47750	0.199449
47800	0.225893
47850	0.192955
47900	-0.058223
47950	0.234901
48000	-0.053687
48050	0.009185
48100	0.266482
48150	0.119271
48200	0.070642
48250	0.091317
48300	0.212867
48350	0.173102
48400	0.179591
48450	0.107883
48500	0.107144
48550	0.193640
48600	0.172972
48650	0.588198
48700	-0.026526
48750	-0.070980
48800	-0.268958
48850	0.037786
48900	0.157702
48950	0.033934
49000	0.392162
49050	0.020188
49100	-0.006677
49150	0.188851
49200	0.099302
49250	0.417904
49300	0.133114
49350	0.109807
49400	0.107573
49450	0.040823
49500	-0.033681
49550	0.120422
49600	0.238464
49650	0.341686
49700	0.062476
49750	0.345279
49800	0.163772
49850	0.302695
49900	0.504965
49950	-0.139011
50000	0.076770
50050	0.317560
50100	-0.027511
50150	0.048335
50200	0.150133
50250	-0.013265
50300	0.018392
50350	-0.266849
50400	-0.098645
50450	0.003994
50500	-0.206936
50550	-0.084825
50600	0.051942
50650	0.266986
50700	-0.056685
50750	0.096470
50800	0.009844
50850	0.166518
50900	0.039148
50950	0.118595
51000	0.358519
51050	0.065341
51100	-0.006737
51150	0.106283
51200	0.162235
51250	0.433273
51300	0.282499
51350	0.356077
51400	0.043263
51450	0.291485
51500	-0.107278
51550	0.252228
51600	0.441742
51650	-0.123266
51700	0.344395
51750	0.053472
51800	0.194890
51850	-0.023459
51900	0.048101
51950	0.197912
52000	-0.089434
52050	0.082821
52100	-0.454805
52150	0.267254
52200	0.347099
52250	-0.117482
52300	0.125051
52350	0.112800
52400	0.005743
52450	0.505022
52500	0.205068
52550	0.067533
52600	0.247596
52650	0.156878
52700	0.114456
52750	0.374012
52800	-0.088017
52850	0.156679
52900	0.200115
52950	0.065560
53000	0.151495
53050	-0.010628
53100	-0.107029
53150	0.334696
53200	0.190019
53250	0.085957
53300	0.194111
53350	0.265285
53400	-0.050854
53450	0.265151
53500	0.159249
53550	-0.057218
53600	0.246652
53650	0.080471
53700	0.003358
53750	-0.039078
53800	0.478991
53850	0.058482
53900	-0.067021
53950	-0.147500
54000	0.022991
54050	-0.108790
54100	0.305249
54150	0.016618
54200	0.202665
54250	0.026234
54300	0.132746
54350	-0.045800
54400	0.097264
54450	0.116965
54500	0.230283
54550	0.264546
54600	-0.278030
54650	0.013705
54700	0.105115
54750	0.147608
54800	-0.091615
54850	0.217973
54900	-0.132680
54950	0.024227
55000	0.176581
55050	0.062144
55100	-0.007677
55150	0.075335
55200	-0.097140
55250	-0.283259
55300	0.053671
55350	0.448761
55400	0.123315
55450	0.043042
55500	-0.050797
55550	0.001872
55600	0.055738
55650	0.258830
55700	0.126079
55750	0.269380
55800	-0.125044
55850	-0.164078
55900	0.072001
55950	0.017968
56000	0.273549
56050	-0.037980
56100	-0.121745
56150	0.193623
56200	0.454808
56250	-0.064223
56300	-0.041940
56350	-0.109473
56400	0.093488
56450	0.059238
56500	-0.349620
56550	-0.184446
56600	0.019623
56650	0.007507
56700	0.076850
56750	0.055502
56800	-0.046579
56850	-0.130071
56900	0.059204
56950	0.206668
57000	0.246254
57050	0.272430
57100	-0.013379
57150	-0.031831
57200	-0.207297
57250	0.125927
57300	0.276849
57350	0.377237
57400	0.178543
57450	0.038707
57500	0.158417
57550	0.044830
57600	-0.085898
57650	-0.027699
57700	-0.160279
57750	0.258420
57800	0.146800
57850	0.050657
57900	0.032011
57950	0.008030
58000	0.253900
58050	0.025613
58100	0.134273
58150	0.019009
58200	0.108817
58250	0.144773
58300	0.103471
58350	0.234966
58400	0.307747
58450	0.145203
58500	0.339716
58550	-0.147696
58600	0.016978
58650	0.351612
58700	0.259753
58750	-0.004168
58800	0.233022
58850	-0.061024
58900	0.071975
58950	0.214447
59000	0.514966
59050	-0.018293
59100	-0.090670
59150	0.182271
59200	0.161631
59250	0.055655
59300	0.065548
59350	0.344275
59400	0.224076
59450	0.300615
59500	0.181561
59550	0.445381
59600	0.350043
59650	0.075365
59700	0.156052
59750	-0.162896
59800	-0.003559
59850	-0.154683
59900	-0.234504
59950	0.071729
60000	-0.041917
60050	-0.184861
60100	0.091388
60150	-0.024351
60200	0.036924
60250	0.081077
60300	0.087326
60350	0.172690
60400	0.129735
60450	0.155737
60500	0.154427
60550	0.343870
60600	0.253414
60650	0.183029
60700	0.164296
60750	0.039296
60800	0.508037
60850	-0.042151
60900	-0.118797
60950	0.101237
61000	-0.086729
61050	0.200789
61100	0.001368
61150	-0.118930
61200	-0.127103
61250	0.180367
61300	0.078329
61350	0.153353
61400	0.252519
61450	0.105157
61500	0.213085
61550	0.413128
61600	0.186393
61650	-0.020376
61700	0.194564
61750	-0.138010
61800	0.224507
61850	0.246642
61900	-0.039226
61950	0.344849
62000	0.156281
62050	0.019613
62100	0.092548
62150	0.375560
62200	0.103132
62250	0.435434
62300	0.027497
62350	0.278402
62400	-0.143803
62450	0.261159
62500	0.461608
62550	0.300725
62600	0.166361
62650	0.162972
62700	-0.028687
62750	-0.177935
62800	0.142528
62850	-0.001015
62900	-0.034075
62950	-0.036914
63000	0.288297
63050	0.270911
63100	0.226666
63150	0.093406
63200	0.066691
63250	0.135867
63300	-0.037945
63350	0.137435
63400	0.080836
63450	0.149892
63500	0.122169
63550	-0.012972
63600	-0.084640
63650	0.204849
63700	0.126072
63750	0.091606
63800	0.069966
63850	0.058883
63900	0.425626
63950	0.236756
64000	0.022787
64050	0.222415
64100	0.016668
64150	0.044838
64200	0.124171
64250	0.330214
64300	0.267396
64350	0.140605
64400	-0.070006
64450	0.565385
64500	0.178033
64550	0.158242
64600	0.219275
64650	0.045779
64700	0.255512
64750	0.198345
64800	0.175657
64850	0.303612
64900	0.250921
64950	0.045440
65000	0.120738
65050	0.175833
65100	0.120702
65150	0.289107
65200	-0.382269
65250	0.197948
65300	-0.033714
65350	0.160302
65400	0.144540
65450	0.152726
65500	0.341107
65550	0.357727
65600	0.400068
65650	0.350594
65700	0.284898
65750	0.236121
65800	0.156747
65850	0.144178
65900	0.115410
65950	0.332305
66000	0.264872
66050	0.099459
66100	-0.040797
66150	0.203448
66200	-0.113731
66250	-0.002794
66300	0.268609
66350	-0.215993
66400	0.043672
66450	0.159547
66500	0.371397
66550	-0.110810
66600	0.043596
66650	0.338709
66700	0.148703
66750	-0.072397
66800	0.111760
66850	-0.138068
66900	-0.025828
66950	0.275569
67000	0.085808
67050	0.018869
67100	0.049935
67150	0.285946
67200	0.021471
67250	-0.009688
67300	0.382234
67350	0.310232
67400	0.331335
67450	-0.057351
67500	0.036351
67550	0.137529
67600	0.007526
67650	0.244923
67700	0.434394
67750	0.258069
67800	0.307879
67850	-0.021682
67900	0.262232
67950	0.067115
68000	0.416362
68050	-0.002303
68100	0.218449
68150	0.143759
68200	0.063643
68250	0.200008
68300	0.105090
68350	0.061758
68400	0.166413
68450	0.158847
68500	-0.185953
68550	-0.075475
68600	0.198830
68650	0.235432
68700	0.490955
68750	0.217207
68800	0.144664
68850	0.304373
68900	0.083238
68950	-0.175855
69000	0.313637
69050	0.050562
69100	0.321022
69150	0.110139
69200	0.088138
69250	0.182155
69300	0.116125
69350	-0.139833
69400	0.364434
69450	0.096677
69500	0.279717
69550	-0.277753
69600	-0.028795
69650	-0.075090
69700	-0.000758
69750	-0.113855
69800	0.063773
69850	0.069951
69900	0.348569
69950	0.010176
70000	0.230871
70050	0.100413
70100	-0.149737
70150	0.128433
70200	0.222434
70250	0.050033
70300	-0.123139
70350	0.181938
70400	0.170628
70450	0.117632
70500	0.336807
70550	0.053214
70600	0.131933
70650	-0.054612
70700	-0.077247
70750	0.398558
70800	0.168546
70850	0.046668
70900	0.156584
70950	0.121888
71000	-0.068674
71050	0.245114
71100	-0.111882
71150	-0.036593
71200	0.120868
71250	0.084397
71300	-0.217736
71350	0.121459
71400	0.315962
71450	0.233294
71500	0.008464
71550	-0.076987
71600	0.025763
71650	0.107888
71700	0.323191
71750	-0.180076
71800	0.145686
71850	-0.155270
71900	-0.009028
71950	0.146469
72000	0.018352
72050	-0.128134
72100	-0.069223
72150	0.183185
72200	-0.070595
72250	0.028498
72300	0.061086
72350	0.158347
72400	0.056114
72450	0.215229
72500	0.512328
72550	0.158333
72600	-0.083033
72650	-0.122084
72700	-0.089736
72750	0.129586
72800	0.016725
72850	0.300910
72900	0.089861
72950	0.098028
73000	0.262722
73050	0.071481
73100	0.055794
73150	-0.073561
73200	0.251444
73250	0.259239
73300	0.130926
73350	0.226280
73400	0.270773
73450	-0.093686
73500	0.039120
73550	-0.152578
73600	0.222947
73650	0.351139
73700	-0.087373
73750	0.043598
73800	0.047525
73850	0.066380
73900	-0.045237
73950	-0.165258
74000	0.055483
74050	-0.036033
74100	0.048154
74150	-0.182952
74200	0.006465
74250	0.088122
74300	0.088048
74350	0.070329
74400	-0.130283
74450	0.146741
74500	0.183800
74550	0.189819
74600	0.146290
74650	-0.072344
74700	0.049179
74750	0.314980
74800	0.185552
74850	0.392237
74900	0.086784
74950	-0.112514
75000	0.149643
75050	0.338678
75100	0.145559
75150	0.199857
75200	0.103495
75250	0.231171
75300	0.247419
75350	-0.062899
75400	0.226795
75450	0.056720
75500	-0.068816
75550	0.215250
75600	0.178044
75650	0.164079
75700	-0.250075
75750	-0.016724
75800	0.173726
75850	0.146453
75900	0.122751
75950	0.027024
76000	0.075635
76050	-0.114310
76100	-0.013083
76150	0.412079
76200	-0.172788
76250	-0.060350
76300	-0.186654
76350	-0.078057
76400	0.174587
76450	0.114877
76500	0.053036
76550	-0.051529
76600	0.034938
76650	0.312342
76700	0.386024
76750	0.097473
76800	0.259044
76850	-0.323104
76900	0.004869
76950	0.355019
77000	0.248050
77050	-0.084833
77100	0.053756
77150	-0.205755
77200	0.115240
77250	0.133800
77300	0.196384
77350	0.033775
77400	-0.056026
77450	-0.185472
77500	-0.145697
77550	-0.187757
77600	-0.063294
77650	0.141993
77700	0.076332
77750	0.385312
77800	0.495612
77850	-0.133796
77900	0.070519
77950	0.253593
78000	0.076180
78050	-0.295756
78100	0.179972
78150	0.179965
78200	0.166812
78250	-0.260994
78300	-0.284636
78350	-0.094935
78400	0.047526
78450	-0.064032
78500	0.121568
78550	-0.244444
78600	0.174404
78650	0.237199
78700	0.242499
78750	0.467486
78800	0.002297
78850	0.184525
78900	0.012035
78950	0.268678
79000	-0.243626
79050	0.174739
79100	0.351244
79150	0.331438
79200	0.284286
79250	0.039915
79300	0.148849
79350	0.360076
79400	0.139764
79450	0.007279
79500	0.025028
79550	0.137406
79600	-0.240318
79650	0.300329
79700	0.413055
79750	0.339281
79800	0.059536
79850	-0.282841
79900	0.002726
79950	-0.089549
80000	0.101491
80050	0.081777
80100	-0.211934
80150	0.192987
80200	0.163387
80250	0.015464
80300	0.226433
80350	0.243593
80400	0.484145
80450	0.428103
80500	0.072026
80550	0.217960
80600	0.145821
80650	0.116906
80700	-0.187428
80750	0.191449
80800	0.234752
80850	0.206609
80900	0.309972
80950	0.004521
81000	-0.137566
81050	0.053597
81100	-0.024975
81150	0.186235
81200	0.062893
81250	0.012544
81300	-0.091693
81350	-0.046241
81400	0.011827
81450	-0.036573
81500	-0.004386
81550	-0.000336
81600	0.068965
81650	0.218597
81700	0.128540
81750	0.045942
81800	0.083184
81850	0.072009
81900	-0.008666
81950	0.344620
82000	-0.217860
82050	0.122455
82100	0.097573
82150	0.083680
82200	0.305549
82250	-0.003471
82300	0.111124
82350	0.262106
82400	0.311230
82450	0.011486
82500	-0.230523
82550	0.015597
82600	0.287850
82650	0.114122
82700	-0.196536
82750	-0.091742
82800	0.024547
82850	0.202305
82900	0.448303
82950	-0.050101
83000	0.003167
83050	-0.160611
83100	0.002429
83150	0.392109
83200	0.080536
83250	0.010189
83300	-0.065752
83350	0.212817
83400	0.003249
83450	-0.201486
83500	0.484352
83550	-0.144601
83600	0.015333
83650	-0.058425
83700	0.064074
83750	0.139279
83800	0.403763
83850	0.061490
83900	0.202908
83950	-0.037222
84000	0.064561
84050	-0.031404
84100	0.121472
84150	0.134520
84200	0.053286
84250	0.133158
84300	0.239604
84350	0.209676
84400	0.076033
84450	-0.128460
84500	0.380200
84550	-0.065307
84600	-0.116647
84650	-0.046685
84700	0.007251
84750	-0.502215
84800	0.171764
84850	0.189763
84900	0.125020
84950	0.085327
85000	0.146681
85050	0.207178
85100	0.130052
85150	0.198840
85200	0.060219
85250	0.138572
85300	0.209119
85350	-0.069587
85400	-0.022497
85450	0.683208
85500	0.221439
85550	-0.077307
85600	0.207606
85650	-0.017117
85700	0.123493
85750	-0.254251
85800	-0.128101
85850	-0.226161
85900	0.206065
85950	0.129102
86000	0.242633
86050	-0.224042
86100	0.150192
86150	0.338465
86200	-0.292329
86250	-0.288957
86300	0.051969
86350	0.101510
86400	0.489430
86450	0.080365
86500	0.193960
86550	0.280312
86600	-0.069116
86650	0.396688
86700	0.208212
86750	-0.062370
86800	0.229569
86850	0.024907
86900	-0.114779
86950	0.200392
87000	0.343619
87050	0.235580
87100	0.320423
87150	0.281118
87200	0.228832
87250	0.321908
87300	0.273174
87350	0.091793
87400	0.182740
87450	0.407374
87500	0.086122
87550	0.286270
87600	0.352232
87650	0.177533
87700	0.425349
87750	0.350117
87800	0.089629
87850	0.161255
87900	-0.121795
87950	0.104598
88000	0.107963
88050	0.077953
88100	-0.052397
88150	0.486286
88200	0.144524
88250	0.189064
88300	0.048365
88350	0.277897
88400	0.487618
88450	0.493035
88500	0.235998
88550	0.011332
88600	0.389015
88650	0.186994
88700	0.167168
88750	0.059157
88800	0.005721
88850	-0.084032
88900	0.226750
88950	0.066538
89000	0.073124
89050	0.017505
89100	0.028899
89150	0.033562
89200	0.082312
89250	0.046153
89300	0.181849
89350	0.028826
89400	0.301665
89450	0.044533
89500	0.548363
89550	0.069016
89600	0.183855
89650	0.054438
89700	-0.011220
89750	0.181922
89800	0.363748
89850	0.040277
89900	0.059151
89950	0.193721
90000	-0.127546
90050	0.263687
90100	-0.089291
90150	-0.056313
90200	-0.238246
90250	0.164848
90300	0.095108
90350	-0.171169
90400	0.116625
90450	0.046058
90500	0.150511
90550	0.017218
90600	0.193558
90650	0.291274
90700	0.398338
90750	0.425040
90800	0.004260
90850	-0.015420
90900	-0.005120
90950	0.214889
91000	0.317602
91050	0.434819
91100	0.144064
91150	0.104606
91200	-0.184039
91250	0.123831
91300	0.090819
91350	0.215425
91400	0.228318
91450	0.162928
91500	0.338453
91550	0.183981
91600	0.121883
91650	0.452508
91700	0.057100
91750	0.394760
91800	0.265560
91850	0.073410
91900	-0.042694
91950	-0.078501
92000	0.198188
92050	0.231023
92100	0.007225
92150	0.052440
92200	0.060308
92250	0.530858
92300	0.220183
92350	0.143831
92400	0.112763
92450	-0.071689
92500	0.177527
92550	0.260047
92600	0.173250
92650	0.035674
92700	0.259234
92750	-0.034523
92800	-0.031578
92850	0.092103
92900	0.220008
92950	0.163323
93000	0.031529
93050	0.097040
93100	0.190106
93150	0.352802
93200	0.062867
93250	0.439031
93300	0.197866
93350	0.312234
93400	-0.018436
93450	0.264408
93500	0.273033
93550	0.168140
93600	0.202089
93650	-0.091230
93700	0.419587
93750	0.166479
93800	0.401308
93850	0.274266
93900	0.196920
93950	0.182790
94000	0.155759
94050	0.104908
94100	0.183881
94150	0.029345
94200	0.197833
94250	0.172451
94300	0.375797
94350	0.134876
94400	-0.078820
94450	0.130443
94500	-0.121917
94550	0.397229
94600	0.001274
94650	0.271740
94700	0.059779
94750	0.176202
94800	0.539283
94850	0.027775
94900	0.048766
94950	0.275491
95000	0.218450
95050	0.295441
95100	-0.076360
95150	-0.313931
95200	0.068468
95250	0.003689
95300	0.103880
95350	0.266997
95400	0.253377
95450	-0.195730
95500	0.117178
95550	0.182077
95600	0.287544
95650	0.258778
95700	0.175657
95750	-0.180057
95800	0.465405
95850	0.141335
95900	0.253120
95950	-0.065703
96000	0.147880
96050	0.210862
96100	-0.074678
96150	0.154022
96200	0.094497
96250	0.450826
96300	0.010186
96350	0.182463
96400	0.093818
96450	0.143071
96500	0.154947
96550	0.090444
96600	0.168924
96650	0.443042
96700	-0.006764
96750	0.102962
96800	0.256156
96850	0.527443
96900	0.159859
96950	0.105550
97000	0.206040
97050	0.081282
97100	-0.014664
97150	0.009109
97200	-0.061119
97250	0.329822
97300	-0.216994
97350	-0.262102
97400	0.090472
97450	0.163790
97500	0.161544
97550	-0.123491
97600	0.298629
97650	0.149680
97700	0.024494
97750	-0.157271
97800	0.213328
97850	0.378749
97900	0.397674
97950	0.060830
98000	0.385097
98050	0.326565
98100	0.268585
98150	0.301422
98200	0.015554
98250	0.115851
98300	0.060546
98350	0.025971
98400	-0.050286
98450	0.212657
98500	0.239548
98550	0.061484
98600	0.018876
98650	0.144406
98700	-0.110447
98750	-0.185736
98800	0.307281
98850	0.290829
98900	0.311195
98950	0.008388
99000	0.295205
99050	0.245943
99100	0.055686
99150	-0.004203
99200	0.232318
99250	0.442274
99300	-0.137198
99350	0.077722
99400	0.209473
99450	0.150551
99500	0.226368
99550	0.006317
99600	0.174004
99650	0.276273
99700	0.337981
99750	-0.309475
99800	0.318441
99850	0.044047
99900	0.008737
99950	0.413131
100000	0.206652
100050	0.374428
100100	0.506281
100150	-0.088319
100200	0.169074
100250	0.085793
100300	0.161131
100350	0.276180
100400	-0.252644
100450	0.171603
100500	0.292449
100550	0.049324
100600	0.286225
100650	0.376643
100700	-0.160561
100750	0.039290
100800	0.126782
100850	0.184353
100900	0.294085
100950	0.240213
101000	0.682754
101050	0.344550
101100	0.292267
101150	0.181270
101200	0.043764
101250	-0.063805
101300	0.313997
101350	0.304972
101400	0.147827
101450	0.092977
101500	0.150918
101550	0.195158
101600	0.401808
101650	0.419517
101700	-0.214400
101750	0.023172
101800	0.014180
101850	-0.030824
101900	0.014724
101950	0.134856
102000	-0.084524
102050	0.201941
102100	0.064138
102150	-0.135162
102200	0.191127
102250	0.035134
102300	-0.005055
102350	0.153047
102400	0.047589
102450	0.089259
102500	0.108459
102550	0.015197
102600	-0.034046
102650	-0.013279
102700	-0.062930
102750	0.014912
102800	0.102425
102850	0.115158
102900	0.127704
102950	-0.230212
103000	0.084614
103050	0.429800
103100	0.094574
103150	0.311683
103200	-0.158402
103250	0.219937
103300	0.148651
103350	0.165040
103400	0.155827
103450	0.134895
103500	-0.063804
103550	0.116812
103600	0.137745
103650	0.170286
103700	0.415097
103750	-0.076122
103800	0.258388
103850	-0.063252
103900	0.236719
103950	0.253067
104000	-0.047945
104050	-0.167518
104100	0.199040
104150	-0.123418
104200	0.459905
104250	0.219917
104300	-0.063499
104350	0.012951
104400	0.293001
104450	-0.004729
104500	-0.059005
104550	-0.037705
104600	0.313834
104650	0.275968
104700	0.318472
104750	0.508562
104800	0.151850
104850	0.220289
104900	-0.021631
104950	-0.063645
105000	0.180262
105050	0.051983
105100	0.308551
105150	0.277267
105200	0.184698
105250	0.018143
105300	0.148627
105350	0.059063
105400	0.142107
105450	0.201727
105500	0.166867
105550	-0.059321
105600	-0.064768
105650	0.052430
105700	0.035759
105750	0.271749
105800	0.072383
105850	-0.212317
105900	0.114391
105950	0.345289
106000	-0.033265
106050	-0.034498
106100	0.023360
106150	-0.008273
106200	-0.086515
106250	0.021810
106300	-0.186822
106350	-0.171179
106400	-0.004543
106450	-0.016284
106500	-0.090203
106550	0.134601
106600	-0.104425
106650	0.215663
106700	-0.071606
106750	0.051864
106800	-0.021309
106850	0.288112
106900	0.380419
106950	0.161491
107000	-0.204810
107050	0.106023
107100	0.391417
107150	0.462447
107200	0.426070
107250	0.236238
107300	0.184044
107350	0.151855
107400	0.085790
107450	0.117640
107500	-0.060265
107550	0.110952
107600	0.285145
107650	0.033516
107700	0.129491
107750	-0.125315
107800	0.391382
107850	0.160851
107900	-0.002699
107950	0.123378
108000	0.178096
108050	0.038152
108100	0.171673
108150	0.184567
108200	0.412180
108250	0.629232
108300	0.378613
108350	0.282678
108400	0.229383
108450	0.084938
108500	0.289614
108550	0.042976
108600	0.504208
108650	0.158107
108700	0.094197
108750	-0.200679
108800	-0.014948
108850	0.195772
108900	0.226984
108950	0.266110
109000	0.157948
109050	0.172040
109100	0.215890
109150	0.114924
109200	0.080024
109250	0.000468
109300	0.142404
109350	-0.237712
109400	-0.034012
109450	0.286205
109500	0.110164
109550	0.236027
109600	-0.053700
109650	-0.179871
109700	0.206194
109750	0.058806
109800	0.088153
109850	0.160642
109900	0.053069
109950	0.209908
110000	0.093682
110050	0.150347
110100	0.169386
110150	0.125311
110200	0.203030
110250	0.112539
110300	-0.001735
110350	-0.031076
110400	0.427465
110450	0.219959
110500	0.015700
110550	0.094909
110600	0.437820
110650	0.036249
110700	-0.004674
110750	-0.158682
110800	0.185080
110850	0.121090
110900	0.149069
110950	0.107072
111000	0.145116
111050	-0.074765
111100	0.077425
111150	0.307194
111200	-0.066238
111250	-0.001681
111300	0.059814
111350	0.013208
111400	0.150048
111450	0.096584
111500	0.188276
111550	0.124562
111600	0.122373
111650	0.364633
111700	0.061096
111750	-0.039667
111800	0.111390
111850	-0.029099
111900	0.266735
111950	-0.002903
112000	0.070953
112050	0.116905
112100	0.260320
112150	-0.339340
112200	0.224878
112250	0.046590
112300	0.032791
112350	0.011667
112400	0.108190
112450	0.141869
112500	0.326106
112550	0.426060
112600	0.498327
112650	0.402963
112700	0.040919
112750	0.106894
112800	0.170889
112850	-0.004760
112900	0.046260
112950	0.211661
113000	0.015644
113050	-0.209377
113100	-0.079186
113150	0.064675
113200	0.152221
113250	0.012212
113300	-0.031439
113350	0.231675
113400	0.026129
113450	0.063147
113500	0.145840
113550	0.008077
113600	-0.004442
113650	0.224136
113700	-0.177798
113750	0.069393
113800	0.347704
113850	0.016905
113900	-0.003781
113950	0.167657
114000	0.282416
114050	0.253554
114100	-0.072158
114150	-0.035442
114200	-0.201625
114250	-0.080737
114300	0.086149
114350	-0.019709
114400	0.188025
114450	0.147628
114500	-0.038255
114550	0.313002
114600	0.105100
114650	-0.156892
114700	0.328395
114750	-0.068025
114800	-0.176431
114850	0.267315
114900	-0.035941
114950	-0.034369
115000	-0.312766
115050	0.090953
115100	0.068707
115150	-0.022349
115200	-0.174960
115250	-0.226128
115300	-0.159102
115350	-0.002937
115400	-0.091043
115450	0.091901
115500	0.187101
115550	-0.144719
115600	0.372158
115650	0.429481
115700	0.047670
115750	0.195343
115800	0.153569
115850	0.075804
115900	-0.103958
115950	0.081386
116000	0.053454
116050	0.018038
116100	-0.036708
116150	0.174660
116200	0.105262
116250	0.048069
116300	-0.306844
116350	0.025979
116400	0.306456
116450	0.069929
116500	-0.094529
116550	0.082626
116600	0.052183
116650	0.260676
116700	-0.054474
116750	-0.013137
116800	0.138429
116850	-0.000222
116900	0.203751
116950	0.252351
117000	0.042705
117050	-0.194822
117100	0.086835
117150	-0.206805
117200	0.397545
117250	-0.058607
117300	-0.006016
117350	0.159302
117400	-0.178463
117450	0.118413
117500	0.042080
117550	0.345486
117600	0.305807
117650	0.253620
117700	0.179485
117750	0.174351
117800	0.222312
117850	-0.173990
117900	0.022202
117950	0.365043
118000	0.042848
118050	0.528700
118100	0.110994
118150	0.227680
118200	-0.142528
118250	0.166993
118300	-0.105750
118350	0.206364
118400	0.077232
118450	0.335239
118500	0.092754
118550	0.042970
118600	0.061328
118650	0.081222
118700	0.025932
118750	0.008437
118800	0.181803
118850	0.141948
118900	-0.198595
118950	-0.057334
119000	-0.071059
119050	0.044034
119100	-0.057993
119150	0.176111
119200	0.114931
119250	0.354204
119300	-0.267828
119350	0.054315
119400	-0.027217
119450	0.423486
119500	-0.091141
119550	-0.012752
119600	0.181399
119650	-0.256825
119700	0.100743
119750	0.062005
119800	-0.083313
119850	0.100552
119900	0.137294
119950	-0.038227
120000	0.086966
120050	0.073518
120100	0.232404
120150	0.060286
120200	0.136158
120250	0.355718
120300	-0.103885
120350	0.287364
120400	0.159416
120450	0.463365
120500	0.218098
120550	-0.165213
120600	-0.071160
120650	-0.005386
120700	0.008906
120750	0.038413
120800	0.012521
120850	0.347652
120900	0.227745
120950	0.278862
121000	0.173614
121050	0.167207
121100	0.184337
121150	0.255569
121200	0.139068
121250	0.337112
121300	0.218606
121350	0.303707
121400	0.192244
121450	0.165652
121500	0.207071
121550	0.227361
121600	0.292444
121650	0.134414
121700	0.241349
121750	-0.029121
121800	-0.107058
121850	-0.002996
121900	-0.103200
121950	0.113688
122000	0.011094
122050	0.291581
122100	-0.071532
122150	0.054625
122200	0.197201
122250	0.291446
122300	0.318820
122350	0.309297
122400	0.143389
122450	-0.120448
122500	0.035424
122550	-0.028220
122600	0.243901
122650	0.057529
122700	0.225455
122750	-0.013915
122800	0.329469
122850	0.101349
122900	0.072035
122950	0.194638
123000	-0.009663
123050	0.463690
123100	0.259307
123150	0.235417
123200	0.091804
123250	0.239388
123300	0.004171
123350	0.061996
123400	-0.274131
123450	-0.088521
123500	0.153883
123550	-0.168170
123600	0.129967
123650	0.051869
123700	0.371281
123750	0.430797
123800	-0.040671
123850	0.126558
123900	-0.210812
123950	-0.136552
124000	-0.076263
124050	0.402072
124100	0.015076
124150	0.047858
124200	0.321253
124250	0.082882
124300	0.252758
124350	0.262051
124400	-0.004679
124450	0.485368
124500	0.164093
124550	0.173559
124600	0.070818
124650	0.282916
124700	0.369618
124750	0.114673
124800	0.159037
124850	0.121457
124900	-0.001270
124950	-0.059721
125000	0.081518
125050	-0.261365
125100	-0.231864
125150	-0.097460
125200	0.313437
125250	0.186008
125300	0.243741
125350	0.057939
125400	0.132022
125450	0.393535
125500	0.444281
125550	0.213326
125600	0.522072
125650	0.167318
125700	0.046308
125750	0.354998
125800	0.096229
125850	0.212446
125900	0.359517
125950	0.250385
126000	0.078281
126050	0.148713
126100	0.427397
126150	0.166385
126200	0.115380
126250	0.217173
126300	0.197633
126350	0.366536
126400	0.117100
126450	0.051586
126500	-0.011803
126550	0.102864
126600	0.089957
126650	0.196093
126700	-0.064050
126750	-0.029110
126800	0.099480
126850	-0.111696
126900	0.223594
126950	-0.134213
127000	0.149138
127050	0.340455
127100	0.567091
127150	0.018236
127200	0.336904
127250	0.070123
127300	0.181022
127350	0.099875
127400	-0.136303
127450	0.160651
127500	0.124754
127550	0.229560
127600	0.137883
127650	0.148790
127700	0.250570
127750	-0.232412
127800	0.006291
127850	0.207065
127900	0.288320
127950	-0.010882
128000	0.048260
128050	0.171813
128100	0.071954
128150	0.119300
128200	0.243799
128250	-0.021991
128300	0.209744
128350	0.442142
128400	0.073215
128450	0.239238
128500	0.109924
128550	0.106840
128600	-0.034071
128650	0.053204
128700	0.201608
128750	0.106149
128800	0.191517
128850	-0.194150
128900	-0.075017
128950	0.212026
129000	-0.058630
129050	-0.210478
129100	0.272725
129150	-0.000164
129200	-0.115666
129250	0.033917
129300	0.121854
129350	-0.106267
129400	0.084780
129450	0.075122
129500	0.160702
129550	0.139646
129600	0.186985
129650	0.346814
129700	-0.099625
129750	-0.136237
129800	0.153502
129850	0.152235
129900	0.306165
129950	0.252210
130000	0.219465
130050	-0.171890
130100	0.246906
130150	-0.111745
130200	0.056651
130250	-0.016499
130300	0.150440
130350	0.035386
130400	0.407196
130450	0.357244
130500	-0.062690
130550	0.285590
130600	0.157178
130650	0.367320
130700	0.322445
130750	0.004926
130800	-0.007866
130850	0.231308
130900	0.050826
130950	0.135412
131000	0.191337
131050	0.132010
131100	0.231802
131150	-0.005165
131200	0.035950
131250	-0.005763
131300	-0.056486
131350	0.054617
131400	0.060107
131450	0.070218
131500	0.394719
131550	-0.029069
131600	0.229996
131650	0.442268
131700	0.069369
131750	0.101481
131800	0.279776
131850	0.067717
131900	0.234599
131950	0.165541
132000	0.233001
132050	0.374043
132100	0.083596
132150	0.338630
132200	0.353202
132250	0.122550
132300	0.051095
132350	0.090621
132400	0.208811
132450	-0.131384
132500	0.051323
132550	0.118081
132600	0.222045
132650	0.145618
132700	0.034949
132750	0.196199
132800	0.135857
132850	0.185364
132900	0.212894
132950	-0.006111
133000	0.224126
133050	0.191985
133100	0.057528
133150	0.428251
133200	0.382708
133250	-0.136683
133300	-0.036306
133350	0.329390
133400	-0.188393
133450	-0.113543
133500	-0.115960
133550	0.293057
133600	0.097792
133650	0.351130
133700	-0.098000
133750	0.271396
133800	-0.213387
133850	0.094041
133900	0.272745
133950	0.253958
134000	0.194539
134050	0.527974
134100	0.212515
134150	-0.031755
134200	-0.136854
134250	0.503097
134300	-0.165264
134350	0.029755
134400	0.108956
134450	-0.131577
134500	0.079034
134550	0.393393
134600	-0.015307
134650	0.051175
134700	-0.027949
134750	0.036807
134800	-0.150351
134850	0.344165
134900	0.150629
134950	-0.092580
135000	0.011207
135050	0.200998
135100	0.228797
135150	-0.050885
135200	-0.010974
135250	-0.203625
135300	0.261121
135350	0.066560
135400	0.273888
135450	0.338926
135500	0.084336
135550	-0.025569
135600	-0.141126
135650	-0.063118
135700	0.275848
135750	0.319526
135800	-0.019918
135850	0.038076
135900	0.290277
135950	0.025845
136000	0.069152
136050	0.213293
136100	0.416122
136150	-0.053787
136200	-0.118189
136250	0.073336
136300	0.183399
136350	-0.067305
136400	0.323214
136450	0.037341
136500	0.219075
136550	0.119006
136600	0.058795
136650	0.366777
136700	0.046483
136750	0.188012
136800	0.221852
136850	-0.042709
136900	-0.013379
136950	0.044222
137000	0.332823
137050	0.191166
137100	-0.097297
137150	-0.119687
137200	0.121225
137250	0.238674
137300	-0.106209
137350	0.316123
137400	0.183195
137450	0.057033
137500	0.136275
137550	0.415579
137600	-0.165674
137650	0.372959
137700	-0.153602
137750	0.115237
137800	0.087956
137850	0.312839
137900	-0.246210
137950	0.126339
138000	-0.193653
138050	0.163853
138100	0.341408
138150	0.092900
138200	-0.121378
138250	-0.083894
138300	0.006424
138350	-0.121995
138400	-0.051071
138450	-0.162461
138500	0.081427
138550	-0.066655
138600	0.271807
138650	0.359905
138700	0.135394
138750	-0.041608
138800	0.363855
138850	0.085462
138900	0.095419
138950	0.191647
139000	0.420789
139050	-0.049850
139100	0.330354
139150	0.280932
139200	0.391981
139250	0.246788
139300	0.134659
139350	0.528716
139400	0.177634
139450	0.231219
139500	0.242489
139550	0.170411
139600	0.111626
139650	0.238669
139700	0.149768
139750	0.278777
139800	-0.016272
139850	0.113713
139900	0.252472
139950	0.109469
140000	0.050042
140050	-0.349999
140100	-0.050800
140150	0.044010
140200	-0.012134
140250	0.213452
140300	0.141573
140350	0.193062
140400	0.237872
140450	0.031311
140500	0.365456
140550	0.138400
140600	0.363533
140650	0.154095
140700	0.184558
140750	-0.056689
140800	0.369733
140850	0.332771
140900	0.133020
140950	-0.023477
141000	0.151686
141050	0.047939
141100	0.305271
141150	0.189119
141200	0.011822
141250	0.526454
141300	0.363074
141350	0.602314
141400	0.167608
141450	-0.083746
141500	0.289491
141550	0.167276
141600	0.312198
141650	0.170607
141700	0.185871
141750	-0.053902
141800	0.192768
141850	0.178407
141900	-0.178799
141950	0.338637
142000	0.119398
142050	0.151187
142100	-0.056975
142150	-0.114549
142200	0.067016
142250	0.186817
142300	-0.097720
142350	0.371136
142400	0.003018
142450	0.489242
142500	0.501766
142550	0.278695
142600	-0.138869
142650	0.270328
142700	0.116298
142750	0.150174
142800	0.154706
142850	0.226377
142900	0.046700
142950	-0.020964
143000	0.321976
143050	-0.022268
143100	0.277762
143150	0.323283
143200	0.315561
143250	-0.019767
143300	-0.052140
143350	0.300033
143400	0.382665
143450	0.443174
143500	-0.131839
143550	-0.095360
143600	0.255202
143650	0.049655
143700	0.029619
143750	0.192957
143800	0.181712
143850	0.079692
143900	0.353597
143950	0.044831
144000	-0.008731
144050	-0.143242
144100	0.102188
144150	0.117345
144200	0.498647
144250	0.051508
144300	0.018337
144350	0.030962
144400	0.233095
144450	0.153000
144500	-0.211298
144550	-0.015680
144600	0.191534
144650	-0.150894
144700	-0.015770
144750	-0.222291
144800	-0.054635
144850	-0.085832
144900	0.202523
144950	0.048357
145000	-0.058995
145050	-0.244434
145100	0.055932
145150	0.117244
145200	0.092514
145250	0.476174
145300	0.293473
145350	0.075069
145400	0.017939
145450	0.349455
145500	0.325702
145550	0.329962
145600	-0.084835
145650	0.201323
145700	0.164813
145750	-0.046024
145800	0.000674
145850	0.044040
145900	0.304376
145950	0.052856
146000	0.199178
146050	0.027562
146100	0.195575
146150	0.170033
146200	-0.037015
146250	0.367885
146300	-0.020552
146350	0.069800
146400	-0.159784
146450	-0.042441
146500	0.124518
146550	0.093926
146600	-0.075584
146650	-0.046943
146700	-0.076829
146750	-0.160023
146800	0.423981
146850	-0.065404
146900	0.243436
146950	-0.082211
147000	0.060747
147050	0.193872
147100	0.334868
147150	0.065899
147200	0.075671
147250	0.102105
147300	-0.201106
147350	0.042466
147400	0.074902
147450	-0.177500
147500	-0.051564
147550	0.243737
147600	-0.103535
147650	0.049099
147700	0.419671
147750	0.220066
147800	0.350619
147850	0.018275
147900	0.018746
147950	0.062493
148000	-0.174944
148050	0.031807
148100	-0.086111
148150	0.194399
148200	0.313503
148250	0.053343
148300	0.359358
148350	0.181005
148400	0.019254
148450	-0.090807
148500	0.279659
148550	-0.172812
148600	-0.219568
148650	0.061281
148700	0.285700
148750	0.087434
148800	0.183666
148850	0.056808
148900	0.263076
148950	0.245225
149000	0.457046
149050	0.048151
149100	0.160587
149150	0.299719
149200	0.239439
149250	0.001360
149300	-0.005029
149350	0.038636
149400	-0.112931
149450	0.346219
149500	0.324692
149550	0.099650
149600	-0.058032
149650	0.035923
149700	0.260017
149750	0.293257
149800	0.401472
149850	0.189082
149900	-0.017829
149950	0.204473
150000	0.164375
150050	-0.053953
150100	0.101417
150150	0.484412
150200	0.206602
150250	0.301467
150300	0.438640
150350	0.354328
150400	0.287551
150450	0.278262
150500	0.223492
150550	-0.210529
150600	-0.070586
150650	0.132090
150700	0.234330
150750	0.312760
150800	-0.150388
150850	0.408868
150900	0.198659
150950	0.227141
151000	-0.109595
151050	0.190327
151100	0.144248
151150	-0.011034
151200	0.244483
151250	-0.107483
151300	0.404623
151350	0.131701
151400	0.064450
151450	0.017791
151500	0.441013
151550	0.386517
151600	-0.042892
151650	0.038851
151700	0.180026
151750	-0.185265
151800	0.070557
151850	-0.206186
151900	-0.239166
151950	-0.116819
152000	0.265059
152050	0.170841
152100	-0.066676
152150	0.106329
152200	-0.072403
152250	0.151451
152300	-0.176914
152350	-0.014607
152400	0.357137
152450	0.022225
152500	-0.046631
152550	0.056429
152600	0.214410
152650	0.162467
152700	-0.211887
152750	0.202100
152800	0.142384
152850	0.356854
152900	-0.042177
152950	0.396805
153000	0.054054
153050	0.123667
153100	0.100036
153150	0.254345
153200	0.129545
153250	-0.142861
153300	-0.007617
153350	-0.032959
153400	-0.143906
153450	-0.066429
153500	0.288179
153550	0.135081
153600	0.076537
153650	0.067036
153700	-0.193614
153750	0.184756
153800	0.095499
153850	0.136823
153900	-0.003049
153950	0.030147
154000	0.097162
154050	0.291396
154100	-0.130990
154150	-0.199335
154200	0.145980
154250	0.045626
154300	0.198296
154350	0.143324
154400	0.221054
154450	0.246223
154500	0.073125
154550	0.286561
154600	-0.007490
154650	0.321094
154700	0.168009
154750	0.220355
154800	0.089895
154850	0.473036
154900	0.092413
154950	0.328410
155000	0.164555
155050	0.086375
155100	-0.022434
155150	0.029609
155200	-0.138587
155250	-0.127093
155300	-0.011548
155350	0.176748
155400	0.328583
155450	0.415618
155500	0.379627
155550	0.208375
155600	-0.068428
155650	0.167789
155700	0.065342
155750	0.094910
155800	0.170080
155850	-0.099366
155900	-0.024425
155950	-0.223243
156000	-0.055522
156050	0.095906
156100	0.195677
156150	-0.025907
156200	0.076526
156250	0.088014
156300	0.072998
156350	0.106002
156400	0.264903
156450	0.011226
156500	0.143609
156550	0.326597
156600	-0.006152
156650	0.260076
156700	0.450212
156750	0.265442
156800	0.330714
156850	0.210717
156900	0.309994
156950	0.301751
157000	0.197625
157050	0.162464
157100	-0.116757
157150	-0.122160
157200	0.019277
157250	0.075722
157300	0.027565
157350	0.083733
157400	0.271004
157450	-0.052919
157500	0.257077
157550	0.383109
157600	0.581790
157650	-0.145193
157700	0.226262
157750	-0.091590
157800	0.021439
157850	0.475852
157900	0.539750
157950	0.067364
158000	0.090464
158050	0.101869
158100	0.282320
158150	0.109933
158200	0.289880
158250	0.053570
158300	0.287254
158350	0.151725
158400	0.403269
158450	0.429692
158500	0.700403
158550	0.267324
158600	0.348461
158650	0.305635
158700	0.174884
158750	-0.059875
158800	0.123829
158850	0.264946
158900	0.011536
158950	0.073504
159000	-0.159850
159050	0.239936
159100	0.034410
159150	0.165573
159200	-0.135048
159250	0.061599
159300	0.033747
159350	-0.155136
159400	-0.100121
159450	0.073071
159500	0.391297
159550	0.265677
159600	0.074791
159650	-0.093201
159700	-0.345123
159750	0.415329
159800	0.251652
159850	0.221092
159900	-0.000677
159950	0.199110
160000	0.141831
160050	0.177170
160100	0.430766
160150	0.108538
160200	0.175615
160250	0.356749
160300	-0.003608
160350	-0.119606
160400	0.148904
160450	0.264999
160500	-0.063902
160550	-0.112257
160600	0.176655
160650	-0.114739
160700	-0.147547
160750	0.010185
160800	0.159110
160850	0.137200
160900	0.293636
160950	0.167426
161000	0.325697
161050	0.007254
161100	0.109670
161150	0.234082
161200	0.016774
161250	0.120662
161300	0.213846
161350	-0.060757
161400	-0.058348
161450	0.109924
161500	0.049642
161550	0.159238
161600	0.032180
161650	-0.088024
161700	0.154390
161750	-0.008713
161800	0.009198
161850	-0.197146
161900	0.046807
161950	-0.030786
162000	0.051765
162050	0.121314
162100	0.040368
162150	-0.099240
162200	-0.199068
162250	0.206472
162300	-0.034813
162350	-0.035781
162400	0.059873
162450	-0.001896
162500	0.205760
162550	0.056918
162600	-0.144871
162650	0.019933
162700	-0.120637
162750	-0.257186
162800	-0.041595
162850	0.070045
162900	0.283541
162950	-0.203822
163000	0.188405
163050	-0.296160
163100	0.003181
163150	0.243593
163200	0.185294
163250	0.218955
163300	-0.113828
163350	0.197313
163400	-0.344202
163450	0.293498
163500	0.139370
163550	-0.109439
163600	0.150268
163650	-0.175728
163700	-0.193640
163750	-0.115216
163800	0.308252
163850	-0.303708
163900	0.022670
163950	0.074238
164000	0.076216
164050	0.322005
164100	0.561072
164150	0.103186
164200	0.187397
164250	0.175599
164300	0.168500
164350	0.234093
164400	0.053454
164450	0.202955
164500	-0.164953
164550	0.237454
164600	0.230594
164650	0.417311
164700	-0.347714
164750	0.219868
164800	0.173708
164850	0.137457
164900	0.493741
164950	0.178540
165000	0.196822
165050	0.380279
165100	0.227467
165150	-0.255660
165200	-0.238132
165250	0.142511
165300	0.002382
165350	0.072734
165400	-0.084600
165450	0.121037
165500	0.086319
165550	0.084935
165600	0.230790
165650	0.459340
165700	-0.093649
165750	0.263765
165800	0.023717
165850	-0.121170
165900	0.067508
165950	-0.089713
166000	0.291040
166050	0.105480
166100	0.043415
166150	0.234139
166200	-0.105417
166250	0.215814
166300	-0.054128
166350	-0.204641
166400	-0.084771
166450	0.163885
166500	-0.064726
166550	0.316982
166600	0.127617
166650	0.251545
166700	0.249074
166750	0.310686
166800	0.168561
166850	0.306305
166900	0.064412
166950	0.313160
167000	0.081407
167050	0.408419
167100	0.291821
167150	0.189017
167200	0.208119
167250	0.522731
167300	-0.090954
167350	-0.123085
167400	0.326604
167450	0.006449
167500	0.440131
167550	0.044865
167600	0.033229
167650	0.143665
167700	-0.169689
167750	-0.069672
167800	0.333010
167850	0.073310
167900	0.155590
167950	0.119375
168000	0.058668
168050	0.313842
168100	0.366116
168150	0.333878
168200	-0.214515
168250	-0.096910
168300	0.306678
168350	0.172921
168400	0.098982
168450	-0.023914
168500	0.012246
168550	-0.058368
168600	0.029019
168650	0.190712
168700	0.179438
168750	0.056434
168800	-0.045632
168850	0.319908
168900	0.236427
168950	0.315149
169000	0.061280
169050	0.058292
169100	0.033626
169150	0.357052
169200	0.095354
169250	0.484364
169300	0.127428
169350	0.245165
169400	0.238510
169450	0.042429
169500	0.159114
169550	-0.011958
169600	0.121110
169650	0.142078
169700	0.176841
169750	-0.032430
169800	0.092279
169850	0.037699
169900	0.231580
169950	0.251716
170000	-0.025839
170050	0.107665
170100	0.157299
170150	0.376838
170200	0.406954
170250	0.176563
170300	0.278028
170350	0.446006
170400	0.036137
170450	0.097641
170500	-0.064443
170550	-0.097094
170600	0.423156
170650	-0.394732
170700	-0.056043
170750	-0.108966
170800	0.166896
170850	0.269116
170900	-0.203989
170950	-0.346721
171000	0.129941
171050	-0.014507
171100	-0.080906
171150	-0.090814
171200	0.363675
171250	0.146771
171300	0.294575
171350	0.036845
171400	-0.027508
171450	0.152650
171500	0.314363
171550	0.370887
171600	0.201564
171650	-0.173180
171700	0.169311
171750	0.162195
171800	0.057134
171850	0.001168
171900	0.091380
171950	0.027920
172000	0.092903
172050	0.524901
172100	0.290349
172150	0.177407
172200	0.226261
172250	0.223192
172300	-0.063307
172350	-0.093443
172400	-0.084408
172450	-0.248256
172500	0.167808
172550	0.096055
172600	0.091972
172650	0.034711
172700	-0.157124
172750	0.176274
172800	0.294535
172850	0.233983
172900	-0.042803
172950	0.214950
173000	0.211064
173050	0.631914
173100	0.295064
173150	0.133902
173200	0.042854
173250	0.256449
173300	0.123562
173350	0.105337
173400	0.014995
173450	-0.153705
173500	-0.147074
173550	-0.233283
173600	0.155420
173650	0.122120
173700	0.019469
173750	0.282249
173800	0.094884
173850	0.021157
173900	0.390707
173950	0.466709
174000	0.168024
174050	0.073495
174100	0.135700
174150	0.158673
174200	0.223898
174250	0.055777
174300	-0.107837
174350	-0.036733
174400	0.038011
174450	-0.043796
174500	0.293828
174550	0.034422
174600	0.268456
174650	0.396672
174700	0.376371
174750	0.300914
174800	0.098422
174850	0.260721
174900	-0.243132
174950	-0.071069
175000	0.041654
175050	0.199252
175100	0.078506
175150	-0.042958
175200	-0.174074
175250	-0.285018
175300	-0.105845
175350	-0.055760
175400	0.106884
175450	0.238543
175500	0.180581
175550	0.128420
175600	0.399530
175650	0.217923
175700	0.136593
175750	0.039479
175800	0.045371
175850	0.244976
175900	0.394712
175950	0.229234
176000	0.328107
176050	0.251148
176100	0.010662
176150	0.229751
176200	0.129124
176250	0.260765
176300	0.066809
176350	0.146066
176400	0.270416
176450	0.041977
176500	0.048930
176550	0.046540
176600	0.101269
176650	-0.047874
176700	-0.218152
176750	0.040310
176800	0.111584
176850	0.097376
176900	-0.121438
176950	0.008056
177000	0.289429
177050	0.248306
177100	0.219887
177150	0.252793
177200	0.657196
177250	0.002726
177300	0.270901
177350	0.369186
177400	0.158143
177450	0.411011
177500	0.306821
177550	0.304176
177600	0.260775
177650	0.400313
177700	0.222438
177750	-0.054716
177800	0.267735
177850	0.205270
177900	0.108563
177950	-0.105703
178000	0.092529
178050	-0.121113
178100	-0.029134
178150	-0.008534
178200	0.282048
178250	0.072161
178300	0.311666
178350	0.027881
178400	0.130590
178450	0.562438
178500	0.037505
178550	0.083360
178600	0.154095
178650	0.369583
178700	0.088414
178750	0.019640
178800	-0.018364
178850	0.186365
178900	-0.021455
178950	-0.002372
179000	0.225968
179050	0.027162
179100	0.290708
179150	0.356710
179200	0.270117
179250	0.005306
179300	0.096736
179350	0.239808
179400	0.024652
179450	-0.116055
179500	-0.304608
179550	-0.188904
179600	-0.174627
179650	-0.022606
179700	-0.152382
179750	-0.027771
179800	0.096984
179850	0.120286
179900	-0.054082
179950	0.237732
180000	-0.157720
180050	-0.178362
180100	-0.091805
180150	-0.223019
180200	0.147730
180250	-0.090006
180300	-0.017256
180350	0.216511
180400	0.023191
180450	-0.191782
180500	-0.125780
180550	0.252889
180600	0.143450
180650	0.144409
180700	0.005092
180750	0.070015
180800	-0.047058
180850	-0.126597
180900	-0.060136
180950	0.231783
181000	0.071447
181050	0.140438
181100	0.189733
181150	0.067610
181200	0.055592
181250	-0.147407
181300	0.235846
181350	-0.211478
181400	0.120644
181450	0.113471
181500	0.008512
181550	-0.070225
181600	-0.044604
181650	0.332504
181700	0.052631
181750	0.292463
181800	0.278727
181850	0.439811
181900	0.324550
181950	-0.313048
182000	-0.168637
182050	0.115970
182100	0.200264
182150	-0.122537
182200	0.090473
182250	-0.254512
182300	-0.061003
182350	0.170167
182400	0.266590
182450	0.000578
182500	-0.159119
182550	0.142293
182600	0.181146
182650	0.213796
182700	0.326941
182750	0.217983
182800	0.435420
182850	-0.052526
182900	0.018743
182950	0.336536
183000	-0.012576
183050	-0.261870
183100	-0.043712
183150	0.116540
183200	0.184618
183250	-0.066701
183300	0.062844
183350	0.094952
183400	0.229768
183450	0.020699
183500	-0.073119
183550	0.010445
183600	0.199021
183650	0.039662
183700	-0.139262
183750	0.260860
183800	0.034650
183850	0.027313
183900	0.179017
183950	-0.200002
184000	-0.174179
184050	0.076678
184100	0.106590
184150	0.037345
184200	0.093821
184250	-0.041549
184300	0.055947
184350	0.316576
184400	0.372062
184450	-0.173745
184500	0.086261
184550	-0.134218
184600	0.077208
184650	-0.238722
184700	-0.139118
184750	0.021090
184800	0.176153
184850	0.496554
184900	0.427802
184950	0.172115
185000	-0.082122
185050	0.207829
185100	0.092986
185150	0.203561
185200	0.057760
185250	0.203730
185300	0.395255
185350	0.175769
185400	-0.119822
185450	-0.196084
185500	-0.071916
185550	-0.380700
185600	-0.092852
185650	-0.012066
185700	0.185506
185750	-0.093845
185800	-0.123886
185850	0.002550
185900	0.116134
185950	-0.018802
186000	0.028469
186050	0.094807
186100	-0.093258
186150	0.010461
186200	-0.070612
186250	0.244175
186300	0.144887
186350	0.153978
186400	0.221780
186450	0.565007
186500	0.130724
186550	0.074782
186600	0.225224
186650	-0.014194
186700	0.050027
186750	0.059279
186800	0.229260
186850	0.171309
186900	0.451433
186950	0.151709
187000	0.241292
187050	0.063811
187100	0.047384
187150	0.267595
187200	0.344688
187250	0.026419
187300	0.384524
187350	0.299180
187400	0.628571
187450	0.231821
187500	0.100781
187550	0.119554
187600	0.264864
187650	0.146061
187700	0.121468
187750	0.130615
187800	-0.060604
187850	-0.208777
187900	0.126990
187950	0.338352
188000	0.144220
188050	0.006969
188100	-0.071432
188150	-0.074153
188200	0.270393
188250	0.138095
188300	0.046623
188350	-0.072812
188400	0.117583
188450	0.080246
188500	0.060428
188550	0.050952
188600	0.196491
188650	0.154945
188700	-0.125476
188750	-0.200190
188800	-0.031015
188850	-0.140590
188900	0.079168
188950	-0.022601
189000	0.104372
189050	0.225879
189100	0.242361
189150	0.314987
189200	0.414773
189250	0.211395
189300	0.253650
189350	0.219211
189400	0.268443
189450	0.172192
189500	-0.039745
189550	-0.274551
189600	0.116279
189650	-0.218000
189700	0.194089
189750	-0.040800
189800	0.013778
189850	-0.061134
189900	0.060945
189950	0.202132
190000	0.359355
190050	0.147489
190100	0.364957
190150	0.391158
190200	0.133287
190250	0.359707
190300	0.231521
190350	0.271697
190400	0.398217
190450	-0.032725
190500	0.318594
190550	0.140673
190600	0.180462
190650	0.212647
190700	0.230576
190750	0.144003
190800	-0.061645
190850	0.489790
190900	0.297549
190950	0.289058
191000	0.377916
191050	0.117335
191100	-0.124782
191150	0.056037
191200	0.175982
191250	0.134764
191300	-0.032456
191350	0.456501
191400	-0.007152
191450	0.174394
191500	0.078696
191550	0.281251
191600	-0.243106
191650	0.007429
191700	0.133851
191750	0.220319
191800	0.306536
191850	0.237519
191900	0.020550
191950	0.064442
192000	0.139998
192050	0.247395
192100	0.200801
192150	0.076584
192200	-0.197160
192250	-0.191113
192300	-0.058034
192350	0.377679
192400	-0.013463
192450	-0.035046
192500	0.042107
192550	-0.066090
192600	-0.002731
192650	0.150559
192700	0.153936
192750	0.408107
192800	0.170717
192850	0.452654
192900	0.430994
192950	0.063974
193000	-0.081409
193050	0.227327
193100	0.134634
193150	-0.056432
193200	0.286362
193250	-0.191920
193300	0.191360
193350	0.256862
193400	0.314967
193450	0.529116
193500	0.127162
193550	0.144406
193600	0.070173
193650	0.070212
193700	0.107144
193750	0.292243
193800	0.152809
193850	0.225968
193900	-0.060933
193950	-0.057274
194000	0.121410
194050	0.243061
194100	0.002914
194150	0.000351
194200	0.036281
194250	0.116189
194300	0.158045
194350	0.117552
194400	0.070537
194450	-0.287913
194500	-0.151979
194550	-0.022749
194600	-0.173965
194650	0.135103
194700	0.215384
194750	0.068972
194800	-0.098740
194850	0.179126
194900	0.019881
194950	-0.142590
195000	0.199325
195050	-0.019665
195100	0.094311
195150	0.098700
195200	-0.163482
195250	-0.025287
195300	0.138741
195350	-0.155355
195400	0.104433
195450	0.273158
195500	0.047012
195550	-0.059621
195600	0.119597
195650	0.294266
195700	-0.062410
195750	0.363889
195800	0.209077
195850	0.032960
195900	0.222046
195950	0.086952
196000	0.051352
196050	0.161467
196100	0.140402
196150	0.162509
196200	-0.087829
196250	0.362267
196300	0.101498
196350	0.047773
196400	-0.150599
196450	0.323212
196500	0.047743
196550	0.336640
196600	-0.099570
196650	-0.002503
196700	0.260660
196750	0.257364
196800	0.266006
196850	0.356947
196900	0.106375
196950	-0.098170
197000	-0.106047
197050	0.294277
197100	0.015341
197150	-0.009986
197200	-0.113390
197250	0.046975
197300	0.007350
197350	-0.180810
197400	-0.027943
197450	-0.069264
197500	-0.179709
197550	-0.191843
197600	0.342799
197650	0.201192
197700	-0.060256
197750	-0.063852
197800	0.455126
197850	0.019086
197900	0.185318
197950	0.145677
198000	0.140580
198050	0.302688
198100	0.004736
198150	0.189607
198200	0.290052
198250	0.163480
198300	0.041276
198350	0.316883
198400	0.158182
198450	0.061158
198500	0.022713
198550	0.097714
198600	0.395981
198650	-0.141820
198700	-0.056455
198750	-0.139257
198800	0.072543
198850	0.088436
198900	0.218354
198950	0.465296
199000	0.033795
199050	0.113801
199100	0.076394
199150	-0.006737
199200	0.389491
199250	-0.084159
199300	0.289406
199350	0.160664
199400	0.007086
199450	-0.182048
199500	0.069051
199550	-0.062115
199600	-0.039208
199650	0.086041
199700	0.016174
199750	-0.202773
199800	-0.163153
199850	-0.119510
199900	0.175178
199950	0.155456
