0	44.479423
50	2.520385
100	0.422856
150	0.384507
200	-0.000074
250	0.267658
300	0.369290
350	0.296716
400	0.085282
450	0.112009
500	0.147920
550	0.028604
600	0.055081
650	0.084035
700	0.112781
750	-0.176572
800	0.090891
850	0.226181
900	0.045706
950	-0.020036
1000	0.128247
1050	0.021670
1100	-0.068896
1150	0.178270
1200	0.214926
1250	0.341393
1300	0.171232
1350	0.209004
1400	0.217145
1450	-0.023006
1500	-0.107390
1550	0.062560
1600	0.112526
1650	0.266003
1700	0.408738
1750	0.214249
1800	0.000826
1850	-0.095970
1900	-0.019842
1950	0.119492
2000	0.337299
2050	-0.016261
2100	-0.027376
2150	0.038242
2200	0.357231
2250	0.066415
2300	-0.017088
2350	0.095165
2400	0.001282
2450	0.052529
2500	0.008024
2550	-0.175055
2600	0.091880
2650	0.145417
2700	0.138465
2750	0.014405
2800	0.151468
2850	0.199991
2900	0.053302
2950	0.001292
3000	-0.130631
3050	0.117449
3100	0.147780
3150	0.179921
3200	0.072450
3250	-0.051859
3300	-0.158279
3350	-0.428663
3400	-0.261368
3450	0.266432
3500	-0.064192
3550	0.025575
3600	0.203178
3650	0.090239
3700	0.276882
3750	0.124820
3800	0.006907
3850	0.265910
3900	-0.022887
3950	-0.022138
4000	0.111881
4050	0.269237
4100	-0.087178
4150	0.167364
4200	0.049268
4250	0.094770
4300	0.201328
4350	0.008984
4400	0.099381
4450	0.220152
4500	0.068541
4550	-0.016412
4600	0.013233
4650	0.006466
4700	-0.072608
4750	0.020441
4800	-0.002826
4850	-0.043600
4900	-0.206066
4950	0.069551
5000	-0.065280
5050	-0.042888
5100	0.128009
5150	-0.020680
5200	0.122473
5250	-0.020082
5300	0.236432
5350	0.110879
5400	0.077517
5450	-0.057770
5500	0.132987
5550	-0.192832
5600	-0.093250
5650	0.142665
5700	0.044431
5750	-0.027945
5800	0.046559
5850	0.125885
5900	0.169735
5950	-0.002066
6000	0.175537
6050	0.136226
6100	0.044187
6150	-0.183204
6200	-0.111132
6250	0.093088
6300	-0.055039
6350	-0.032995
6400	0.026259
6450	-0.056027
6500	0.076846
6550	-0.341497
6600	-0.056587
6650	0.095306
6700	-0.021625
6750	-0.043108
6800	0.064557
6850	0.037484
6900	0.207307
6950	0.115134
7000	-0.191536
7050	0.116389
7100	-0.089773
7150	0.205010
7200	0.439967
7250	0.339150
7300	0.181849
7350	0.050965
7400	-0.065642
7450	0.060847
7500	0.039517
7550	0.016693
7600	-0.009041
7650	-0.083898
7700	0.101976
7750	-0.245589
7800	0.018141
7850	0.013183
7900	-0.044348
7950	-0.141138
8000	0.180591
8050	0.008313
8100	0.107266
8150	0.193570
8200	-0.159973
8250	0.045740
8300	0.146178
8350	0.101374
8400	0.139457
8450	0.166490
8500	0.219725
8550	0.034467
8600	0.175601
8650	0.234286
8700	0.211213
8750	0.288077
8800	0.123855
8850	0.229834
8900	0.130953
8950	-0.102601
9000	-0.066557
9050	0.092470
9100	-0.136315
9150	0.086057
9200	-0.125584
9250	-0.044633
9300	-0.021852
9350	0.220200
9400	-0.041229
9450	0.296863
9500	0.103743
9550	0.152216
9600	0.354952
9650	-0.010340
9700	-0.009225
9750	0.074281
9800	0.113850
9850	0.050338
9900	-0.083587
9950	0.161270
10000	0.183054
10050	0.136998
10100	0.082797
10150	0.240224
10200	-0.004107
10250	-0.044257
10300	-0.124174
10350	-0.084455
10400	-0.021292
10450	0.066876
10500	0.181366
10550	-0.031876
10600	0.090124
10650	0.003434
10700	0.196254
10750	-0.151209
10800	0.138335
10850	0.100324
10900	-0.059116
10950	0.044594
11000	0.112357
11050	-0.053612
11100	-0.132787
11150	0.307949
11200	0.025173
11250	0.120249
11300	0.250512
11350	0.342758
11400	-0.160830
11450	-0.114400
11500	0.178307
11550	0.183489
11600	0.036262
11650	0.209061
11700	0.394354
11750	-0.017150
11800	-0.139651
11850	0.145803
11900	0.017770
11950	0.032974
12000	-0.090356
12050	-0.041563
12100	0.040139
12150	0.175383
12200	0.109123
12250	-0.220341
12300	-0.074869
12350	-0.158044
12400	0.006664
12450	0.085115
12500	-0.082557
12550	-0.029596
12600	0.110090
12650	-0.134507
12700	0.173476
12750	-0.030322
12800	0.085480
12850	-0.237619
12900	0.048321
12950	0.040283
13000	-0.112846
13050	0.184986
13100	0.031163
13150	0.142967
13200	-0.032595
13250	-0.049756
13300	0.182625
13350	-0.122387
13400	-0.002370
13450	0.219965
13500	-0.073342
13550	0.042961
13600	-0.136762
13650	-0.158088
13700	-0.062256
13750	-0.349522
13800	-0.098334
13850	-0.183991
13900	0.179833
13950	-0.005883
14000	0.005984
14050	-0.238122
14100	0.051084
14150	0.013930
14200	0.138859
14250	-0.195376
14300	-0.095573
14350	0.044521
14400	0.161386
14450	0.099432
14500	0.016136
14550	0.039246
14600	-0.164246
14650	0.023947
14700	0.041783
14750	-0.016258
14800	0.017489
14850	-0.325468
14900	-0.077648
14950	0.051971
15000	-0.142906
15050	-0.257247
15100	0.201679
15150	-0.017689
15200	0.082128
15250	-0.094736
15300	0.003250
15350	-0.160067
15400	-0.153345
15450	-0.144433
15500	0.126748
15550	0.070751
15600	-0.252967
15650	0.190337
15700	-0.106371
15750	-0.077138
15800	-0.068030
15850	-0.070700
15900	-0.010503
15950	0.072328
16000	-0.019438
16050	0.143971
16100	-0.167688
16150	-0.298391
16200	0.036829
16250	0.182599
16300	-0.062014
16350	-0.175890
16400	-0.029989
16450	-0.155829
16500	0.171305
16550	-0.402976
16600	-0.122713
16650	-0.039279
16700	-0.228334
16750	0.256162
16800	0.073729
16850	0.167066
16900	-0.134782
16950	0.120841
17000	0.086141
17050	0.050158
17100	0.044990
17150	0.234444
17200	-0.076237
17250	0.113047
17300	0.163360
17350	0.118122
17400	0.015260
17450	0.143519
17500	0.008056
17550	-0.021772
17600	0.039652
17650	-0.049936
17700	-0.027804
17750	0.303126
17800	-0.067506
17850	0.042726
17900	0.039116
17950	0.188441
18000	0.098651
18050	0.048231
18100	-0.074452
18150	-0.130424
18200	-0.052342
18250	0.098860
18300	0.148543
18350	-0.358832
18400	0.138401
18450	0.039537
18500	-0.016919
18550	-0.182512
18600	0.002387
18650	0.237264
18700	0.162842
18750	0.212093
18800	0.119065
18850	0.009216
18900	-0.115175
18950	0.088998
19000	-0.147792
19050	-0.064124
19100	0.209352
19150	0.060191
19200	-0.039135
19250	-0.105772
19300	0.021879
19350	-0.001902
19400	0.051621
19450	0.072635
19500	0.122198
19550	0.149666
19600	-0.118979
19650	-0.044806
19700	0.005058
19750	0.281911
19800	0.028685
19850	0.002219
19900	-0.242559
19950	-0.021728
20000	-0.280146
20050	-0.074525
20100	-0.008216
20150	-0.119912
20200	0.057706
20250	-0.196872
20300	-0.071662
20350	0.079953
20400	0.102437
20450	-0.133257
20500	-0.002063
20550	-0.149495
20600	-0.013169
20650	-0.096767
20700	-0.060589
20750	0.034011
20800	0.038475
20850	-0.065632
20900	0.042045
20950	-0.134209
21000	0.175198
21050	0.235056
21100	-0.106325
21150	-0.005110
21200	-0.038535
21250	0.149920
21300	0.000256
21350	-0.206312
21400	0.043164
21450	0.141792
21500	-0.006026
21550	0.131000
21600	0.229714
21650	-0.115778
21700	-0.020227
21750	-0.008049
21800	0.067581
21850	-0.215747
21900	-0.049630
21950	-0.068096
22000	0.072009
22050	0.049011
22100	-0.372339
22150	0.042125
22200	-0.085441
22250	0.028882
22300	0.240087
22350	-0.108316
22400	-0.207978
22450	0.068670
22500	0.141822
22550	-0.114472
22600	0.054018
22650	0.085178
22700	0.343309
22750	-0.066118
22800	0.111797
22850	0.002478
22900	0.145227
22950	0.128128
23000	-0.012846
23050	-0.149986
23100	-0.092411
23150	-0.153134
23200	0.031059
23250	0.120231
23300	0.090767
23350	-0.061926
23400	0.013869
23450	-0.204953
23500	-0.001015
23550	-0.015417
23600	-0.003783
23650	0.163034
23700	0.105579
23750	-0.087029
23800	0.056831
23850	-0.093435
23900	-0.080328
23950	-0.080826
24000	0.082915
24050	0.015123
24100	-0.006266
24150	-0.147221
24200	0.106820
24250	0.121453
24300	0.118401
24350	0.154839
24400	-0.152751
24450	-0.191606
24500	-0.135685
24550	0.037865
24600	-0.100219
24650	0.130486
24700	0.051792
24750	-0.119319
24800	-0.150830
24850	-0.072576
24900	-0.044342
24950	-0.136993
25000	0.020541
25050	0.165842
25100	-0.012255
25150	0.066752
25200	-0.022613
25250	-0.199229
25300	-0.091090
25350	0.006162
25400	-0.047224
25450	0.119280
25500	-0.077550
25550	0.201334
25600	0.124196
25650	-0.038728
25700	0.099623
25750	0.028801
25800	-0.017040
25850	-0.034087
25900	-0.099052
25950	0.041790
26000	0.226970
26050	0.105079
26100	0.039550
26150	-0.263200
26200	-0.123549
26250	-0.119986
26300	-0.094071
26350	-0.171209
26400	0.054629
26450	-0.101088
26500	-0.146508
26550	0.139912
26600	-0.165832
26650	-0.241937
26700	0.008650
26750	0.184910
26800	0.121590
26850	0.328041
26900	0.081729
26950	0.072891
27000	0.167509
27050	0.151668
27100	-0.024092
27150	0.063549
27200	-0.034840
27250	0.094825
27300	0.037546
27350	0.046557
27400	-0.127585
27450	0.091483
27500	-0.011974
27550	-0.109928
27600	-0.189892
27650	-0.189103
27700	0.194828
27750	0.167347
27800	0.068444
27850	0.232373
27900	0.313917
27950	-0.036205
28000	-0.126530
28050	-0.087335
28100	0.241895
28150	0.019425
28200	-0.128711
28250	0.178663
28300	0.382297
28350	0.060166
28400	0.296680
28450	0.204169
28500	-0.037256
28550	-0.122653
28600	0.118873
28650	-0.001426
28700	0.057467
28750	0.242227
28800	-0.090156
28850	0.180554
28900	0.196540
28950	0.090351
29000	0.256439
29050	-0.028576
29100	0.075768
29150	-0.000574
29200	0.008723
29250	0.132859
29300	0.008509
29350	0.198223
29400	0.069119
29450	0.197820
29500	-0.049199
29550	0.127724
29600	0.043718
29650	-0.107646
29700	-0.018228
29750	-0.066497
29800	0.163361
29850	-0.110831
29900	0.072583
29950	0.029037
30000	0.101703
30050	0.043577
30100	0.205576
30150	-0.034242
30200	0.123588
30250	-0.080021
30300	0.045012
30350	0.079371
30400	0.087472
30450	0.166611
30500	0.011537
30550	0.010567
30600	-0.110453
30650	0.150154
30700	0.003412
30750	0.152413
30800	-0.006635
30850	0.081874
30900	0.035793
30950	-0.001313
31000	0.140867
31050	0.217491
31100	0.138929
31150	-0.028831
31200	0.120541
31250	-0.164743
31300	-0.025893
31350	0.075290
31400	-0.046377
31450	0.219483
31500	-0.117905
31550	0.239290
31600	0.046497
31650	-0.241605
31700	0.138465
31750	0.014929
31800	-0.015022
31850	0.093723
31900	0.141400
31950	-0.069209
32000	-0.120138
32050	0.018820
32100	-0.005608
32150	0.073211
32200	0.309326
32250	0.052405
32300	0.207276
32350	-0.023608
32400	0.036272
32450	0.115712
32500	0.038006
32550	-0.040408
32600	0.034201
32650	-0.028314
32700	-0.147510
32750	-0.071400
32800	-0.054718
32850	-0.155086
32900	-0.107900
32950	-0.077223
33000	-0.039783
33050	0.079587
33100	-0.112110
33150	0.044999
33200	-0.077384
33250	-0.188969
33300	0.061642
33350	-0.062317
33400	-0.084654
33450	-0.055456
33500	-0.012564
33550	-0.098136
33600	-0.178331
33650	0.015842
33700	-0.223641
33750	0.021321
33800	0.115900
33850	0.116891
33900	-0.148877
33950	-0.035701
34000	-0.144395
34050	-0.088332
34100	-0.111679
34150	-0.061295
34200	0.007316
34250	-0.111557
34300	-0.005588
34350	-0.163742
34400	-0.083360
34450	-0.107599
34500	0.083860
34550	0.075077
34600	-0.047624
34650	-0.013224
34700	0.116634
34750	0.123779
34800	0.111789
34850	0.206580
34900	0.054627
34950	-0.092022
35000	-0.111027
35050	0.006626
35100	-0.081309
35150	0.051658
35200	0.001590
35250	-0.029606
35300	-0.236829
35350	-0.004963
35400	-0.101695
35450	-0.170816
35500	-0.139632
35550	-0.124589
35600	-0.142449
35650	-0.021923
35700	0.212926
35750	0.009192
35800	0.049859
35850	0.013714
35900	0.204678
35950	-0.081981
36000	-0.045651
36050	-0.029326
36100	0.100479
36150	-0.012234
36200	-0.128057
36250	-0.165696
36300	-0.080917
36350	0.278826
36400	-0.005392
36450	0.089443
36500	0.197669
36550	0.077916
36600	-0.023592
36650	0.043451
36700	0.065163
36750	-0.154013
36800	-0.145897
36850	-0.257421
36900	0.086662
36950	-0.122985
37000	-0.077628
37050	-0.060873
37100	-0.074314
37150	-0.161287
37200	-0.162518
37250	0.024198
37300	-0.058138
37350	0.027061
37400	0.140667
37450	0.075775
37500	0.250185
37550	0.113522
37600	0.178238
37650	-0.058396
37700	-0.078696
37750	0.209496
37800	0.182183
37850	0.076358
37900	0.088395
37950	0.000079
38000	0.086111
38050	-0.306100
38100	-0.067906
38150	0.090749
38200	-0.143772
38250	-0.018551
38300	0.105273
38350	-0.192252
38400	0.029827
38450	0.278001
38500	0.019061
38550	-0.226887
38600	-0.328423
38650	0.214757
38700	-0.041808
38750	0.004692
38800	0.121508
38850	-0.060607
38900	0.194359
38950	-0.165912
39000	0.184238
39050	-0.064536
39100	0.124727
39150	0.170457
39200	-0.152844
39250	-0.026709
39300	-0.114702
39350	0.083162
39400	-0.120336
39450	-0.126554
39500	0.153217
39550	0.063816
39600	-0.116636
39650	0.083438
39700	-0.110608
39750	-0.117204
39800	0.082521
39850	0.108380
39900	-0.023217
39950	0.025030
40000	0.010092
40050	-0.078742
40100	0.190011
40150	0.208410
40200	0.173755
40250	0.143767
40300	-0.188462
40350	0.001655
40400	-0.107826
40450	-0.002617
40500	-0.033075
40550	-0.005295
40600	0.058983
40650	-0.025578
40700	-0.064192
40750	-0.089278
40800	-0.136854
40850	-0.130430
40900	0.096946
40950	-0.161244
41000	0.061026
41050	-0.346149
41100	0.105471
41150	0.015161
41200	0.127424
41250	0.110362
41300	0.081299
41350	0.125799
41400	-0.157056
41450	0.077948
41500	0.250614
41550	0.056159
41600	0.060055
41650	0.055732
41700	0.165555
41750	0.066328
41800	-0.030806
41850	0.128907
41900	-0.021905
41950	-0.091781
42000	-0.135630
42050	-0.136988
42100	-0.059972
42150	-0.072808
42200	-0.188541
42250	0.012689
42300	0.381064
42350	-0.089384
42400	0.053764
42450	-0.024510
42500	0.169167
42550	-0.184269
42600	0.153831
42650	0.058021
42700	-0.038564
42750	0.009549
42800	-0.101994
42850	-0.060708
42900	0.015785
42950	-0.205476
43000	0.125825
43050	0.008245
43100	-0.010695
43150	-0.027403
43200	0.086309
43250	-0.070203
43300	-0.176661
43350	0.009385
43400	0.129216
43450	0.187831
43500	-0.010832
43550	0.091437
43600	0.016763
43650	-0.071719
43700	-0.081471
43750	0.001642
43800	-0.070848
43850	-0.316880
43900	-0.036249
43950	-0.132375
44000	-0.127667
44050	0.079147
44100	-0.213906
44150	-0.056686
44200	0.106916
44250	-0.068674
44300	0.021812
44350	0.079310
44400	0.016924
44450	-0.079014
44500	-0.068983
44550	0.094980
44600	0.082851
44650	-0.020220
44700	-0.166322
44750	0.126175
44800	-0.135954
44850	-0.061549
44900	0.069381
44950	0.016379
45000	0.085674
45050	-0.027479
45100	-0.098173
45150	-0.032866
45200	-0.011568
45250	-0.150492
45300	-0.168834
45350	0.083542
45400	0.010428
45450	-0.121814
45500	-0.105667
45550	-0.073736
45600	-0.111240
45650	0.009967
45700	-0.067147
45750	0.011651
45800	-0.044492
45850	0.109079
45900	-0.075644
45950	-0.134770
46000	-0.105210
46050	0.166841
46100	0.081263
46150	-0.066649
46200	0.005216
46250	-0.093859
46300	-0.014605
46350	0.113567
46400	-0.034587
46450	0.074458
46500	0.028309
46550	-0.064157
46600	-0.012161
46650	0.123286
46700	-0.074055
46750	-0.116405
46800	-0.091207
46850	-0.024843
46900	0.110750
46950	-0.145791
47000	0.127852
47050	0.107897
47100	-0.044286
47150	-0.229244
47200	0.275045
47250	0.161724
47300	-0.091537
47350	-0.067248
47400	0.014238
47450	-0.112439
47500	0.225335
47550	0.017267
47600	-0.087581
47650	0.136539
47700	-0.254090
47750	0.188007
47800	0.139875
47850	0.082109
47900	-0.059376
47950	-0.118083
48000	-0.138297
48050	0.083719
48100	0.161799
48150	0.163946
48200	0.116823
48250	0.004651
48300	-0.039937
48350	-0.206614
48400	0.138967
48450	-0.120999
48500	-0.320485
48550	0.040783
48600	0.293168
48650	0.228361
48700	0.047790
48750	0.106385
48800	-0.027000
48850	0.032863
48900	-0.110438
48950	0.059309
49000	0.148079
49050	-0.063377
49100	0.053076
49150	0.150917
49200	0.212719
49250	0.248322
49300	0.111276
49350	0.098567
49400	0.121312
49450	-0.128286
49500	0.091240
49550	-0.027117
49600	0.189744
49650	0.273523
49700	0.105371
49750	0.016315
49800	0.089825
49850	0.195327
49900	0.070357
49950	-0.016799
50000	0.102220
50050	0.101022
50100	-0.242411
50150	-0.077126
50200	0.196919
50250	-0.060690
50300	-0.067874
50350	0.192767
50400	0.140294
50450	0.097919
50500	-0.013744
50550	-0.096837
50600	0.135882
50650	-0.041803
50700	-0.138501
50750	-0.175225
50800	0.106543
50850	0.122051
50900	0.406590
50950	0.156355
51000	-0.051011
51050	0.130655
51100	-0.137209
51150	0.114872
51200	0.059482
51250	0.007967
51300	0.073818
51350	0.007464
51400	-0.146027
51450	0.042206
51500	0.039949
51550	0.044560
51600	0.042157
51650	0.100995
51700	-0.028451
51750	-0.012833
51800	0.104294
51850	0.125756
51900	0.147348
51950	0.041452
52000	-0.041359
52050	0.082008
52100	0.065780
52150	-0.254682
52200	0.012071
52250	0.056856
52300	-0.017056
52350	-0.224046
52400	-0.212977
52450	0.026857
52500	-0.049238
52550	0.230393
52600	0.188259
52650	-0.028930
52700	-0.041525
52750	-0.187856
52800	-0.187928
52850	0.064960
52900	0.036605
52950	-0.027459
53000	0.019942
53050	-0.074984
53100	0.053980
53150	0.058576
53200	-0.072561
53250	0.065269
53300	0.063265
53350	0.149771
53400	-0.141413
53450	-0.064088
53500	0.015019
53550	0.176436
53600	-0.284916
53650	0.026717
53700	-0.192472
53750	-0.051605
53800	0.231497
53850	0.057782
53900	-0.009289
53950	-0.085566
54000	0.024363
54050	-0.082165
54100	0.274256
54150	0.034544
54200	-0.164396
54250	-0.011268
54300	-0.102139
54350	-0.128067
54400	-0.123994
54450	-0.280697
54500	-0.068135
54550	-0.040886
54600	0.048071
54650	0.278443
54700	-0.090380
54750	0.005584
54800	-0.051471
54850	-0.062183
54900	0.018943
54950	0.012295
55000	0.206227
55050	-0.008460
55100	0.106013
55150	0.077075
55200	0.058602
55250	0.045727
55300	-0.014576
55350	0.015493
55400	-0.080721
55450	0.276240
55500	0.046294
55550	0.052362
55600	0.047612
55650	0.180594
55700	-0.059169
55750	-0.158480
55800	-0.083356
55850	-0.183358
55900	0.028887
55950	0.101439
56000	-0.231011
56050	-0.088977
56100	-0.143235
56150	0.059889
56200	-0.152136
56250	0.130489
56300	-0.161454
56350	-0.088001
56400	-0.137717
56450	-0.152712
56500	0.214391
56550	0.152022
56600	-0.101071
56650	0.006790
56700	0.003002
56750	0.088461
56800	0.258644
56850	0.250127
56900	0.136330
56950	-0.240367
57000	0.162158
57050	-0.023403
57100	-0.072214
57150	0.208743
57200	0.250520
57250	-0.067098
57300	0.027881
57350	0.126456
57400	-0.116760
57450	0.045321
57500	0.214792
57550	0.062290
57600	-0.234730
57650	-0.200442
57700	0.113057
57750	0.106236
57800	0.050778
57850	0.272169
57900	-0.090756
57950	0.035990
58000	0.165824
58050	-0.069741
58100	0.004330
58150	0.217621
58200	0.127353
58250	0.202121
58300	-0.019434
58350	-0.031498
58400	-0.067468
58450	-0.084514
58500	0.284355
58550	-0.106440
58600	-0.097402
58650	0.045055
58700	0.024115
58750	0.096309
58800	0.039027
58850	0.112391
58900	0.027719
58950	0.151856
59000	-0.010637
59050	0.155753
59100	0.153513
59150	-0.018438
59200	-0.194283
59250	-0.104184
59300	-0.060157
59350	-0.249469
59400	0.035348
59450	-0.040464
59500	-0.095512
59550	0.263041
59600	0.145082
59650	0.015246
59700	0.066836
59750	0.000492
59800	0.138002
59850	0.269884
59900	0.211215
59950	0.106194
60000	-0.133828
60050	0.030987
60100	-0.151819
60150	0.006054
60200	-0.128587
60250	0.121398
60300	0.243393
60350	0.338888
60400	0.087908
60450	0.013742
60500	-0.128339
60550	0.079634
60600	0.028170
60650	-0.021184
60700	-0.048419
60750	-0.184275
60800	-0.040780
60850	-0.120373
60900	0.163088
60950	-0.106842
61000	-0.032601
61050	0.033580
61100	-0.042434
61150	-0.039886
61200	0.056961
61250	0.208822
61300	-0.064318
61350	0.131804
61400	0.109904
61450	-0.278601
61500	0.052770
61550	-0.016978
61600	0.065325
61650	0.126840
61700	0.184977
61750	0.137859
61800	0.166247
61850	0.097398
61900	-0.116731
61950	0.053195
62000	-0.070020
62050	-0.062790
62100	-0.085726
62150	-0.055861
62200	0.092496
62250	0.006000
62300	0.024775
62350	0.164570
62400	0.027232
62450	0.010202
62500	-0.033200
62550	0.169934
62600	0.061830
62650	-0.187244
62700	-0.136409
62750	-0.063935
62800	0.006855
62850	0.093764
62900	-0.368002
62950	0.098241
63000	-0.018349
63050	-0.068696
63100	-0.153725
63150	-0.062816
63200	-0.193377
63250	-0.065320
63300	-0.091261
63350	-0.125256
63400	0.009958
63450	0.193044
63500	0.193246
63550	-0.081444
63600	-0.038981
63650	0.047002
63700	-0.207981
63750	0.105780
63800	-0.101670
63850	-0.110130
63900	0.053207
63950	-0.024647
64000	-0.025919
64050	0.248447
64100	0.107732
64150	0.179510
64200	0.086065
64250	0.066402
64300	0.038322
64350	-0.154790
64400	0.146878
64450	0.101870
64500	-0.130230
64550	-0.030379
64600	-0.003804
64650	-0.176125
64700	0.147170
64750	0.067988
64800	0.120538
64850	0.133858
64900	-0.121814
64950	-0.370674
65000	-0.219607
65050	-0.043014
65100	0.214821
65150	-0.155279
65200	-0.086175
65250	-0.010984
65300	-0.125655
65350	-0.055862
65400	-0.202894
65450	-0.078764
65500	-0.000421
65550	0.105010
65600	-0.169957
65650	-0.057026
65700	0.151466
65750	0.087056
65800	0.186273
65850	-0.089494
65900	-0.082315
65950	-0.001734
66000	0.002817
66050	-0.093519
66100	-0.281934
66150	-0.016653
66200	-0.126071
66250	-0.113887
66300	-0.177219
66350	0.121594
66400	0.205593
66450	-0.263267
66500	0.037758
66550	0.192237
66600	0.213384
66650	-0.198851
66700	-0.133716
66750	0.038403
66800	0.001471
66850	-0.029254
66900	0.062758
66950	0.065464
67000	-0.127116
67050	0.092504
67100	0.035771
67150	-0.185980
67200	-0.099108
67250	-0.073384
67300	0.182805
67350	0.039312
67400	0.145518
67450	0.057572
67500	0.086674
67550	0.054131
67600	0.198243
67650	-0.074197
67700	0.171569
67750	0.012910
67800	0.102619
67850	0.103532
67900	-0.211979
67950	-0.035504
68000	0.034811
68050	0.047756
68100	-0.150587
68150	-0.068516
68200	0.039780
68250	-0.123759
68300	0.061503
68350	-0.165587
68400	0.116091
68450	0.185378
68500	0.073841
68550	0.027715
68600	0.132621
68650	-0.101483
68700	0.002612
68750	-0.105359
68800	0.117338
68850	-0.083133
68900	-0.162294
68950	0.174612
69000	0.088353
69050	0.103202
69100	-0.156179
69150	-0.095640
69200	-0.103782
69250	0.107964
69300	-0.079004
69350	0.003943
69400	0.130313
69450	-0.061165
69500	0.004884
69550	0.127170
69600	-0.018082
69650	0.211062
69700	0.194140
69750	-0.046912
69800	0.104015
69850	-0.043177
69900	0.016608
69950	0.063993
70000	0.077250
70050	-0.085402
70100	-0.165375
70150	-0.059682
70200	0.222899
70250	0.202281
70300	0.124065
70350	0.055688
70400	0.196958
70450	0.124512
70500	-0.076774
70550	-0.022332
70600	-0.093842
70650	0.136137
70700	0.026336
70750	0.139127
70800	0.031802
70850	0.010809
70900	0.168583
70950	-0.122387
71000	0.072612
71050	-0.033007
71100	0.004778
71150	-0.176473
71200	-0.129769
71250	-0.076957
71300	-0.074534
71350	-0.247318
71400	-0.015449
71450	-0.036363
71500	-0.032215
71550	0.245668
71600	-0.063265
71650	0.189113
71700	0.078129
71750	-0.062753
71800	0.255116
71850	-0.163307
71900	-0.076556
71950	-0.097347
72000	0.044424
72050	0.086097
72100	0.157778
72150	-0.228136
72200	0.114477
72250	-0.152901
72300	-0.012911
72350	-0.015061
72400	0.062666
72450	0.000907
72500	0.010601
72550	0.234740
72600	0.123387
72650	0.117162
72700	0.026640
72750	0.146378
72800	0.027847
72850	0.156761
72900	-0.037120
72950	0.092788
73000	-0.049565
73050	-0.093724
73100	-0.146002
73150	-0.394360
73200	-0.004412
73250	-0.016591
73300	0.082264
73350	0.044870
73400	-0.011400
73450	-0.300303
73500	0.071650
73550	0.000516
73600	0.057578
73650	0.079382
73700	0.084640
73750	0.240551
73800	0.045531
73850	-0.107694
73900	-0.022207
73950	-0.038223
74000	0.017342
74050	0.112438
74100	0.040949
74150	-0.308990
74200	-0.118921
74250	0.258424
74300	0.130176
74350	0.171466
74400	0.097945
74450	0.135595
74500	-0.010469
74550	0.029576
74600	0.087568
74650	0.111851
74700	0.162877
74750	0.123515
74800	-0.111464
74850	0.009220
74900	0.078494
74950	-0.053499
75000	-0.051668
75050	-0.006668
75100	-0.033922
75150	-0.151188
75200	0.003719
75250	-0.091897
75300	-0.109082
75350	-0.175622
75400	0.164470
75450	0.018672
75500	0.013610
75550	0.053980
75600	-0.059379
75650	0.091076
75700	-0.132326
75750	-0.002255
75800	0.059430
75850	0.020503
75900	0.008500
75950	-0.017641
76000	-0.020495
76050	-0.059204
76100	0.008382
76150	0.087705
76200	-0.020003
76250	0.050660
76300	0.142728
76350	-0.046190
76400	-0.123893
76450	-0.081744
76500	0.009010
76550	0.250994
76600	0.088632
76650	-0.096281
76700	-0.045296
76750	0.287212
76800	-0.046753
76850	0.095979
76900	0.183569
76950	-0.244500
77000	0.011826
77050	0.066277
77100	-0.203332
77150	-0.013583
77200	0.034094
77250	0.090224
77300	0.013025
77350	0.013104
77400	0.196990
77450	0.287455
77500	0.012599
77550	-0.044001
77600	-0.071083
77650	-0.055163
77700	0.129221
77750	-0.113717
77800	0.043873
77850	-0.155126
77900	0.134567
77950	0.110986
78000	-0.043332
78050	0.149691
78100	-0.200963
78150	-0.136716
78200	-0.288858
78250	-0.041028
78300	-0.116178
78350	0.063326
78400	-0.006493
78450	0.110943
78500	-0.007742
78550	0.020460
78600	0.015695
78650	0.095887
78700	0.258266
78750	-0.016666
78800	-0.025814
78850	0.047937
78900	0.080413
78950	0.014466
79000	0.168774
79050	-0.024127
79100	-0.071434
79150	0.021555
79200	-0.070560
79250	-0.055946
79300	0.255645
79350	-0.079586
79400	0.081242
79450	0.026285
79500	-0.184249
79550	0.203196
79600	-0.050359
79650	0.301366
79700	0.049902
79750	0.110526
79800	-0.034917
79850	-0.055971
79900	-0.032285
79950	0.087837
80000	0.057668
80050	0.162918
80100	0.032559
80150	-0.153720
80200	-0.273178
80250	0.109987
80300	-0.252798
80350	0.190719
80400	0.150242
80450	0.117033
80500	-0.074266
80550	-0.095233
80600	-0.131821
80650	-0.136132
80700	0.086229
80750	-0.005896
80800	-0.284761
80850	0.037047
80900	-0.084647
80950	-0.146540
81000	0.069756
81050	0.021354
81100	0.004804
81150	0.017517
81200	0.021418
81250	0.001560
81300	-0.080124
81350	0.147451
81400	-0.092201
81450	-0.068232
81500	-0.140466
81550	0.148925
81600	0.109986
81650	0.126876
81700	0.140510
81750	-0.085485
81800	0.118091
81850	0.037099
81900	0.127633
81950	-0.106966
82000	-0.164231
82050	0.199316
82100	0.039177
82150	0.081914
82200	0.134661
82250	-0.089271
82300	-0.027422
82350	0.282339
82400	-0.144640
82450	0.190620
82500	0.092258
82550	-0.033897
82600	0.035877
82650	0.015764
82700	-0.001086
82750	0.072993
82800	0.082068
82850	-0.025414
82900	0.085584
82950	0.131653
83000	-0.103425
83050	-0.052432
83100	-0.128401
83150	0.143593
83200	-0.060946
83250	0.161018
83300	-0.087177
83350	0.082362
83400	-0.000407
83450	-0.010522
83500	0.218550
83550	0.104374
83600	-0.005298
83650	0.018337
83700	-0.106022
83750	-0.030871
83800	-0.166613
83850	0.143106
83900	0.265813
83950	0.051924
84000	0.039731
84050	-0.003283
84100	0.182696
84150	0.081282
84200	0.026770
84250	-0.237559
84300	-0.033173
84350	0.157823
84400	0.302530
84450	-0.083839
84500	0.147854
84550	-0.154827
84600	-0.045056
84650	0.286255
84700	0.187973
84750	0.210472
84800	-0.011199
84850	0.162417
84900	0.065924
84950	-0.199503
85000	0.147950
85050	0.103867
85100	-0.059661
85150	-0.024008
85200	0.142033
85250	0.054301
85300	0.012988
85350	-0.037008
85400	0.025791
85450	0.141688
85500	0.004560
85550	-0.064811
85600	0.123917
85650	0.025541
85700	-0.056740
85750	-0.037262
85800	-0.125846
85850	-0.004998
85900	0.046329
85950	0.238284
86000	0.013476
86050	-0.076314
86100	-0.111688
86150	-0.031090
86200	0.114568
86250	0.153910
86300	-0.050541
86350	0.121102
86400	-0.032712
86450	-0.311481
86500	-0.087576
86550	-0.073874
86600	-0.018118
86650	0.209093
86700	-0.092358
86750	-0.147103
86800	-0.078548
86850	0.027827
86900	-0.154823
86950	0.004960
87000	-0.100121
87050	-0.111941
87100	0.060587
87150	0.155157
87200	0.073833
87250	-0.016368
87300	-0.067429
87350	0.262535
87400	0.067576
87450	0.107032
87500	0.121883
87550	0.028032
87600	0.266458
87650	0.165726
87700	0.141789
87750	0.225320
87800	-0.112050
87850	-0.190792
87900	0.116117
87950	0.149402
88000	0.003001
88050	0.013111
88100	0.059676
88150	0.095537
88200	0.034804
88250	0.171181
88300	0.014444
88350	-0.023495
88400	-0.077005
88450	-0.125595
88500	-0.071581
88550	0.077927
88600	0.029527
88650	0.365353
88700	0.137222
88750	0.327507
88800	0.366821
88850	0.110459
88900	0.080289
88950	0.247821
89000	0.177613
89050	-0.105509
89100	0.081348
89150	-0.013707
89200	0.022756
89250	0.014753
89300	0.067561
89350	0.100184
89400	0.062711
89450	0.038311
89500	0.032627
89550	0.034537
89600	-0.103504
89650	-0.121995
89700	0.264446
89750	0.079576
89800	0.238012
89850	0.068730
89900	-0.094881
89950	0.025532
90000	-0.176158
90050	0.190721
90100	0.172668
90150	-0.051985
90200	0.033232
90250	-0.068184
90300	-0.082626
90350	0.048455
90400	0.072477
90450	-0.108367
90500	0.237010
90550	-0.044674
90600	0.004445
90650	0.095119
90700	-0.168870
90750	-0.094378
90800	-0.109550
90850	0.143158
90900	0.009611
90950	-0.000129
91000	0.068284
91050	-0.100887
91100	0.080527
91150	-0.024682
91200	0.049613
91250	0.016404
91300	-0.053415
91350	-0.137322
91400	0.076606
91450	-0.008077
91500	0.071535
91550	0.099016
91600	0.136537
91650	0.316563
91700	0.345290
91750	0.031044
91800	0.140473
91850	-0.045326
91900	0.154966
91950	-0.057636
92000	-0.101206
92050	-0.012156
92100	-0.177617
92150	-0.023742
92200	0.155129
92250	0.038097
92300	0.013840
92350	0.078887
92400	0.047313
92450	-0.098630
92500	0.088848
92550	-0.008312
92600	-0.072618
92650	0.021753
92700	0.119639
92750	0.030463
92800	0.150218
92850	0.136353
92900	-0.277344
92950	-0.009787
93000	0.022637
93050	0.240109
93100	-0.071136
93150	-0.059550
93200	0.145415
93250	0.241645
93300	-0.013662
93350	-0.012537
93400	-0.140636
93450	0.065738
93500	0.026316
93550	0.080461
93600	-0.283402
93650	-0.153568
93700	-0.035779
93750	-0.253334
93800	-0.256227
93850	-0.039230
93900	-0.032790
93950	-0.143783
94000	0.077412
94050	0.039957
94100	-0.141616
94150	-0.214066
94200	0.152193
94250	0.048435
94300	0.001924
94350	0.198298
94400	0.059644
94450	0.177995
94500	0.048181
94550	0.036609
94600	-0.117491
94650	0.043233
94700	-0.047823
94750	-0.216918
94800	-0.021175
94850	0.159787
94900	0.095657
94950	-0.138494
95000	0.093563
95050	0.100126
95100	-0.276404
95150	-0.201497
95200	0.030832
95250	-0.041102
95300	-0.092437
95350	0.021589
95400	-0.137002
95450	0.077121
95500	0.135109
95550	-0.063863
95600	-0.207404
95650	0.188356
95700	0.126790
95750	-0.223118
95800	0.136254
95850	0.127317
95900	0.096172
95950	0.103155
96000	0.118940
96050	0.053725
96100	-0.021822
96150	-0.084213
96200	0.049552
96250	0.144494
96300	-0.007463
96350	0.188232
96400	-0.000329
96450	0.047286
96500	-0.001802
96550	0.155970
96600	-0.127201
96650	0.078733
96700	0.125132
96750	0.094287
96800	-0.120321
96850	0.005473
96900	0.048826
96950	0.066057
97000	-0.162453
97050	-0.064551
97100	-0.038538
97150	0.178329
97200	-0.333901
97250	-0.027145
97300	-0.254631
97350	-0.138823
97400	0.136348
97450	0.040976
97500	0.125734
97550	0.041630
97600	0.058386
97650	0.065131
97700	0.174701
97750	0.027310
97800	-0.073951
97850	-0.102635
97900	0.119312
97950	-0.083176
98000	0.137441
98050	-0.036564
98100	-0.005601
98150	-0.032232
98200	0.152068
98250	-0.018504
98300	0.063144
98350	-0.024084
98400	-0.150013
98450	0.279051
98500	0.091476
98550	-0.004768
98600	-0.087353
98650	0.009839
98700	0.292904
98750	0.109341
98800	-0.159436
98850	0.144249
98900	-0.067711
98950	-0.119922
99000	0.045333
99050	-0.176402
99100	-0.107227
99150	-0.085756
99200	0.022736
99250	0.028158
99300	0.146619
99350	0.075499
99400	0.025815
99450	0.437022
99500	0.034047
99550	0.151779
99600	-0.140102
99650	-0.010741
99700	-0.138019
99750	-0.042421
99800	-0.006396
99850	0.028448
99900	0.000312
99950	0.083938
100000	-0.056225
100050	-0.063579
100100	0.247574
100150	0.054259
100200	0.115147
100250	-0.025022
100300	-0.085218
100350	0.058128
100400	0.215001
100450	0.140155
100500	0.175048
100550	0.011098
100600	0.013747
100650	0.040651
100700	0.090444
100750	0.176327
100800	0.151993
100850	0.257612
100900	-0.228026
100950	0.102403
101000	-0.093868
101050	-0.003975
101100	-0.055071
101150	-0.031325
101200	0.040099
101250	0.015717
101300	0.026163
101350	0.182076
101400	0.136973
101450	0.308777
101500	-0.026921
101550	-0.002958
101600	-0.199485
101650	0.117456
101700	0.025751
101750	0.216796
101800	0.012788
101850	0.276159
101900	0.320806
101950	-0.149190
102000	-0.222500
102050	-0.064385
102100	0.016476
102150	-0.028354
102200	0.125871
102250	-0.162675
102300	-0.051445
102350	-0.227781
102400	-0.092280
102450	-0.186275
102500	-0.258833
102550	0.003758
102600	-0.079213
102650	0.079047
102700	-0.056421
102750	0.252480
102800	0.147930
102850	-0.106905
102900	0.061653
102950	-0.018920
103000	0.003888
103050	0.146736
103100	-0.129968
103150	0.004344
103200	0.074410
103250	0.244105
103300	0.088195
103350	0.175065
103400	0.009732
103450	-0.024579
103500	-0.049186
103550	0.104166
103600	0.071605
103650	0.097546
103700	0.016190
103750	0.021094
103800	0.189208
103850	-0.354795
103900	-0.155376
103950	-0.054060
104000	0.147063
104050	-0.001568
104100	0.002967
104150	-0.039795
104200	0.034311
104250	0.063746
104300	-0.144567
104350	-0.017063
104400	-0.091288
104450	0.095399
104500	0.149016
104550	-0.072930
104600	0.220871
104650	0.018911
104700	-0.045572
104750	-0.215651
104800	0.084120
104850	0.073766
104900	0.168761
104950	0.198625
105000	0.031147
105050	-0.054193
105100	-0.269789
105150	-0.260298
105200	0.022891
105250	0.075850
105300	0.044721
105350	-0.165083
105400	0.015713
105450	-0.159778
105500	-0.166623
105550	0.078282
105600	0.174124
105650	0.293648
105700	0.027686
105750	0.165906
105800	0.189820
105850	0.021445
105900	0.247256
105950	-0.028618
106000	-0.103616
106050	0.053233
106100	-0.012869
106150	-0.151896
106200	-0.126747
106250	-0.014062
106300	0.165803
106350	0.179855
106400	0.137927
106450	0.229336
106500	-0.045939
106550	0.107137
106600	0.158452
106650	0.055429
106700	-0.064979
106750	-0.005866
106800	0.056889
106850	0.048065
106900	0.091061
106950	0.010288
107000	-0.048469
107050	-0.025888
107100	-0.130093
107150	0.273450
107200	0.145086
107250	0.054961
107300	-0.092159
107350	-0.066163
107400	0.089698
107450	0.165408
107500	-0.183212
107550	0.116894
107600	0.063432
107650	-0.113946
107700	0.179224
107750	-0.039082
107800	0.071165
107850	-0.236191
107900	-0.049068
107950	-0.199650
108000	-0.151098
108050	0.046761
108100	0.094659
108150	0.080866
108200	0.066870
108250	0.061757
108300	0.085886
108350	-0.049711
108400	0.020783
108450	0.031133
108500	-0.011335
108550	-0.086813
108600	-0.065813
108650	-0.192032
108700	-0.010556
108750	0.035827
108800	-0.155710
108850	0.081486
108900	0.143242
108950	0.217727
109000	-0.045988
109050	0.092891
109100	0.235236
109150	0.361509
109200	0.196367
109250	0.027672
109300	-0.257898
109350	0.075223
109400	0.065575
109450	0.066534
109500	-0.248653
109550	0.069048
109600	0.085745
109650	0.173487
109700	0.053092
109750	0.243725
109800	0.266736
109850	0.359369
109900	0.185072
109950	0.074572
110000	-0.158518
110050	0.160502
110100	0.049897
110150	0.115238
110200	0.200464
110250	-0.172990
110300	-0.038429
110350	0.133574
110400	0.055505
110450	0.004211
110500	0.256949
110550	0.005524
110600	0.075874
110650	0.259823
110700	0.039239
110750	-0.096525
110800	0.118102
110850	0.095103
110900	0.067021
110950	-0.086474
111000	-0.171753
111050	0.095386
111100	-0.164338
111150	-0.134187
111200	0.178549
111250	0.187593
111300	0.135813
111350	0.063237
111400	-0.035607
111450	-0.160370
111500	-0.074526
111550	0.221672
111600	-0.068743
111650	-0.068019
111700	0.030395
111750	0.138027
111800	0.133807
111850	0.101967
111900	0.277064
111950	0.005302
112000	0.046751
112050	-0.249489
112100	-0.049945
112150	0.101225
112200	-0.147930
112250	0.095037
112300	0.059138
112350	-0.002126
112400	-0.173349
112450	0.021206
112500	0.098450
112550	0.085715
112600	0.064473
112650	0.095208
112700	0.046679
112750	0.288800
112800	-0.202873
112850	-0.097554
112900	0.021380
112950	-0.063218
113000	0.130696
113050	-0.147036
113100	-0.021884
113150	-0.060028
113200	-0.038495
113250	-0.135008
113300	-0.127564
113350	-0.232838
113400	0.006302
113450	0.123847
113500	0.105741
113550	-0.089796
113600	-0.135422
113650	0.095656
113700	0.086785
113750	-0.015343
113800	0.329584
113850	0.134833
113900	0.045935
113950	-0.073921
114000	-0.114583
114050	-0.046677
114100	0.180316
114150	0.038904
114200	0.151371
114250	0.148948
114300	-0.233428
114350	-0.127941
114400	-0.283923
114450	-0.048687
114500	0.182865
114550	0.135032
114600	0.130484
114650	0.083121
114700	-0.225458
114750	0.042347
114800	0.026755
114850	-0.153660
114900	-0.112441
114950	-0.007425
115000	-0.046200
115050	0.064632
115100	0.233237
115150	0.141066
115200	0.098634
115250	0.005211
115300	0.019401
115350	0.010840
115400	0.192349
115450	-0.001377
115500	0.150210
115550	-0.038334
115600	-0.160050
115650	0.116212
115700	-0.047435
115750	0.100710
115800	-0.005902
115850	-0.096822
115900	-0.011701
115950	-0.143863
116000	-0.207450
116050	-0.114193
116100	-0.057770
116150	0.034446
116200	-0.021533
116250	0.021371
116300	0.079331
116350	-0.011098
116400	0.134326
116450	0.018353
116500	0.017540
116550	-0.002930
116600	0.232343
116650	0.187002
116700	0.055178
116750	-0.089728
116800	0.088855
116850	-0.194317
116900	-0.067339
116950	-0.008422
117000	-0.034560
117050	0.047134
117100	-0.071129
117150	-0.278390
117200	-0.233561
117250	-0.052781
117300	-0.189475
117350	-0.093785
117400	0.189697
117450	-0.140543
117500	0.145617
117550	0.265668
117600	-0.110050
117650	0.006613
117700	0.006097
117750	0.153858
117800	0.082044
117850	0.141638
117900	0.128127
117950	-0.006699
118000	-0.002689
118050	0.306294
118100	-0.035618
118150	0.055313
118200	0.126013
118250	0.313510
118300	0.120516
118350	0.065385
118400	-0.006006
118450	0.097218
118500	-0.090889
118550	0.229482
118600	0.123394
118650	-0.180293
118700	-0.104526
118750	0.145329
118800	0.010114
118850	-0.134119
118900	-0.128163
118950	-0.110193
119000	-0.048113
119050	0.223145
119100	0.305634
119150	0.216801
119200	0.104404
119250	-0.055542
119300	-0.059429
119350	-0.116574
119400	0.188360
119450	0.055163
119500	0.099039
119550	0.109718
119600	-0.192055
119650	0.078780
119700	-0.106160
119750	0.036620
119800	0.064438
119850	0.003124
119900	-0.061258
119950	-0.125398
120000	0.150661
120050	0.226237
120100	0.082108
120150	-0.153872
120200	-0.092392
120250	-0.231594
120300	-0.121399
120350	0.044647
120400	-0.100730
120450	-0.053591
120500	0.087251
120550	-0.078777
120600	-0.076174
120650	-0.019657
120700	-0.012712
120750	0.003012
120800	-0.240075
120850	0.207843
120900	-0.436436
120950	-0.173007
121000	-0.136864
121050	-0.157383
121100	0.102636
121150	0.144193
121200	0.123742
121250	0.275217
121300	0.118979
121350	0.133719
121400	-0.131077
121450	-0.112605
121500	0.028094
121550	-0.069087
121600	0.025664
121650	-0.065710
121700	0.259300
121750	0.029508
121800	0.120193
121850	0.078141
121900	0.071378
121950	0.030170
122000	0.116054
122050	0.179157
122100	0.391364
122150	-0.030865
122200	0.173178
122250	0.133222
122300	0.005311
122350	0.203982
122400	-0.168974
122450	0.188424
122500	0.109860
122550	0.221237
122600	0.177753
122650	0.277566
122700	0.438194
122750	-0.120768
122800	0.018533
122850	0.000808
122900	0.132276
122950	0.340214
123000	0.231879
123050	-0.024288
123100	0.129278
123150	0.045546
123200	0.130011
123250	0.041337
123300	-0.102106
123350	-0.011483
123400	-0.099391
123450	0.042140
123500	0.082027
123550	-0.165293
123600	-0.040270
123650	-0.031379
123700	-0.135927
123750	0.091457
123800	0.077439
123850	0.099920
123900	0.054900
123950	-0.092607
124000	0.171649
124050	0.082843
124100	0.179397
124150	-0.184840
124200	0.084266
124250	0.191906
124300	0.026050
124350	0.138991
124400	-0.174782
124450	-0.125445
124500	0.169255
124550	-0.057260
124600	-0.009022
124650	0.201077
124700	0.095615
124750	-0.049866
124800	0.240466
124850	0.001936
124900	-0.015154
124950	0.214617
125000	0.147749
125050	0.035400
125100	0.160362
125150	0.008216
125200	0.084466
125250	0.179428
125300	0.107080
125350	-0.047439
125400	-0.198118
125450	0.192366
125500	0.009311
125550	0.027851
125600	0.023925
125650	-0.062469
125700	-0.043751
125750	-0.033074
125800	-0.012704
125850	-0.027772
125900	0.127183
125950	0.036567
126000	0.255019
126050	0.109597
126100	-0.107923
126150	0.324581
126200	0.065452
126250	0.171460
126300	0.110038
126350	-0.011161
126400	-0.153493
126450	-0.027137
126500	0.091003
126550	0.115162
126600	0.218965
126650	0.048020
126700	0.103216
126750	0.003634
126800	-0.027676
126850	-0.168402
126900	0.168007
126950	-0.074793
127000	0.017578
127050	-0.115983
127100	0.176768
127150	-0.021507
127200	-0.132468
127250	-0.083907
127300	-0.011834
127350	-0.047491
127400	-0.233968
127450	-0.230131
127500	0.102137
127550	0.123494
127600	-0.014767
127650	0.023976
127700	0.041053
127750	-0.047809
127800	0.272264
127850	0.170504
127900	0.204620
127950	0.058947
128000	0.136898
128050	-0.016761
128100	0.160944
128150	0.208369
128200	0.159903
128250	0.136584
128300	-0.038159
128350	0.155799
128400	0.168549
128450	0.087786
128500	0.165929
128550	0.040714
128600	-0.288739
128650	0.013743
128700	0.029875
128750	-0.003785
128800	0.089428
128850	-0.016372
128900	0.121087
128950	0.088466
129000	-0.007351
129050	-0.043959
129100	0.294333
129150	0.084504
129200	0.149763
129250	0.165644
129300	0.069675
129350	-0.036686
129400	-0.054912
129450	-0.164977
129500	0.075671
129550	-0.061052
129600	-0.002795
129650	0.147677
129700	-0.039297
129750	0.125278
129800	-0.284893
129850	-0.254993
129900	0.015200
129950	-0.039403
130000	-0.052768
130050	-0.167857
130100	-0.060929
130150	-0.114445
130200	0.217260
130250	-0.077779
130300	-0.089856
130350	0.021479
130400	0.051015
130450	0.212381
130500	0.127673
130550	-0.039870
130600	0.138867
130650	-0.016630
130700	0.130449
130750	-0.022970
130800	-0.146566
130850	-0.157001
130900	-0.063538
130950	-0.083520
131000	0.020432
131050	0.008165
131100	-0.150285
131150	0.129029
131200	0.182832
131250	-0.048542
131300	0.285231
131350	0.070339
131400	0.090316
131450	-0.066344
131500	-0.019980
131550	0.143931
131600	0.124247
131650	0.075341
131700	0.042400
131750	0.357112
131800	0.225369
131850	0.021853
131900	-0.031520
131950	0.112661
132000	-0.124091
132050	0.123649
132100	0.047662
132150	-0.020460
132200	0.085833
132250	-0.104571
132300	0.091095
132350	0.043553
132400	0.197668
132450	0.185033
132500	0.197137
132550	0.154200
132600	-0.167032
132650	-0.139859
132700	0.211189
132750	-0.004411
132800	-0.164454
132850	-0.043189
132900	-0.050661
132950	0.274675
133000	-0.053564
133050	-0.189769
133100	0.060639
133150	-0.053109
133200	-0.127728
133250	-0.011731
133300	0.304490
133350	-0.001834
133400	0.183804
133450	0.034188
133500	0.265177
133550	-0.013107
133600	-0.029114
133650	0.084474
133700	-0.054888
133750	-0.009259
133800	-0.012343
133850	0.234728
133900	0.317039
133950	0.075776
134000	-0.056310
134050	0.005926
134100	-0.108505
134150	-0.257556
134200	0.142953
134250	0.078001
134300	0.196355
134350	0.036163
134400	0.020194
134450	0.019057
134500	0.065229
134550	-0.002126
134600	0.111017
134650	0.108133
134700	0.045263
134750	0.063629
134800	-0.065900
134850	0.125359
134900	-0.071861
134950	0.095081
135000	-0.068962
135050	0.021766
135100	0.063296
135150	0.229350
135200	-0.115809
135250	0.190355
135300	-0.092811
135350	-0.098634
135400	-0.265364
135450	-0.034581
135500	-0.158126
135550	-0.048397
135600	0.064605
135650	-0.194425
135700	0.032033
135750	0.275726
135800	0.173699
135850	-0.056424
135900	0.091663
135950	0.009388
136000	0.016757
136050	0.085684
136100	-0.143371
136150	-0.191045
136200	-0.080258
136250	-0.016763
136300	0.046730
136350	-0.142059
136400	-0.152036
136450	0.157111
136500	-0.046751
136550	-0.228095
136600	0.055299
136650	-0.054225
136700	-0.000404
136750	-0.146742
136800	-0.016302
136850	0.085219
136900	0.429993
136950	0.198270
137000	0.130783
137050	-0.015420
137100	0.099943
137150	-0.167278
137200	0.096908
137250	0.163025
137300	0.359080
137350	-0.036922
137400	-0.049360
137450	0.149401
137500	0.031754
137550	-0.078980
137600	0.114565
137650	-0.029407
137700	-0.015854
137750	-0.000013
137800	0.270263
137850	-0.022094
137900	0.002428
137950	-0.169580
138000	0.128856
138050	0.099560
138100	-0.138136
138150	0.044831
138200	0.118436
138250	-0.135760
138300	-0.281000
138350	-0.057184
138400	0.043684
138450	0.020489
138500	0.058796
138550	0.160553
138600	0.330966
138650	-0.013973
138700	-0.055006
138750	-0.067318
138800	0.190167
138850	-0.115578
138900	0.031115
138950	0.183147
139000	-0.148979
139050	-0.056398
139100	0.225924
139150	0.134746
139200	0.254387
139250	0.211809
139300	-0.177659
139350	-0.106223
139400	0.080227
139450	-0.066649
139500	-0.200325
139550	-0.124726
139600	0.107786
139650	0.106214
139700	0.238214
139750	0.205380
139800	0.195738
139850	0.086134
139900	-0.081544
139950	0.121818
140000	0.263357
140050	0.027418
140100	-0.107154
140150	0.017065
140200	-0.102963
140250	-0.118322
140300	0.223495
140350	-0.051877
140400	0.008663
140450	0.090609
140500	-0.179906
140550	-0.160485
140600	-0.036648
140650	0.056824
140700	0.065201
140750	0.045244
140800	-0.078153
140850	0.105597
140900	0.123219
140950	-0.069430
141000	0.096424
141050	0.043332
141100	-0.110977
141150	-0.289885
141200	0.070710
141250	0.220268
141300	-0.113095
141350	0.087525
141400	0.086990
141450	0.086013
141500	0.065505
141550	0.014199
141600	0.170134
141650	-0.128089
141700	0.102287
141750	-0.231446
141800	0.009518
141850	0.180549
141900	0.072836
141950	-0.080139
142000	0.026782
142050	0.090164
142100	0.176507
142150	0.097605
142200	-0.004271
142250	-0.236680
142300	0.036359
142350	0.023952
142400	0.149635
142450	0.343758
142500	-0.036972
142550	-0.014150
142600	-0.190723
142650	0.072662
142700	0.051022
142750	-0.128175
142800	0.087276
142850	-0.156335
142900	0.137801
142950	-0.058674
143000	-0.262718
143050	0.104045
143100	0.075060
143150	0.094552
143200	0.045610
143250	-0.024276
143300	-0.243244
143350	0.007446
143400	-0.052326
143450	0.169618
143500	0.130576
143550	0.155754
143600	0.463643
143650	0.025027
143700	0.042363
143750	-0.301374
143800	-0.118643
143850	-0.027103
143900	-0.098335
143950	-0.252658
144000	-0.023187
144050	0.009425
144100	0.079051
144150	-0.049205
144200	-0.055164
144250	-0.164846
144300	-0.028254
144350	0.116755
144400	-0.182224
144450	0.125860
144500	-0.068851
144550	-0.100575
144600	-0.210224
144650	-0.001485
144700	-0.102435
144750	-0.035580
144800	-0.043478
144850	-0.023628
144900	0.003443
144950	-0.167174
145000	0.144754
145050	-0.134723
145100	0.181349
145150	-0.153632
145200	-0.022196
145250	0.056661
145300	0.230194
145350	0.023663
145400	0.067834
145450	-0.162489
145500	-0.044016
145550	0.330240
145600	0.021697
145650	-0.028712
145700	-0.092833
145750	0.117240
145800	-0.226352
145850	0.071736
145900	-0.008106
145950	0.061986
146000	-0.087946
146050	-0.058062
146100	0.258252
146150	-0.269917
146200	-0.316611
146250	-0.161066
146300	-0.129575
146350	0.048394
146400	-0.067117
146450	-0.082581
146500	0.223351
146550	-0.011578
146600	-0.067468
146650	-0.003400
146700	0.097162
146750	-0.059953
146800	0.014956
146850	0.194559
146900	0.116793
146950	0.492332
147000	-0.189082
147050	0.145043
147100	0.107763
147150	0.053208
147200	-0.100718
147250	0.055766
147300	0.048795
147350	0.013987
147400	0.140942
147450	0.003214
147500	0.135961
147550	0.270722
147600	0.069067
147650	-0.044042
147700	0.096386
147750	-0.014798
147800	-0.076889
147850	-0.001318
147900	0.061471
147950	-0.045458
148000	-0.011265
148050	0.071349
148100	0.050311
148150	-0.180414
148200	0.022517
148250	-0.289789
148300	0.046413
148350	0.300910
148400	0.188426
148450	0.085919
148500	0.039498
148550	0.015295
148600	0.248637
148650	-0.198122
148700	-0.015399
148750	0.044741
148800	-0.054701
148850	0.050350
148900	0.168614
148950	0.329106
149000	0.068186
149050	0.089652
149100	-0.167262
149150	-0.017199
149200	-0.037788
149250	0.032221
149300	0.076830
149350	-0.144057
149400	-0.055516
149450	0.163717
149500	0.114995
149550	0.074547
149600	-0.010953
149650	-0.217428
149700	-0.284187
149750	-0.033492
149800	-0.328965
149850	0.113231
149900	-0.199673
149950	-0.054403
150000	-0.115634
150050	-0.148893
150100	0.155930
150150	0.228618
150200	0.175532
150250	-0.118923
150300	0.140429
150350	0.020956
150400	0.000418
150450	0.105194
150500	0.274738
150550	-0.065930
150600	-0.164587
150650	-0.011273
150700	0.116301
150750	-0.114980
150800	-0.297869
150850	-0.188605
150900	-0.103801
150950	0.130709
151000	0.141446
151050	0.064706
151100	-0.107826
151150	-0.178427
151200	-0.001540
151250	-0.001996
151300	-0.001014
151350	0.017914
151400	-0.013879
151450	0.116003
151500	-0.016295
151550	0.033419
151600	-0.074092
151650	0.135324
151700	0.211204
151750	0.156050
151800	0.015673
151850	0.121120
151900	0.162573
151950	0.048216
152000	0.185428
152050	0.038238
152100	0.059510
152150	0.081149
152200	0.117215
152250	0.051762
152300	0.056226
152350	-0.063987
152400	-0.065860
152450	-0.137429
152500	-0.060712
152550	-0.043998
152600	0.134472
152650	0.105005
152700	0.296514
152750	0.125797
152800	-0.151685
152850	-0.210838
152900	-0.269768
152950	-0.001883
153000	-0.136344
153050	-0.018238
153100	-0.069069
153150	0.096370
153200	0.018103
153250	0.010302
153300	0.255115
153350	0.007427
153400	-0.163878
153450	0.108780
153500	-0.287987
153550	0.129947
153600	-0.271156
153650	-0.228217
153700	0.084553
153750	-0.019424
153800	0.244976
153850	0.112946
153900	-0.125452
153950	-0.025770
154000	0.151162
154050	0.062200
154100	0.035392
154150	-0.085067
154200	-0.032729
154250	-0.197234
154300	0.037755
154350	0.042825
154400	0.148695
154450	-0.086312
154500	0.116473
154550	-0.202410
154600	-0.106746
154650	-0.020470
154700	0.000372
154750	-0.154465
154800	-0.026839
154850	0.201033
154900	0.213223
154950	0.039443
155000	-0.001353
155050	0.090851
155100	-0.184125
155150	0.069054
155200	0.085056
155250	0.161439
155300	-0.032187
155350	0.030318
155400	-0.237631
155450	-0.182009
155500	0.352422
155550	0.000209
155600	0.073824
155650	-0.172749
155700	-0.091364
155750	-0.164720
155800	-0.194859
155850	0.011682
155900	0.035869
155950	0.075445
156000	0.162908
156050	-0.381755
156100	-0.129887
156150	-0.014571
156200	0.041170
156250	0.022713
156300	0.088732
156350	0.103420
156400	-0.158884
156450	0.232798
156500	0.169172
156550	0.268581
156600	0.090142
156650	-0.016916
156700	0.041670
156750	-0.057602
156800	0.059875
156850	0.184766
156900	-0.045513
156950	-0.208446
157000	0.162508
157050	-0.113472
157100	0.092372
157150	0.012581
157200	-0.238434
157250	0.192813
157300	0.004360
157350	-0.130329
157400	-0.073856
157450	0.039402
157500	0.096047
157550	0.328892
157600	-0.127008
157650	-0.293277
157700	-0.166403
157750	-0.188621
157800	-0.240743
157850	-0.165513
157900	-0.017005
157950	0.075516
158000	-0.022497
158050	-0.186211
158100	-0.020860
158150	-0.098629
158200	0.133597
158250	0.058764
158300	0.041575
158350	-0.025647
158400	0.186681
158450	-0.155759
158500	0.031353
158550	0.155188
158600	0.058400
158650	0.281213
158700	0.021469
158750	-0.094558
158800	0.016824
158850	0.048933
158900	-0.020678
158950	-0.241327
159000	0.145521
159050	0.265173
159100	0.116025
159150	0.020320
159200	-0.067683
159250	-0.295090
159300	-0.081368
159350	0.210993
159400	-0.078310
159450	-0.022310
159500	-0.091900
159550	0.371774
159600	-0.094019
159650	0.200429
159700	0.019895
159750	-0.149112
159800	-0.039568
159850	0.152193
159900	0.065914
159950	0.072809
160000	0.247931
160050	-0.152948
160100	0.056342
160150	0.095635
160200	0.199106
160250	0.048313
160300	-0.034414
160350	0.031762
160400	0.136444
160450	-0.053688
160500	0.277403
160550	-0.218921
160600	0.143098
160650	0.054201
160700	0.281249
160750	-0.087470
160800	-0.051533
160850	0.069428
160900	-0.227835
160950	-0.140013
161000	-0.004760
161050	-0.211222
161100	0.293693
161150	0.084281
161200	-0.107328
161250	0.098595
161300	0.052971
161350	-0.019960
161400	0.030989
161450	0.063713
161500	-0.202792
161550	0.002793
161600	0.155428
161650	0.234555
161700	-0.206925
161750	-0.105979
161800	0.038183
161850	0.120607
161900	0.120056
161950	0.110165
162000	0.073022
162050	0.186065
162100	-0.259617
162150	-0.061467
162200	-0.134172
162250	0.099380
162300	-0.097815
162350	-0.006524
162400	-0.030168
162450	0.149797
162500	-0.043953
162550	0.124898
162600	0.030925
162650	0.109995
162700	0.094017
162750	0.088820
162800	0.073669
162850	0.107386
162900	-0.009840
162950	0.106497
163000	-0.089406
163050	-0.098307
163100	0.045246
163150	-0.041870
163200	0.149390
163250	-0.099249
163300	-0.169111
163350	-0.099164
163400	0.114453
163450	0.329686
163500	-0.048971
163550	-0.017869
163600	0.283380
163650	-0.131430
163700	0.136125
163750	0.058013
163800	0.125047
163850	0.060171
163900	-0.052560
163950	0.007113
164000	0.112471
164050	-0.032109
164100	-0.108523
164150	0.035546
164200	0.036623
164250	-0.064694
164300	0.219873
164350	0.087193
164400	0.191866
164450	-0.070270
164500	0.120749
164550	-0.343469
164600	0.056756
164650	0.071689
164700	0.057625
164750	0.133811
164800	0.181196
164850	0.204600
164900	0.162008
164950	0.106462
165000	-0.066995
165050	-0.150439
165100	-0.006599
165150	0.053866
165200	0.040380
165250	-0.135134
165300	-0.026109
165350	0.032565
165400	0.245955
165450	-0.019501
165500	-0.252955
165550	-0.192476
165600	-0.111261
165650	0.013377
165700	0.147759
165750	-0.121692
165800	0.087876
165850	0.010823
165900	-0.128337
165950	-0.090043
166000	-0.076631
166050	0.151731
166100	0.129201
166150	0.243250
166200	-0.046667
166250	-0.014985
166300	0.007755
166350	-0.023985
166400	0.210649
166450	0.074969
166500	0.142308
166550	-0.110364
166600	0.266783
166650	0.263965
166700	-0.021158
166750	-0.023694
166800	0.066788
166850	0.216272
166900	-0.178786
166950	-0.041764
167000	0.115477
167050	-0.237320
167100	-0.122182
167150	0.276859
167200	0.003642
167250	0.006985
167300	0.000982
167350	-0.047435
167400	-0.179930
167450	-0.135755
167500	0.040144
167550	-0.069019
167600	-0.064490
167650	-0.204944
167700	-0.111838
167750	-0.122612
167800	0.012739
167850	0.133097
167900	0.041093
167950	-0.031163
168000	0.114708
168050	0.223039
168100	0.282023
168150	-0.079530
168200	0.073392
168250	-0.019569
168300	-0.198119
168350	0.247885
168400	0.254306
168450	0.028165
168500	-0.034687
168550	-0.095263
168600	0.038616
168650	0.079410
168700	0.010751
168750	-0.037743
168800	0.137637
168850	-0.174480
168900	0.000609
168950	-0.198352
169000	-0.098083
169050	-0.048548
169100	-0.036509
169150	0.145945
169200	0.079628
169250	0.013661
169300	0.223234
169350	-0.125927
169400	0.039804
169450	-0.175757
169500	0.074463
169550	0.080132
169600	-0.068299
169650	0.159677
169700	-0.179071
169750	0.146935
169800	-0.055392
169850	0.033426
169900	-0.127959
169950	-0.059372
170000	-0.130741
170050	0.127582
170100	0.012919
170150	0.156252
170200	-0.138109
170250	0.176499
170300	0.029149
170350	-0.008541
170400	-0.089692
170450	0.028815
170500	0.188463
170550	0.104057
170600	-0.108821
170650	0.177387
170700	0.215110
170750	0.001634
170800	0.074645
170850	0.107641
170900	-0.159641
170950	0.064379
171000	0.033287
171050	0.124512
171100	-0.058275
171150	-0.014568
171200	0.137164
171250	-0.010659
171300	-0.125040
171350	-0.142934
171400	0.059121
171450	-0.050691
171500	-0.185321
171550	0.181953
171600	-0.032309
171650	0.020731
171700	0.162757
171750	0.058473
171800	-0.043333
171850	-0.196768
171900	0.128113
171950	0.210838
172000	-0.109102
172050	-0.226597
172100	-0.105124
172150	-0.060495
172200	0.087398
172250	0.066976
172300	0.185329
172350	0.166197
172400	-0.066780
172450	-0.105216
172500	0.104703
172550	-0.076732
172600	0.108043
172650	0.199684
172700	-0.288697
172750	-0.102723
172800	-0.138814
172850	0.040295
172900	-0.024661
172950	0.072746
173000	-0.026373
173050	0.017029
173100	0.173628
173150	-0.030690
173200	0.087651
173250	-0.059391
173300	-0.128010
173350	0.010972
173400	-0.082225
173450	0.004749
173500	0.067932
173550	0.005018
173600	-0.073927
173650	0.208719
173700	0.113537
173750	-0.044324
173800	0.076692
173850	0.022005
173900	-0.110213
173950	-0.145556
174000	-0.082190
174050	-0.012323
174100	-0.488975
174150	-0.116473
174200	0.149947
174250	0.297644
174300	0.091452
174350	-0.078214
174400	0.001516
174450	0.029027
174500	-0.032531
174550	-0.051801
174600	0.113889
174650	-0.472393
174700	-0.028923
174750	-0.017097
174800	0.112772
174850	0.058036
174900	0.079598
174950	0.125142
175000	0.035935
175050	-0.009087
175100	-0.085624
175150	-0.199120
175200	-0.005686
175250	0.015184
175300	0.055849
175350	0.060829
175400	-0.027886
175450	0.462907
175500	-0.042510
175550	0.122250
175600	0.112938
175650	-0.159989
175700	0.004477
175750	-0.049977
175800	-0.126578
175850	-0.045824
175900	-0.089678
175950	0.107588
176000	0.026596
176050	-0.045989
176100	-0.012830
176150	0.114104
176200	0.052800
176250	0.190574
176300	-0.074664
176350	-0.009544
176400	-0.025998
176450	0.096834
176500	0.129888
176550	0.040207
176600	0.122635
176650	0.095385
176700	-0.110950
176750	-0.050367
176800	0.151832
176850	-0.205528
176900	-0.232353
176950	-0.144216
177000	-0.048043
177050	-0.019833
177100	0.220565
177150	-0.107733
177200	-0.087854
177250	-0.096912
177300	-0.152129
177350	-0.012414
177400	-0.054198
177450	-0.125633
177500	-0.025613
177550	0.131927
177600	-0.278895
177650	0.002277
177700	0.052928
177750	0.157116
177800	0.276822
177850	0.149824
177900	0.386459
177950	0.179567
178000	-0.109484
178050	-0.197510
178100	-0.089389
178150	0.132411
178200	0.022185
178250	-0.076301
178300	-0.098124
178350	-0.056415
178400	-0.135582
178450	0.075588
178500	0.007498
178550	0.016981
178600	-0.137933
178650	-0.257288
178700	0.024953
178750	0.179996
178800	0.158773
178850	-0.063852
178900	-0.032624
178950	0.157693
179000	0.139711
179050	0.001650
179100	-0.119370
179150	0.323078
179200	0.081924
179250	0.147853
179300	-0.060096
179350	0.044368
179400	-0.070595
179450	-0.071906
179500	0.086114
179550	0.015505
179600	-0.074520
179650	-0.001701
179700	0.058807
179750	-0.045807
179800	-0.031877
179850	-0.084173
179900	0.136825
179950	0.251489
180000	0.176182
180050	-0.102133
180100	0.222985
180150	0.155930
180200	0.006483
180250	-0.069041
180300	0.005948
180350	0.064299
180400	-0.121089
180450	0.145045
180500	-0.051298
180550	-0.044989
180600	0.041714
180650	-0.170363
180700	-0.310833
180750	0.081294
180800	0.115628
180850	-0.249345
180900	0.019134
180950	0.155056
181000	-0.002018
181050	0.109928
181100	-0.110172
181150	0.358554
181200	0.071480
181250	-0.012970
181300	-0.332712
181350	-0.022969
181400	-0.018532
181450	0.077266
181500	0.064909
181550	0.263910
181600	0.074351
181650	-0.073941
181700	-0.116314
181750	-0.080269
181800	-0.056644
181850	-0.278921
181900	0.019688
181950	0.043164
182000	-0.099785
182050	0.157373
182100	0.148918
182150	-0.068263
182200	0.099818
182250	0.041247
182300	-0.199932
182350	0.077904
182400	-0.088601
182450	-0.108385
182500	-0.074933
182550	-0.230154
182600	-0.149636
182650	0.091273
182700	-0.204837
182750	-0.105908
182800	-0.003885
182850	-0.074421
182900	-0.067057
182950	-0.085463
183000	0.044442
183050	0.057129
183100	0.250677
183150	0.152860
183200	-0.041557
183250	0.008371
183300	-0.035677
183350	0.082828
183400	0.050134
183450	-0.190516
183500	-0.564758
183550	-0.039466
183600	0.050623
183650	-0.036505
183700	0.042394
183750	0.043427
183800	-0.057158
183850	-0.000498
183900	0.236883
183950	0.020289
184000	-0.005402
184050	0.065849
184100	-0.151290
184150	-0.164529
184200	-0.178975
184250	0.161328
184300	-0.025573
184350	0.204838
184400	-0.235545
184450	-0.363709
184500	-0.154543
184550	-0.125515
184600	-0.136542
184650	0.068865
184700	-0.072929
184750	-0.077507
184800	0.074660
184850	-0.025576
184900	-0.200278
184950	-0.044708
185000	0.136374
185050	0.200156
185100	0.027669
185150	-0.042387
185200	0.077536
185250	0.096689
185300	0.189972
185350	-0.045654
185400	-0.143382
185450	-0.172982
185500	-0.217660
185550	0.026919
185600	0.048398
185650	-0.108659
185700	-0.079016
185750	0.101733
185800	0.045582
185850	-0.036187
185900	-0.072489
185950	0.096579
186000	-0.117119
186050	-0.014757
186100	-0.001924
186150	0.082483
186200	-0.021259
186250	-0.045871
186300	-0.028865
186350	-0.141099
186400	-0.022858
186450	0.061934
186500	-0.015240
186550	-0.240560
186600	0.164918
186650	-0.010679
186700	0.154292
186750	-0.037090
186800	0.038184
186850	-0.101629
186900	-0.228373
186950	-0.285947
187000	-0.054196
187050	0.123996
187100	0.092076
187150	-0.206508
187200	-0.012892
187250	0.010292
187300	0.013784
187350	-0.204248
187400	-0.015033
187450	0.094963
187500	0.008456
187550	-0.060059
187600	0.039632
187650	-0.011142
187700	-0.034019
187750	0.112567
187800	0.161984
187850	0.240416
187900	0.068342
187950	-0.038056
188000	0.017639
188050	0.096647
188100	0.156043
188150	-0.018807
188200	-0.222207
188250	-0.264553
188300	-0.036594
188350	-0.023953
188400	0.200384
188450	0.253812
188500	0.105337
188550	-0.074123
188600	-0.206754
188650	0.040149
188700	-0.051138
188750	-0.287402
188800	0.046516
188850	-0.075054
188900	0.191799
188950	0.079720
189000	0.154110
189050	-0.199692
189100	0.140556
189150	-0.158342
189200	0.065697
189250	0.105708
189300	-0.029989
189350	-0.058881
189400	0.051953
189450	0.097897
189500	0.258333
189550	0.082770
189600	-0.203107
189650	-0.075271
189700	0.117876
189750	-0.315584
189800	-0.072928
189850	0.036062
189900	0.053223
189950	-0.097555
190000	0.066081
190050	0.202231
190100	0.099342
190150	-0.090524
190200	-0.025377
190250	-0.135560
190300	-0.206603
190350	0.141583
190400	0.176404
190450	0.154811
190500	0.009861
190550	-0.020562
190600	0.007154
190650	0.017288
190700	-0.226799
190750	0.237109
190800	0.063806
190850	0.314820
190900	-0.316653
190950	-0.201821
191000	-0.054789
191050	0.320812
191100	0.061445
191150	-0.075013
191200	-0.002037
191250	-0.036791
191300	-0.128040
191350	0.155348
191400	-0.087861
191450	-0.001378
191500	-0.143316
191550	-0.007824
191600	-0.046048
191650	-0.028019
191700	0.185554
191750	0.026604
191800	-0.226371
191850	-0.240295
191900	0.074574
191950	-0.046428
192000	-0.077237
192050	-0.082229
192100	-0.115283
192150	0.033557
192200	0.126443
192250	-0.002730
192300	-0.203694
192350	-0.031529
192400	0.300267
192450	0.089306
192500	-0.026097
192550	-0.036841
192600	-0.045534
192650	-0.036527
192700	0.231142
192750	-0.085428
192800	-0.196959
192850	-0.089410
192900	-0.128345
192950	-0.020665
193000	-0.062285
193050	0.238331
193100	0.300505
193150	0.107553
193200	0.180669
193250	-0.125248
193300	0.003237
193350	0.131345
193400	-0.057170
193450	-0.081951
193500	-0.048512
193550	-0.113137
193600	0.045994
193650	-0.077315
193700	0.241777
193750	-0.114073
193800	-0.032982
193850	-0.000559
193900	0.038828
193950	-0.237814
194000	-0.232051
194050	-0.013484
194100	-0.050773
194150	-0.040101
194200	-0.130579
194250	-0.310012
194300	-0.103260
194350	-0.001198
194400	-0.029655
194450	-0.119702
194500	-0.043027
194550	-0.058766
194600	0.007460
194650	0.021391
194700	0.003703
194750	0.370801
194800	-0.045609
194850	-0.105516
194900	0.108335
194950	0.141984
195000	-0.064724
195050	0.085576
195100	-0.092370
195150	0.009850
195200	-0.101064
195250	-0.048465
195300	0.115997
195350	0.005958
195400	-0.003600
195450	0.038551
195500	0.076952
195550	0.007020
195600	-0.037562
195650	-0.062934
195700	0.015197
195750	0.109103
195800	0.012521
195850	0.005228
195900	-0.043462
195950	0.149351
196000	0.019953
196050	-0.100930
196100	-0.102957
196150	-0.116422
196200	-0.143466
196250	0.101704
196300	-0.059395
196350	0.068224
196400	-0.144649
196450	-0.024999
196500	-0.041883
196550	-0.166311
196600	-0.124044
196650	-0.056640
196700	-0.184400
196750	0.070047
196800	-0.006869
196850	-0.123206
196900	0.245240
196950	-0.032886
197000	0.083357
197050	-0.060888
197100	-0.083502
197150	0.004992
197200	-0.228937
197250	0.011258
197300	-0.048475
197350	-0.236801
197400	-0.214243
197450	-0.120364
197500	0.185781
197550	0.020728
197600	0.228348
197650	-0.017925
197700	-0.158983
197750	0.076962
197800	-0.127914
197850	-0.141836
197900	-0.199964
197950	0.007197
198000	0.055330
198050	-0.105408
198100	-0.009540
198150	0.138288
198200	-0.039640
198250	0.079932
198300	-0.238953
198350	-0.144284
198400	-0.020912
198450	0.056587
198500	0.110944
198550	0.081914
198600	-0.019364
198650	0.078591
198700	-0.037158
198750	-0.084973
198800	0.166739
198850	0.287459
198900	0.269284
198950	0.062295
199000	0.244059
199050	0.043610
199100	0.280219
199150	0.219819
199200	0.173741
199250	0.192414
199300	-0.006796
199350	-0.154696
199400	0.059866
199450	0.160405
199500	0.246803
199550	-0.180815
199600	0.022712
199650	-0.117277
199700	0.007840
199750	0.037282
199800	-0.092027
199850	0.202076
199900	0.346517
199950	0.110766
