0	52.348915
50	2.598317
100	1.462935
150	1.212366
200	0.952630
250	1.077581
300	0.898932
350	0.953969
400	0.890922
450	0.761355
500	0.731090
550	0.594562
600	0.941477
650	0.748063
700	0.628776
750	0.758116
800	0.853106
850	0.611676
900	0.675436
950	0.778388
1000	0.677752
1050	0.606591
1100	0.272081
1150	0.546319
1200	0.854095
1250	0.560227
1300	0.494816
1350	0.816389
1400	0.689638
1450	0.523905
1500	0.910161
1550	0.545229
1600	0.868568
1650	0.702492
1700	0.715890
1750	0.972670
1800	0.508230
1850	0.526691
1900	0.542603
1950	0.614250
2000	0.455806
2050	0.620165
2100	0.661824
2150	0.783015
2200	0.458893
2250	0.516211
2300	0.320774
2350	0.362982
2400	0.617213
2450	0.329556
2500	0.732574
2550	0.261123
2600	0.756453
2650	0.454389
2700	0.679975
2750	0.533288
2800	0.507934
2850	0.320622
2900	0.432640
2950	0.554538
3000	0.484213
3050	0.600574
3100	0.652244
3150	0.769681
3200	0.680946
3250	0.491591
3300	0.378459
3350	0.740581
3400	0.312952
3450	0.639400
3500	0.532557
3550	0.684047
3600	0.685667
3650	0.614476
3700	0.533063
3750	0.663355
3800	0.578033
3850	0.694462
3900	0.761346
3950	0.543434
4000	0.539087
4050	0.568917
4100	0.639732
4150	0.820319
4200	0.505621
4250	0.554900
4300	0.624445
4350	0.721432
4400	0.533540
4450	0.638333
4500	0.733832
4550	0.613367
4600	0.632606
4650	0.791501
4700	0.431030
4750	0.490091
4800	0.737166
4850	0.782347
4900	0.521451
4950	0.785682
5000	0.634409
5050	0.710889
5100	0.455914
5150	0.574978
5200	0.733680
5250	0.440730
5300	0.657620
5350	0.525222
5400	0.266289
5450	0.591256
5500	0.459573
5550	0.492122
5600	0.679679
5650	0.563415
5700	0.612448
5750	0.410920
5800	0.627915
5850	0.642796
5900	0.549544
5950	0.526956
6000	0.390043
6050	0.825001
6100	0.775847
6150	0.359491
6200	0.448194
6250	0.376022
6300	0.728812
6350	0.569146
6400	0.510561
6450	0.360379
6500	0.269264
6550	0.632316
6600	0.623600
6650	0.832381
6700	0.441423
6750	0.635859
6800	0.521433
6850	0.752678
6900	0.563041
6950	0.794376
7000	0.660945
7050	0.503076
7100	0.519151
7150	0.550007
7200	0.737675
7250	0.644468
7300	0.499011
7350	0.607799
7400	0.401335
7450	0.330035
7500	0.703537
7550	0.364605
7600	0.815883
7650	0.489042
7700	0.631507
7750	0.645496
7800	0.588938
7850	0.601791
7900	0.593304
7950	0.536946
8000	0.772197
8050	0.466032
8100	0.885354
8150	0.584548
8200	0.521783
8250	0.787272
8300	0.569322
8350	0.383372
8400	0.568749
8450	0.763425
8500	0.398204
8550	0.411776
8600	0.553673
8650	0.318095
8700	0.715214
8750	0.471607
8800	0.358075
8850	0.497977
8900	0.484386
8950	0.565700
9000	0.538799
9050	1.032226
9100	0.621161
9150	0.617931
9200	0.612421
9250	0.524908
9300	0.323685
9350	0.242094
9400	0.769255
9450	0.601847
9500	0.834133
9550	0.767415
9600	0.546609
9650	0.532105
9700	0.387820
9750	0.570768
9800	0.423824
9850	0.675855
9900	0.669177
9950	0.591642
10000	0.590654
10050	0.762012
10100	0.713001
10150	0.385327
10200	0.786472
10250	0.650191
10300	0.600462
10350	0.834881
10400	0.778238
10450	0.713016
10500	0.418333
10550	0.490658
10600	0.963688
10650	0.676992
10700	0.532552
10750	0.656269
10800	0.546616
10850	0.525456
10900	0.705280
10950	0.402077
11000	0.632883
11050	0.565827
11100	0.546786
11150	0.429325
11200	0.844639
11250	0.569718
11300	0.536689
11350	0.486440
11400	0.665108
11450	0.661971
11500	0.724334
11550	0.630262
11600	0.563102
11650	0.744949
11700	0.797255
11750	0.814069
11800	0.594828
11850	0.544083
11900	0.527660
11950	0.498884
12000	0.670287
12050	0.178282
12100	0.742658
12150	0.808744
12200	0.769796
12250	0.510333
12300	0.564013
12350	0.573136
12400	0.735831
12450	0.702633
12500	0.771090
12550	0.493058
12600	0.635050
12650	0.456937
12700	0.758512
12750	0.617023
12800	0.386342
12850	0.578006
12900	0.649709
12950	0.621280
13000	0.521387
13050	0.702384
13100	0.508558
13150	0.688509
13200	0.378691
13250	0.564363
13300	0.583570
13350	0.493917
13400	0.424813
13450	0.511272
13500	0.408852
13550	0.621913
13600	0.481025
13650	0.686452
13700	0.182224
13750	0.502135
13800	0.648303
13850	0.659756
13900	0.946400
13950	0.549878
14000	0.345000
14050	0.715294
14100	0.408130
14150	0.490547
14200	0.637489
14250	0.692249
14300	0.850696
14350	0.739185
14400	0.525118
14450	0.432722
14500	0.572210
14550	0.566718
14600	0.600696
14650	0.727582
14700	0.342679
14750	0.829941
14800	0.506100
14850	0.627293
14900	0.452733
14950	0.445335
15000	0.460165
15050	0.567294
15100	0.618021
15150	0.724519
15200	0.703331
15250	0.501173
15300	0.677853
15350	0.564181
15400	0.809237
15450	0.541786
15500	0.833533
15550	0.744989
15600	0.442575
15650	0.575750
15700	0.760988
15750	0.658650
15800	0.774328
15850	0.820604
15900	0.626234
15950	0.283677
16000	0.669867
16050	0.657313
16100	0.581788
16150	0.372727
16200	0.475981
16250	0.500018
16300	0.525386
16350	0.372708
16400	0.625131
16450	0.526612
16500	0.803806
16550	0.522254
16600	0.591122
16650	0.657062
16700	0.666921
16750	0.818150
16800	0.416194
16850	0.364988
16900	0.978630
16950	0.770493
17000	0.609878
17050	0.832428
17100	0.502065
17150	0.572988
17200	0.501938
17250	0.538073
17300	0.490700
17350	0.525127
17400	0.603525
17450	0.558096
17500	0.404920
17550	0.523937
17600	0.789885
17650	0.615527
17700	0.638835
17750	0.664341
17800	0.574867
17850	0.640417
17900	0.604965
17950	0.500531
18000	0.560956
18050	0.662722
18100	0.487768
18150	0.740846
18200	0.536060
18250	0.634583
18300	0.562728
18350	0.721567
18400	0.772485
18450	0.555166
18500	0.990149
18550	0.406693
18600	0.480797
18650	0.602414
18700	0.458020
18750	0.366201
18800	0.486133
18850	0.945141
18900	0.384026
18950	0.579571
19000	0.625261
19050	0.305898
19100	0.521999
19150	0.291172
19200	0.527361
19250	0.603779
19300	0.579402
19350	0.627807
19400	0.661956
19450	0.440160
19500	0.730036
19550	0.743275
19600	0.161397
19650	0.748873
19700	0.611038
19750	0.655766
19800	0.790255
19850	0.266060
19900	0.559185
19950	0.655501
20000	0.606248
20050	0.515912
20100	0.701757
20150	0.687564
20200	0.812709
20250	0.570810
20300	0.724503
20350	0.637708
20400	0.563361
20450	0.781015
20500	0.595913
20550	0.573186
20600	0.198252
20650	0.344118
20700	0.580789
20750	0.519695
20800	0.320609
20850	0.652384
20900	0.522274
20950	0.716938
21000	0.494662
21050	0.305448
21100	0.321435
21150	0.428579
21200	0.326926
21250	0.424807
21300	0.368486
21350	0.482969
21400	0.546349
21450	0.584378
21500	0.511881
21550	0.407058
21600	0.559235
21650	0.864177
21700	0.591953
21750	0.741072
21800	0.573544
21850	0.627599
21900	0.356516
21950	0.569142
22000	0.667889
22050	0.595047
22100	0.578275
22150	0.602053
22200	0.693407
22250	0.293480
22300	0.592628
22350	0.465334
22400	0.547568
22450	0.635417
22500	0.625073
22550	0.533033
22600	0.732478
22650	0.592066
22700	0.581080
22750	0.572183
22800	0.310277
22850	0.521153
22900	0.581806
22950	0.515595
23000	0.823622
23050	0.705868
23100	0.493208
23150	0.443137
23200	0.506110
23250	0.442134
23300	0.833326
23350	0.760646
23400	0.774969
23450	0.554221
23500	0.291978
23550	0.670385
23600	0.745249
23650	0.756724
23700	0.345874
23750	0.435975
23800	0.236449
23850	0.690474
23900	0.640765
23950	0.374081
24000	0.428147
24050	0.820762
24100	0.735833
24150	0.376269
24200	0.821601
24250	0.794971
24300	0.609653
24350	0.782952
24400	0.397266
24450	0.632624
24500	0.603324
24550	0.733183
24600	0.709871
24650	0.760006
24700	0.306924
24750	0.505260
24800	0.254663
24850	0.386878
24900	0.344774
24950	0.550659
25000	0.529806
25050	0.703460
25100	0.688113
25150	0.853148
25200	0.494785
25250	0.676249
25300	0.577192
25350	0.514950
25400	0.752237
25450	0.597274
25500	0.851475
25550	0.844523
25600	0.665902
25650	0.481018
25700	0.471664
25750	0.792716
25800	0.562265
25850	0.501051
25900	0.769698
25950	0.672948
26000	0.832870
26050	0.690167
26100	0.340399
26150	0.710740
26200	0.805952
26250	0.564265
26300	0.740203
26350	0.697798
26400	0.873964
26450	0.674041
26500	0.641859
26550	0.302916
26600	0.634275
26650	0.595616
26700	0.187343
26750	0.575197
26800	0.549206
26850	0.735398
26900	0.625375
26950	0.662805
27000	0.497338
27050	0.683522
27100	0.744406
27150	0.431044
27200	0.558678
27250	0.473339
27300	0.374508
27350	0.364127
27400	0.667367
27450	1.004035
27500	0.651977
27550	0.620604
27600	0.512039
27650	0.515823
27700	0.680575
27750	0.688018
27800	0.567257
27850	0.802958
27900	0.475231
27950	0.767570
28000	0.530421
28050	0.219912
28100	0.508738
28150	0.584848
28200	0.445917
28250	0.382397
28300	0.313837
28350	0.611895
28400	0.428572
28450	0.363271
28500	0.705075
28550	0.731538
28600	0.632013
28650	0.428672
28700	0.685414
28750	0.558396
28800	0.491080
28850	0.489972
28900	0.575093
28950	0.576741
29000	0.315847
29050	0.590904
29100	0.586609
29150	0.497647
29200	0.669115
29250	0.579213
29300	0.690794
29350	0.567216
29400	0.717286
29450	0.567677
29500	0.477568
29550	0.544760
29600	0.618792
29650	0.586890
29700	0.609342
29750	0.616511
29800	0.105743
29850	0.393256
29900	0.522729
29950	0.367621
30000	0.753905
30050	0.392992
30100	0.449784
30150	0.570094
30200	0.452012
30250	0.833681
30300	0.535636
30350	0.717450
30400	0.526476
30450	0.611061
30500	0.616621
30550	0.403868
30600	0.740115
30650	0.705337
30700	0.688026
30750	0.615551
30800	0.476503
30850	0.768035
30900	0.502393
30950	0.648573
31000	0.750321
31050	0.837237
31100	0.656072
31150	0.380725
31200	0.539081
31250	0.642122
31300	0.507488
31350	0.536303
31400	0.303314
31450	0.339770
31500	0.314532
31550	0.485636
31600	0.653729
31650	0.744140
31700	0.442899
31750	0.382919
31800	0.692944
31850	0.763341
31900	0.372610
31950	0.460499
32000	0.620357
32050	0.527588
32100	0.755753
32150	0.667452
32200	0.315399
32250	0.638592
32300	0.673860
32350	0.681350
32400	0.456959
32450	0.756469
32500	0.398709
32550	0.483375
32600	0.397454
32650	0.578008
32700	0.623492
32750	0.596343
32800	0.461317
32850	0.429662
32900	0.436673
32950	0.499219
33000	0.182960
33050	0.652152
33100	0.641043
33150	0.540149
33200	0.597717
33250	0.467225
33300	0.290867
33350	0.508249
33400	0.259722
33450	0.509750
33500	0.673722
33550	0.567211
33600	0.443254
33650	0.751561
33700	0.619076
33750	0.322315
33800	0.820868
33850	0.684726
33900	0.418699
33950	0.354725
34000	0.681092
34050	0.561584
34100	0.484765
34150	0.750805
34200	0.315774
34250	0.777485
34300	0.711300
34350	0.592698
34400	0.806388
34450	0.589991
34500	0.625255
34550	0.764088
34600	0.684211
34650	0.584549
34700	0.751187
34750	0.681912
34800	0.539378
34850	0.763945
34900	0.344140
34950	0.866503
35000	0.638438
35050	0.740093
35100	0.581601
35150	0.513012
35200	0.470243
35250	0.734881
35300	0.471674
35350	0.572401
35400	0.791095
35450	0.269964
35500	0.496601
35550	0.511216
35600	0.504421
35650	0.281723
35700	0.550851
35750	0.428860
35800	0.388104
35850	0.641522
35900	0.549674
35950	0.548717
36000	0.612325
36050	0.414824
36100	0.622327
36150	0.437365
36200	0.538779
36250	0.526119
36300	0.448532
36350	0.229812
36400	0.610130
36450	0.630291
36500	0.625794
36550	0.485784
36600	0.900453
36650	0.585045
36700	0.440292
36750	0.599697
36800	0.586019
36850	0.642943
36900	0.722467
36950	0.628005
37000	0.513953
37050	0.599075
37100	0.431136
37150	0.434205
37200	0.481115
37250	0.565515
37300	0.450651
37350	0.601245
37400	0.591136
37450	0.495293
37500	0.605360
37550	0.561417
37600	0.654882
37650	0.509100
37700	0.366013
37750	0.491309
37800	0.674894
37850	0.349228
37900	0.575130
37950	0.375284
38000	0.599138
38050	0.871888
38100	0.436993
38150	0.693776
38200	0.341472
38250	0.175245
38300	0.734517
38350	0.807002
38400	0.692975
38450	0.735416
38500	0.683469
38550	0.789306
38600	0.515005
38650	0.661861
38700	0.464673
38750	0.704033
38800	0.288464
38850	0.398210
38900	0.623996
38950	0.679156
39000	0.625341
39050	0.357337
39100	0.382014
39150	0.582263
39200	0.553419
39250	0.577210
39300	0.817072
39350	0.461953
39400	0.538942
39450	0.681098
39500	0.628585
39550	0.748555
39600	0.587374
39650	0.779709
39700	0.420148
39750	0.581801
39800	0.368235
39850	0.525116
39900	0.593973
39950	0.407158
40000	0.320976
40050	0.717546
40100	0.598851
40150	0.817306
40200	0.461525
40250	0.176797
40300	0.414535
40350	0.500700
40400	0.508489
40450	0.389926
40500	0.637963
40550	0.773873
40600	0.650519
40650	0.444411
40700	0.556070
40750	0.672444
40800	0.427522
40850	0.636827
40900	0.421957
40950	0.618173
41000	0.582355
41050	0.902998
41100	0.682102
41150	0.356151
41200	0.699840
41250	0.808772
41300	0.631586
41350	0.526405
41400	0.747776
41450	0.622701
41500	0.504431
41550	0.806367
41600	0.659511
41650	0.492972
41700	0.571523
41750	0.611319
41800	0.508117
41850	0.393898
41900	0.516027
41950	0.355719
42000	0.336529
42050	0.310302
42100	0.545664
42150	0.602163
42200	0.575796
42250	0.421172
42300	0.332870
42350	0.487212
42400	0.110184
42450	0.605988
42500	0.527366
42550	0.599505
42600	0.739409
42650	0.851795
42700	0.694421
42750	0.642364
42800	0.297043
42850	0.612939
42900	0.545807
42950	0.290110
43000	0.306160
43050	0.678925
43100	0.832058
43150	0.303655
43200	0.454415
43250	0.718337
43300	0.738566
43350	0.533312
43400	0.549640
43450	0.708752
43500	0.678162
43550	0.664592
43600	0.538784
43650	0.431978
43700	0.293018
43750	0.525115
43800	0.311912
43850	0.622297
43900	0.606051
43950	0.431291
44000	0.624833
44050	0.632499
44100	0.463455
44150	0.437420
44200	0.607094
44250	0.516085
44300	0.486282
44350	0.291633
44400	0.577528
44450	0.632351
44500	0.690005
44550	0.471850
44600	0.429769
44650	0.598564
44700	0.642407
44750	0.626521
44800	0.279777
44850	0.429646
44900	0.585239
44950	0.459624
45000	0.226210
45050	0.422593
45100	0.257730
45150	0.265787
45200	0.309958
45250	0.596169
45300	0.421092
45350	0.620008
45400	0.526551
45450	0.637313
45500	0.702019
45550	0.592246
45600	0.619069
45650	0.766547
45700	0.721011
45750	0.650667
45800	0.693811
45850	0.690263
45900	0.721617
45950	0.681629
46000	0.663960
46050	0.586658
46100	0.459844
46150	0.697260
46200	0.669033
46250	0.665617
46300	0.585778
46350	0.348527
46400	0.365334
46450	0.430300
46500	0.899861
46550	0.409469
46600	0.552944
46650	0.436824
46700	0.563858
46750	0.550863
46800	0.333654
46850	0.619398
46900	0.665065
46950	0.247500
47000	0.617861
47050	0.279507
47100	0.240834
47150	0.531899
47200	0.775159
47250	0.441448
47300	0.386613
47350	0.722155
47400	0.351436
47450	0.564847
47500	0.480521
47550	0.602124
47600	0.558712
47650	0.557720
47700	0.581379
47750	0.680569
47800	0.551044
47850	0.651924
47900	0.694276
47950	0.580526
48000	0.300577
48050	0.520553
48100	0.586765
48150	0.681501
48200	0.443509
48250	0.628912
48300	0.692989
48350	0.348513
48400	0.416831
48450	0.407709
48500	0.320931
48550	0.414706
48600	0.388697
48650	0.464357
48700	0.405193
48750	0.420650
48800	0.751205
48850	0.439218
48900	0.424201
48950	0.487960
49000	0.754955
49050	0.370354
49100	0.321691
49150	0.414748
49200	0.557953
49250	0.584786
49300	0.361619
49350	0.489561
49400	0.275341
49450	0.567344
49500	0.594638
49550	0.647328
49600	0.558577
49650	0.638580
49700	0.669389
49750	0.702423
49800	0.437989
49850	0.653645
49900	0.328839
49950	0.462083
50000	0.376227
50050	0.836100
50100	0.428783
50150	0.547386
50200	0.526990
50250	0.536333
50300	0.416491
50350	0.579116
50400	0.644609
50450	0.753668
50500	0.770177
50550	0.381364
50600	0.527266
50650	0.519549
50700	0.452624
50750	0.697301
50800	0.075750
50850	0.407729
50900	0.503921
50950	0.670581
51000	0.717663
51050	0.608897
51100	0.566783
51150	0.652284
51200	0.627925
51250	0.434326
51300	0.490938
51350	0.500448
51400	0.889278
51450	0.567144
51500	0.721469
51550	0.352230
51600	0.480672
51650	0.681587
51700	0.441450
51750	0.327741
51800	0.476501
51850	0.649533
51900	0.227091
51950	0.396709
52000	0.615614
52050	0.349487
52100	0.617044
52150	0.439620
52200	0.495116
52250	0.350601
52300	0.430138
52350	0.380411
52400	0.467450
52450	0.538211
52500	0.583408
52550	0.791735
52600	0.431336
52650	0.579065
52700	0.578634
52750	0.570381
52800	0.396746
52850	0.389345
52900	0.399747
52950	0.665444
53000	0.320138
53050	0.645647
53100	0.766912
53150	0.481616
53200	0.788054
53250	0.573754
53300	0.624275
53350	0.481117
53400	0.491212
53450	0.649091
53500	0.199970
53550	0.542954
53600	0.762192
53650	0.522778
53700	0.537299
53750	0.486553
53800	0.819647
53850	0.525270
53900	0.549308
53950	0.432776
54000	0.510843
54050	0.219110
54100	0.663091
54150	0.287689
54200	0.651215
54250	0.698476
54300	0.500718
54350	0.420250
54400	0.386710
54450	0.567096
54500	0.812098
54550	0.481300
54600	0.555182
54650	0.712399
54700	0.298836
54750	0.605787
54800	0.742174
54850	0.608243
54900	0.401372
54950	0.591389
55000	0.485063
55050	0.569960
55100	0.456966
55150	0.726601
55200	0.467018
55250	0.710583
55300	0.581136
55350	0.612776
55400	0.530394
55450	0.329589
55500	0.477513
55550	0.380006
55600	0.460507
55650	0.532577
55700	0.558301
55750	0.515558
55800	0.387407
55850	0.410110
55900	0.570929
55950	0.664256
56000	0.797454
56050	0.793050
56100	0.294575
56150	0.694050
56200	0.571996
56250	0.605754
56300	0.462217
56350	0.505383
56400	0.819003
56450	0.438923
56500	0.659451
56550	0.694964
56600	0.484002
56650	0.715965
56700	0.459251
56750	0.283373
56800	0.728278
56850	0.483278
56900	0.718324
56950	0.492200
57000	0.483685
57050	0.538726
57100	0.636200
57150	0.624352
57200	0.500159
57250	0.739719
57300	0.342481
57350	0.366866
57400	0.444200
57450	0.140097
57500	0.339382
57550	0.370383
57600	0.184921
57650	0.478165
57700	0.768091
57750	0.458274
57800	0.713576
57850	0.700644
57900	0.367554
57950	0.582736
58000	0.369478
58050	0.441023
58100	0.505094
58150	0.918523
58200	0.476509
58250	0.548547
58300	0.523399
58350	0.417779
58400	0.296380
58450	0.526013
58500	0.402147
58550	0.567493
58600	0.478350
58650	0.493566
58700	0.639214
58750	0.693159
58800	0.370880
58850	0.423630
58900	0.541163
58950	0.161449
59000	0.439287
59050	0.496503
59100	0.536279
59150	0.363432
59200	0.591095
59250	0.483532
59300	0.741161
59350	0.337825
59400	0.583691
59450	0.410097
59500	0.688973
59550	0.303039
59600	0.316696
59650	0.483043
59700	0.814596
59750	0.446591
59800	0.494910
59850	0.675987
59900	0.878925
59950	0.701260
60000	0.714108
60050	0.733737
60100	0.322193
60150	0.527753
60200	0.381388
60250	0.751641
60300	0.450056
60350	0.507386
60400	0.465405
60450	0.547438
60500	0.371392
60550	0.408968
60600	0.587939
60650	0.679862
60700	0.464671
60750	0.533970
60800	0.426996
60850	0.564664
60900	0.700367
60950	0.767825
61000	0.492916
61050	0.569964
61100	0.451428
61150	0.643832
61200	0.598511
61250	0.831255
61300	0.786283
61350	0.384277
61400	0.472564
61450	0.554732
61500	0.306477
61550	0.303887
61600	0.630264
61650	0.649333
61700	0.843806
61750	0.467388
61800	0.521846
61850	0.611601
61900	0.515591
61950	0.425054
62000	0.485171
62050	0.229254
62100	0.436094
62150	0.441756
62200	0.375167
62250	0.231104
62300	0.456571
62350	0.583051
62400	0.164975
62450	0.639018
62500	0.368679
62550	0.421370
62600	0.383478
62650	0.436571
62700	0.492645
62750	0.556303
62800	0.360395
62850	0.490875
62900	0.653984
62950	0.369095
63000	0.570063
63050	0.462009
63100	0.552285
63150	0.577511
63200	0.554879
63250	0.549845
63300	0.749345
63350	0.512146
63400	0.461383
63450	0.321751
63500	0.474298
63550	0.406398
63600	0.507721
63650	0.355101
63700	0.416856
63750	0.700941
63800	0.375577
63850	0.507001
63900	0.516148
63950	0.542023
64000	0.533658
64050	0.347942
64100	0.660943
64150	0.305584
64200	0.542915
64250	0.711011
64300	0.650154
64350	1.002391
64400	0.543395
64450	0.608533
64500	0.390456
64550	0.362729
64600	0.501052
64650	0.758476
64700	0.711840
64750	0.658208
64800	0.410489
64850	0.712828
64900	0.466992
64950	0.483390
65000	0.421776
65050	0.593442
65100	0.771031
65150	0.294050
65200	0.860590
65250	0.584989
65300	0.555789
65350	0.378849
65400	0.668135
65450	0.446324
65500	0.679361
65550	0.657959
65600	0.539311
65650	0.356071
65700	0.442430
65750	0.553180
65800	0.335345
65850	0.696490
65900	0.465575
65950	0.344869
66000	0.646994
66050	0.709140
66100	0.486992
66150	0.373884
66200	0.336397
66250	0.519163
66300	0.506291
66350	0.471551
66400	0.579112
66450	0.476305
66500	0.385664
66550	0.467803
66600	0.182114
66650	0.729156
66700	0.341080
66750	0.523052
66800	0.656681
66850	0.371461
66900	0.767633
66950	0.703888
67000	0.729292
67050	0.510561
67100	0.710854
67150	0.564823
67200	0.265972
67250	0.529590
67300	0.278428
67350	0.594361
67400	0.507422
67450	0.399757
67500	0.534222
67550	0.655806
67600	0.399222
67650	0.765437
67700	0.401546
67750	0.558127
67800	0.551461
67850	0.588792
67900	0.616216
67950	0.388072
68000	0.422402
68050	0.317657
68100	0.440858
68150	0.381656
68200	0.302514
68250	0.682372
68300	0.862403
68350	0.487479
68400	0.592098
68450	0.714746
68500	0.556844
68550	0.698714
68600	0.687892
68650	0.463873
68700	0.538283
68750	0.591246
68800	0.569386
68850	0.599892
68900	0.503796
68950	0.710017
69000	0.515831
69050	0.510229
69100	0.647997
69150	0.736989
69200	0.529427
69250	0.274422
69300	0.558459
69350	0.556748
69400	0.397130
69450	0.666470
69500	0.489762
69550	0.705845
69600	0.684126
69650	0.693640
69700	0.503032
69750	0.281750
69800	0.676703
69850	0.354389
69900	0.529411
69950	0.850748
70000	0.644791
70050	0.952765
70100	0.505321
70150	0.852769
70200	0.622901
70250	0.567645
70300	0.638269
70350	0.639123
70400	0.604763
70450	0.631052
70500	0.660495
70550	0.362834
70600	0.616157
70650	0.388803
70700	0.535613
70750	0.441771
70800	0.603167
70850	0.605642
70900	0.265331
70950	0.555398
71000	0.598625
71050	0.642484
71100	0.468257
71150	0.453567
71200	0.325997
71250	0.590334
71300	0.486154
71350	0.577593
71400	0.572636
71450	0.436129
71500	0.478824
71550	0.414522
71600	0.712777
71650	0.720195
71700	0.551369
71750	0.340963
71800	0.739722
71850	0.543308
71900	0.522349
71950	0.533328
72000	0.756220
72050	0.624400
72100	0.635498
72150	0.373571
72200	0.705493
72250	0.649795
72300	0.477377
72350	0.969464
72400	0.554609
72450	0.666329
72500	0.600825
72550	0.631750
72600	0.606319
72650	0.516332
72700	0.491733
72750	0.842542
72800	0.479216
72850	0.690525
72900	0.429517
72950	0.506197
73000	0.414864
73050	0.495087
73100	0.756721
73150	0.362935
73200	0.682544
73250	0.595164
73300	0.432470
73350	0.687337
73400	0.561327
73450	0.628326
73500	0.407918
73550	0.277083
73600	0.403240
73650	0.217548
73700	0.389745
73750	0.435669
73800	0.635899
73850	0.763873
73900	0.218294
73950	0.364297
74000	0.403067
74050	0.184678
74100	0.456186
74150	0.464857
74200	0.451743
74250	0.195763
74300	0.505635
74350	0.534233
74400	0.559641
74450	0.587167
74500	0.600785
74550	0.705704
74600	0.175577
74650	0.501480
74700	0.765260
74750	0.552578
74800	0.295410
74850	0.770367
74900	0.582198
74950	0.651801
75000	0.673705
75050	0.649118
75100	0.643430
75150	0.336979
75200	0.558019
75250	0.234677
75300	0.616265
75350	0.548354
75400	0.791687
75450	0.422186
75500	0.351182
75550	0.579182
75600	0.292885
75650	0.579408
75700	0.510180
75750	0.515356
75800	0.542788
75850	0.453127
75900	0.643133
75950	0.593275
76000	0.558583
76050	0.610747
76100	0.397145
76150	0.483161
76200	0.603464
76250	0.470693
76300	0.278299
76350	0.762321
76400	0.525686
76450	0.484495
76500	0.533119
76550	0.858960
76600	0.715772
76650	0.590024
76700	0.394061
76750	0.523528
76800	0.731629
76850	0.359305
76900	0.349530
76950	0.764798
77000	0.386829
77050	0.733518
77100	0.612485
77150	0.452909
77200	0.637482
77250	0.655565
77300	0.297696
77350	0.400686
77400	0.563193
77450	0.573338
77500	0.510461
77550	0.701126
77600	0.639558
77650	0.553660
77700	0.289862
77750	0.499404
77800	0.683983
77850	0.537034
77900	0.589140
77950	0.440205
78000	0.600201
78050	0.313108
78100	0.323208
78150	0.542085
78200	0.629020
78250	0.269211
78300	0.471940
78350	0.217386
78400	0.594868
78450	0.627186
78500	0.466135
78550	0.456535
78600	0.415761
78650	0.359753
78700	0.514981
78750	0.594002
78800	0.715670
78850	0.725979
78900	0.556480
78950	0.446027
79000	0.611197
79050	0.264098
79100	0.487178
79150	0.393050
79200	0.561221
79250	0.410186
79300	0.608519
79350	0.712992
79400	0.740097
79450	0.580669
79500	0.773006
79550	0.737618
79600	0.529804
79650	0.616766
79700	0.806400
79750	0.737154
79800	0.826767
79850	0.566327
79900	0.380290
79950	0.664782
80000	0.616220
80050	0.490934
80100	0.512436
80150	0.548699
80200	0.577136
80250	0.604034
80300	0.569803
80350	0.215828
80400	0.356807
80450	0.651940
80500	0.531202
80550	0.388591
80600	0.646465
80650	0.203722
80700	0.596308
80750	0.344876
80800	0.843047
80850	0.509147
80900	0.301235
80950	0.503467
81000	0.353138
81050	0.490287
81100	0.381781
81150	0.464168
81200	0.170561
81250	0.505863
81300	0.463694
81350	0.478416
81400	0.702645
81450	0.311866
81500	0.404862
81550	0.520591
81600	0.645394
81650	0.438654
81700	0.627597
81750	0.606203
81800	0.586104
81850	0.426358
81900	0.585046
81950	0.547858
82000	0.391383
82050	0.722331
82100	0.296400
82150	0.702876
82200	0.673552
82250	0.634037
82300	0.631924
82350	0.675020
82400	0.510065
82450	0.607678
82500	0.664820
82550	0.665409
82600	0.537735
82650	0.212433
82700	0.527325
82750	0.745614
82800	0.354781
82850	0.517355
82900	0.540689
82950	0.456764
83000	0.641870
83050	0.371244
83100	0.465763
83150	0.538301
83200	0.438868
83250	0.755787
83300	0.811041
83350	0.755641
83400	0.757156
83450	0.366464
83500	0.287182
83550	0.311151
83600	0.696964
83650	0.862126
83700	0.508709
83750	0.376162
83800	0.465217
83850	0.567079
83900	0.537511
83950	0.494577
84000	0.676269
84050	0.604444
84100	0.474381
84150	0.716428
84200	0.378444
84250	0.559576
84300	0.581094
84350	0.498396
84400	0.631535
84450	0.830851
84500	0.705177
84550	0.471340
84600	0.549011
84650	0.499398
84700	0.263450
84750	0.761752
84800	0.718270
84850	0.610578
84900	0.569570
84950	0.830344
85000	0.589325
85050	0.412561
85100	0.427097
85150	0.315549
85200	0.618749
85250	0.606869
85300	0.468363
85350	0.497806
85400	0.428296
85450	0.592276
85500	0.629355
85550	0.620148
85600	0.480641
85650	0.658475
85700	0.439171
85750	0.667324
85800	0.552881
85850	0.435656
85900	0.324011
85950	0.642898
86000	0.609188
86050	0.566235
86100	0.450436
86150	0.475077
86200	0.289783
86250	0.546134
86300	0.569979
86350	0.472828
86400	0.705495
86450	0.661183
86500	0.424042
86550	0.385955
86600	0.430507
86650	0.516930
86700	0.381970
86750	0.409526
86800	0.598321
86850	0.636087
86900	0.713616
86950	0.254132
87000	0.414603
87050	0.556557
87100	0.406038
87150	0.574857
87200	0.561248
87250	0.388512
87300	0.460822
87350	0.444909
87400	0.364151
87450	0.490596
87500	0.605816
87550	0.410947
87600	0.611975
87650	0.190672
87700	0.507333
87750	0.836035
87800	0.544650
87850	0.749578
87900	0.382177
87950	0.548721
88000	0.597287
88050	0.540792
88100	0.464594
88150	0.414776
88200	0.522344
88250	0.373273
88300	0.502121
88350	0.359760
88400	0.395733
88450	0.424544
88500	0.547512
88550	0.750501
88600	0.618225
88650	0.313919
88700	0.350045
88750	0.500929
88800	0.695308
88850	0.621884
88900	0.386090
88950	0.501365
89000	0.683660
89050	0.633435
89100	0.810061
89150	0.698853
89200	0.441569
89250	0.564065
89300	0.669190
89350	0.626170
89400	0.475529
89450	0.518188
89500	1.057944
89550	0.523012
89600	0.558849
89650	0.521132
89700	0.576739
89750	0.522835
89800	0.519214
89850	0.312375
89900	0.280921
89950	0.464880
90000	0.561103
90050	0.344123
90100	0.424590
90150	0.620105
90200	0.524795
90250	0.587778
90300	0.642418
90350	0.831986
90400	0.603023
90450	0.514294
90500	0.602506
90550	0.442988
90600	0.767245
90650	0.538352
90700	0.716283
90750	0.578747
90800	0.411245
90850	0.731369
90900	0.348431
90950	0.409949
91000	0.443064
91050	0.481076
91100	0.551201
91150	0.558703
91200	0.526112
91250	0.379256
91300	0.629496
91350	0.294237
91400	0.705796
91450	0.652761
91500	0.642515
91550	0.506033
91600	0.797168
91650	0.620182
91700	0.663363
91750	0.894884
91800	0.311025
91850	0.730611
91900	0.677069
91950	0.433034
92000	0.465833
92050	0.687680
92100	0.648895
92150	0.506357
92200	0.569430
92250	0.623149
92300	0.534641
92350	0.585896
92400	0.433687
92450	0.223495
92500	0.252067
92550	0.710689
92600	0.595494
92650	0.477380
92700	0.279353
92750	0.877411
92800	0.477425
92850	0.555547
92900	0.591484
92950	0.485086
93000	0.688300
93050	0.594609
93100	0.466131
93150	0.445569
93200	0.748538
93250	0.560421
93300	0.553469
93350	0.354185
93400	0.794097
93450	0.578722
93500	1.011035
93550	0.430968
93600	0.834929
93650	0.447098
93700	0.602021
93750	0.724043
93800	0.475279
93850	0.201672
93900	0.585643
93950	0.487097
94000	0.253723
94050	0.860463
94100	0.623957
94150	0.389008
94200	0.468994
94250	0.606437
94300	0.571439
94350	0.182599
94400	0.312143
94450	0.529724
94500	0.489286
94550	0.344097
94600	0.252254
94650	0.787354
94700	0.802062
94750	0.661724
94800	0.573248
94850	0.657290
94900	0.485641
94950	0.378335
95000	0.650517
95050	0.523368
95100	0.479824
95150	0.331541
95200	0.541977
95250	0.639777
95300	0.606809
95350	0.553605
95400	0.573568
95450	0.492284
95500	0.534095
95550	0.579927
95600	0.539425
95650	0.520360
95700	0.514495
95750	0.308662
95800	0.485685
95850	0.646233
95900	0.779888
95950	0.593231
96000	0.422624
96050	0.317600
96100	0.390218
96150	0.487155
96200	0.894799
96250	0.857293
96300	0.279545
96350	0.260900
96400	0.303045
96450	0.453305
96500	0.896928
96550	0.565544
96600	0.439369
96650	0.425628
96700	0.437971
96750	0.433743
96800	0.614572
96850	0.490556
96900	0.457579
96950	0.482609
97000	0.466647
97050	0.677438
97100	0.527658
97150	0.805376
97200	0.355568
97250	0.591216
97300	0.540054
97350	0.493251
97400	0.909344
97450	0.660425
97500	0.597261
97550	0.282608
97600	0.551992
97650	0.480684
97700	0.405984
97750	0.639123
97800	0.678896
97850	0.498111
97900	0.601616
97950	0.488776
98000	0.478843
98050	0.668947
98100	0.721224
98150	0.557192
98200	0.370318
98250	0.396566
98300	0.659057
98350	0.609111
98400	0.767565
98450	0.448180
98500	0.609159
98550	0.806863
98600	0.511047
98650	0.363555
98700	0.727657
98750	0.576211
98800	0.571637
98850	0.500477
98900	0.544279
98950	0.494269
99000	0.403669
99050	0.415729
99100	0.529874
99150	0.606062
99200	0.587251
99250	0.452853
99300	0.458598
99350	0.678450
99400	0.838710
99450	0.621012
99500	0.452166
99550	0.121944
99600	0.510419
99650	0.648984
99700	0.345315
99750	0.667273
99800	0.678144
99850	0.726632
99900	0.847373
99950	0.566306
100000	0.762286
100050	0.610461
100100	0.477502
100150	0.419055
100200	0.394796
100250	0.856698
100300	0.450652
100350	0.588906
100400	0.470326
100450	0.486143
100500	0.441556
100550	0.391754
100600	0.617955
100650	0.496899
100700	0.624397
100750	0.607620
100800	0.929584
100850	0.138149
100900	0.613615
100950	0.629419
101000	0.460712
101050	0.387053
101100	0.570686
101150	0.433102
101200	0.523762
101250	0.374113
101300	0.527015
101350	0.475978
101400	0.642437
101450	0.896691
101500	0.731435
101550	0.428880
101600	0.492554
101650	0.511008
101700	0.257539
101750	0.622370
101800	0.740347
101850	0.597482
101900	0.558183
101950	0.532672
102000	0.534588
102050	0.349033
102100	0.531393
102150	0.636034
102200	0.695138
102250	0.635493
102300	0.864464
102350	0.569775
102400	0.674688
102450	0.578589
102500	0.643969
102550	0.635923
102600	0.864333
102650	0.589205
102700	0.520957
102750	0.529080
102800	0.612705
102850	0.446567
102900	0.408838
102950	1.069458
103000	0.602136
103050	0.536884
103100	0.429228
103150	0.461188
103200	0.503232
103250	0.661748
103300	0.239803
103350	0.474846
103400	0.482905
103450	0.564619
103500	0.488101
103550	0.570283
103600	0.522982
103650	0.459607
103700	0.686669
103750	0.525525
103800	0.871431
103850	0.920327
103900	0.369630
103950	0.545545
104000	0.585349
104050	0.507618
104100	0.525192
104150	0.819352
104200	0.714752
104250	0.696812
104300	0.595405
104350	0.533313
104400	0.434274
104450	0.769857
104500	0.852917
104550	0.826392
104600	0.673552
104650	0.616071
104700	0.773322
104750	0.743782
104800	0.457904
104850	0.563671
104900	0.533327
104950	0.518877
105000	0.476303
105050	0.424306
105100	0.370311
105150	0.546384
105200	0.619272
105250	0.641564
105300	0.694198
105350	0.567425
105400	0.216064
105450	0.527099
105500	0.561389
105550	0.405313
105600	0.719101
105650	0.701346
105700	0.592013
105750	0.695144
105800	0.478617
105850	0.114022
105900	0.630519
105950	0.537158
106000	0.643300
106050	0.598932
106100	0.577242
106150	0.603773
106200	0.601763
106250	0.761512
106300	0.600150
106350	0.645886
106400	0.665717
106450	0.661701
106500	0.425341
106550	0.696066
106600	0.687399
106650	0.730682
106700	0.470355
106750	0.598966
106800	0.749248
106850	0.623365
106900	0.945218
106950	0.740804
107000	0.634266
107050	0.623091
107100	0.706491
107150	0.272768
107200	0.642492
107250	0.761248
107300	0.483179
107350	0.450433
107400	0.617891
107450	0.714837
107500	0.715903
107550	0.486962
107600	0.608261
107650	0.637539
107700	0.572816
107750	0.624618
107800	0.520663
107850	0.564870
107900	0.608258
107950	0.554709
108000	0.481397
108050	0.587269
108100	0.466190
108150	0.527781
108200	0.288074
108250	0.599240
108300	0.731789
108350	0.584911
108400	0.737639
108450	0.506298
108500	0.599714
108550	0.540321
108600	0.281629
108650	0.480502
108700	0.438045
108750	0.631652
108800	0.586916
108850	0.537627
108900	0.627210
108950	0.809693
109000	0.530387
109050	0.732377
109100	0.682564
109150	0.541178
109200	0.441944
109250	0.586592
109300	0.697084
109350	0.744935
109400	0.469981
109450	0.343289
109500	0.484743
109550	0.727157
109600	0.684600
109650	0.832126
109700	0.705814
109750	0.675941
109800	0.493273
109850	0.636842
109900	0.598122
109950	0.713381
110000	0.640029
110050	0.284734
110100	0.270676
110150	0.516797
110200	0.269034
110250	0.508478
110300	0.403936
110350	0.533694
110400	0.591617
110450	0.590371
110500	0.544949
110550	0.538316
110600	0.627707
110650	0.304362
110700	0.584922
110750	0.490960
110800	0.502265
110850	0.651908
110900	0.483127
110950	0.682693
111000	0.369383
111050	0.796060
111100	0.591517
111150	0.494681
111200	0.439277
111250	0.629230
111300	0.775385
111350	0.895549
111400	0.802211
111450	0.533020
111500	0.559167
111550	0.521519
111600	0.368059
111650	0.494083
111700	0.687447
111750	0.399553
111800	0.560925
111850	0.737449
111900	0.578497
111950	0.495214
112000	0.249048
112050	0.520140
112100	0.403341
112150	0.419767
112200	0.456447
112250	0.584003
112300	0.548787
112350	0.908794
112400	0.465749
112450	0.494899
112500	0.482296
112550	0.618911
112600	0.430511
112650	0.343339
112700	0.621687
112750	0.584949
112800	0.577000
112850	0.466335
112900	0.733212
112950	0.543308
113000	0.484764
113050	0.572420
113100	0.438341
113150	0.444009
113200	0.579884
113250	0.498452
113300	0.387809
113350	0.356446
113400	0.593511
113450	0.383805
113500	0.344488
113550	0.359921
113600	0.449174
113650	0.487995
113700	0.814701
113750	0.378746
113800	0.384587
113850	1.149895
113900	0.785487
113950	0.814796
114000	0.489147
114050	0.542330
114100	0.311276
114150	0.977090
114200	0.795830
114250	0.779315
114300	0.528485
114350	0.660442
114400	0.188963
114450	0.631650
114500	0.651021
114550	0.392764
114600	0.849252
114650	0.529143
114700	0.771119
114750	0.837661
114800	0.676137
114850	0.618523
114900	0.535314
114950	0.489872
115000	0.450234
115050	0.741054
115100	0.615094
115150	0.723617
115200	0.398770
115250	0.447698
115300	0.318411
115350	0.847767
115400	0.722148
115450	0.501984
115500	0.492779
115550	0.806443
115600	0.518810
115650	0.446460
115700	0.927913
115750	0.754709
115800	0.655931
115850	0.659300
115900	0.295888
115950	0.569737
116000	0.491959
116050	0.521329
116100	0.789354
116150	0.605038
116200	0.670632
116250	0.448446
116300	0.926610
116350	0.709380
116400	0.912981
116450	0.491042
116500	0.611842
116550	0.550414
116600	0.511890
116650	0.599388
116700	0.669021
116750	0.597165
116800	0.592256
116850	0.703947
116900	0.907872
116950	0.829306
117000	0.090988
117050	0.515037
117100	0.645791
117150	0.823506
117200	0.631259
117250	0.557229
117300	0.212232
117350	0.379835
117400	0.515713
117450	0.611958
117500	0.538225
117550	0.397038
117600	0.465365
117650	0.616449
117700	0.458069
117750	0.639787
117800	0.461348
117850	0.296466
117900	0.642559
117950	0.727023
118000	0.425209
118050	0.731441
118100	0.591234
118150	0.565521
118200	0.634588
118250	0.811141
118300	0.549129
118350	0.557051
118400	0.735349
118450	0.429549
118500	0.598685
118550	0.665238
118600	0.557061
118650	0.605943
118700	0.570423
118750	0.703317
118800	0.626134
118850	0.540121
118900	0.422031
118950	0.461939
119000	0.633336
119050	0.603444
119100	0.509567
119150	0.618405
119200	0.325829
119250	0.777873
119300	0.538640
119350	0.581120
119400	0.491279
119450	0.713904
119500	0.851079
119550	0.583919
119600	0.609523
119650	0.613899
119700	0.575007
119750	0.371613
119800	0.466247
119850	0.343631
119900	0.405990
119950	0.424206
120000	0.418584
120050	0.649555
120100	0.530461
120150	0.591055
120200	0.700106
120250	0.353930
120300	0.728475
120350	0.369632
120400	0.372275
120450	0.612715
120500	0.533562
120550	0.528021
120600	0.370151
120650	0.467395
120700	0.788773
120750	0.480643
120800	0.474320
120850	0.694140
120900	0.427918
120950	0.394464
121000	0.623853
121050	0.497092
121100	0.872972
121150	0.578111
121200	0.452525
121250	0.520236
121300	0.523375
121350	0.537770
121400	0.741306
121450	0.449766
121500	0.585317
121550	0.746522
121600	0.403043
121650	0.652764
121700	0.700312
121750	0.674674
121800	0.656597
121850	0.574233
121900	0.425398
121950	0.425041
122000	0.432114
122050	0.732353
122100	0.416012
122150	0.687593
122200	0.363306
122250	0.579803
122300	0.538118
122350	0.448348
122400	0.647436
122450	0.678369
122500	0.647926
122550	0.587233
122600	0.889133
122650	0.895801
122700	0.553691
122750	0.374704
122800	0.572731
122850	0.791064
122900	0.879105
122950	0.386383
123000	0.604495
123050	0.530691
123100	0.596423
123150	0.429104
123200	0.497734
123250	0.439988
123300	0.410304
123350	0.668200
123400	0.670599
123450	0.635766
123500	0.462356
123550	0.586129
123600	0.432074
123650	0.354636
123700	0.432881
123750	0.532792
123800	0.735724
123850	0.549547
123900	0.553377
123950	0.653053
124000	0.659881
124050	0.583761
124100	0.607077
124150	0.684516
124200	0.713118
124250	0.540237
124300	0.549555
124350	0.423061
124400	0.366649
124450	0.448681
124500	0.370777
124550	0.500715
124600	0.602498
124650	0.470434
124700	0.700793
124750	0.553619
124800	0.421886
124850	0.613051
124900	0.554613
124950	0.844592
125000	0.471481
125050	0.437335
125100	0.520978
125150	0.559972
125200	0.589860
125250	0.635586
125300	0.662026
125350	0.536810
125400	0.546200
125450	0.557426
125500	0.658101
125550	0.390954
125600	0.441424
125650	0.496025
125700	0.609805
125750	0.557736
125800	0.776771
125850	0.140119
125900	0.242400
125950	0.363321
126000	0.812219
126050	0.573312
126100	0.262935
126150	0.192889
126200	0.483279
126250	0.562861
126300	0.337505
126350	0.505982
126400	0.662797
126450	0.619906
126500	0.785713
126550	0.377500
126600	0.280355
126650	0.155206
126700	0.752508
126750	0.187257
126800	0.490902
126850	0.470386
126900	0.635402
126950	0.562144
127000	0.386480
127050	0.199561
127100	0.567469
127150	0.347520
127200	0.347734
127250	0.482166
127300	0.544823
127350	0.529356
127400	0.394161
127450	0.725747
127500	0.619202
127550	0.601026
127600	0.616420
127650	0.352945
127700	0.723853
127750	0.402868
127800	0.546967
127850	0.402809
127900	0.426455
127950	0.647664
128000	0.724331
128050	0.503810
128100	0.442824
128150	0.741823
128200	0.668367
128250	0.709406
128300	0.798258
128350	0.778928
128400	0.680600
128450	0.846346
128500	0.737896
128550	0.732313
128600	0.664079
128650	0.620940
128700	0.574432
128750	0.642624
128800	0.575632
128850	0.249853
128900	0.343687
128950	0.508661
129000	0.605792
129050	0.756534
129100	0.853112
129150	0.457762
129200	0.412265
129250	0.696168
129300	0.663312
129350	0.529623
129400	0.261293
129450	0.417678
129500	0.678878
129550	0.800555
129600	0.594051
129650	0.580936
129700	0.431283
129750	0.605630
129800	0.484196
129850	0.666667
129900	0.498959
129950	0.603302
130000	0.545624
130050	0.624549
130100	0.376693
130150	0.703668
130200	0.713438
130250	0.830193
130300	0.609633
130350	0.676712
130400	0.788589
130450	0.266617
130500	0.753378
130550	0.358044
130600	0.439438
130650	0.620405
130700	0.709906
130750	0.727576
130800	0.455587
130850	0.517572
130900	0.583293
130950	0.327031
131000	0.688005
131050	0.932811
131100	0.740203
131150	0.496811
131200	0.684022
131250	0.521616
131300	0.557858
131350	0.622632
131400	0.596284
131450	0.531357
131500	0.502847
131550	0.462831
131600	0.438522
131650	0.552005
131700	0.816688
131750	0.602373
131800	0.687137
131850	0.511234
131900	0.878530
131950	0.682342
132000	0.339187
132050	0.370522
132100	0.773881
132150	0.476524
132200	0.439889
132250	0.720754
132300	0.661195
132350	0.688631
132400	0.594851
132450	0.330338
132500	0.693950
132550	0.680430
132600	0.863537
132650	0.424720
132700	0.452815
132750	0.307007
132800	0.542262
132850	0.488375
132900	0.496680
132950	0.655208
133000	0.396242
133050	0.536137
133100	0.490112
133150	0.611330
133200	0.533203
133250	0.774503
133300	0.747640
133350	0.789422
133400	0.583423
133450	0.813251
133500	0.452600
133550	0.773725
133600	0.771929
133650	0.583688
133700	0.453736
133750	0.576862
133800	0.780999
133850	0.648220
133900	0.657095
133950	0.327523
134000	0.677219
134050	0.743077
134100	0.536988
134150	0.627273
134200	0.436480
134250	0.393964
134300	0.290532
134350	0.708966
134400	0.630029
134450	0.782206
134500	0.738763
134550	0.501598
134600	0.553310
134650	0.426781
134700	0.595890
134750	0.371059
134800	0.856261
134850	0.636331
134900	0.480589
134950	0.549805
135000	0.553910
135050	0.410767
135100	0.580295
135150	0.473804
135200	0.812030
135250	0.619312
135300	0.714945
135350	0.661857
135400	0.439156
135450	0.874203
135500	0.238713
135550	0.623790
135600	0.777733
135650	0.523436
135700	0.675094
135750	0.645510
135800	0.340573
135850	0.442826
135900	0.539484
135950	0.435627
136000	0.930297
136050	0.528736
136100	0.576107
136150	0.782900
136200	0.612464
136250	0.703454
136300	0.759193
136350	0.784004
136400	0.607123
136450	0.735454
136500	0.496399
136550	0.581733
136600	0.463160
136650	0.520943
136700	0.666457
136750	0.784529
136800	0.616217
136850	0.608456
136900	0.784523
136950	0.600629
137000	0.471857
137050	0.428384
137100	0.639867
137150	0.456993
137200	0.764029
137250	0.465397
137300	0.512101
137350	0.726496
137400	0.531006
137450	0.576073
137500	0.701280
137550	0.849808
137600	0.338977
137650	0.432809
137700	0.551744
137750	0.466375
137800	0.938987
137850	0.479101
137900	0.557868
137950	0.394786
138000	0.482971
138050	0.687108
138100	0.561323
138150	0.553257
138200	0.248330
138250	0.204030
138300	0.593199
138350	0.504723
138400	0.458670
138450	0.391717
138500	0.578064
138550	0.864416
138600	0.372710
138650	0.472959
138700	0.425148
138750	0.645552
138800	0.641574
138850	0.571190
138900	0.637890
138950	0.595644
139000	0.270855
139050	0.624558
139100	0.616677
139150	0.517104
139200	0.072851
139250	0.566239
139300	0.536766
139350	0.383856
139400	0.326083
139450	0.568422
139500	0.202817
139550	0.468598
139600	0.335681
139650	0.410919
139700	0.476329
139750	0.631427
139800	0.636875
139850	0.567203
139900	0.443121
139950	0.376653
140000	0.725865
140050	0.645318
140100	0.496070
140150	0.438527
140200	0.645372
140250	0.543479
140300	0.690128
140350	0.339563
140400	0.553904
140450	0.513226
140500	0.407726
140550	0.728280
140600	0.613377
140650	0.584013
140700	0.484966
140750	0.469901
140800	0.710973
140850	0.579337
140900	0.682373
140950	0.690445
141000	0.650978
141050	0.585667
141100	0.571381
141150	0.754087
141200	0.723922
141250	0.608152
141300	0.654565
141350	0.489851
141400	0.797063
141450	0.652457
141500	0.687851
141550	0.776215
141600	0.630972
141650	0.735254
141700	0.265938
141750	0.137729
141800	0.344001
141850	0.474930
141900	0.629040
141950	0.374908
142000	0.561302
142050	0.559222
142100	0.739254
142150	0.501082
142200	0.444002
142250	0.475548
142300	0.484295
142350	0.559496
142400	0.466279
142450	0.731194
142500	0.341779
142550	0.579930
142600	0.378496
142650	0.633090
142700	0.372436
142750	0.450386
142800	0.638399
142850	0.522608
142900	0.454975
142950	0.447682
143000	0.441869
143050	0.382873
143100	0.598142
143150	0.364798
143200	0.383531
143250	0.286928
143300	0.603433
143350	0.428819
143400	0.613491
143450	0.294266
143500	0.599978
143550	0.422748
143600	0.312973
143650	0.675652
143700	0.859578
143750	0.693284
143800	0.635887
143850	0.662684
143900	0.626373
143950	0.441923
144000	0.627258
144050	0.532618
144100	0.317389
144150	0.497065
144200	0.497903
144250	0.347829
144300	0.561715
144350	0.455882
144400	0.364153
144450	0.406482
144500	0.446636
144550	0.600012
144600	0.522901
144650	0.680861
144700	0.717666
144750	0.384520
144800	0.446099
144850	0.488221
144900	0.568600
144950	0.467086
145000	0.351932
145050	0.821500
145100	0.675662
145150	0.330488
145200	0.444297
145250	0.452992
145300	0.351570
145350	0.494623
145400	0.543173
145450	0.641990
145500	0.510749
145550	0.492525
145600	0.495046
145650	0.389274
145700	0.486290
145750	0.551704
145800	0.901643
145850	0.550270
145900	0.778911
145950	0.408376
146000	0.471822
146050	0.572939
146100	0.314533
146150	0.441912
146200	0.554232
146250	0.515296
146300	0.300130
146350	0.727618
146400	0.669705
146450	0.529633
146500	0.514495
146550	0.458764
146600	0.293250
146650	0.657379
146700	0.481955
146750	0.334513
146800	0.702859
146850	0.535059
146900	0.409292
146950	0.831425
147000	0.499266
147050	0.715710
147100	0.616222
147150	0.504352
147200	0.753055
147250	0.655365
147300	0.672107
147350	0.558505
147400	0.355305
147450	0.660824
147500	0.392880
147550	0.409590
147600	0.513358
147650	0.607100
147700	0.569064
147750	0.590166
147800	0.634685
147850	0.593826
147900	0.467028
147950	0.800683
148000	0.791779
148050	0.683571
148100	0.648547
148150	0.433860
148200	0.585813
148250	0.595063
148300	0.407453
148350	0.364991
148400	0.686264
148450	0.407145
148500	0.411760
148550	0.431065
148600	0.361881
148650	0.481498
148700	0.479977
148750	0.393937
148800	0.342863
148850	0.750210
148900	0.420116
148950	0.376709
149000	0.751491
149050	0.533407
149100	0.576725
149150	0.519386
149200	0.502537
149250	0.618719
149300	0.458388
149350	0.599078
149400	0.358527
149450	0.813405
149500	0.466046
149550	0.566259
149600	0.729009
149650	0.449510
149700	0.594438
149750	0.550631
149800	0.295099
149850	0.295322
149900	0.890467
149950	0.477094
150000	0.254658
150050	0.628850
150100	0.236093
150150	0.525156
150200	0.543993
150250	0.614191
150300	0.235046
150350	0.361623
150400	0.514802
150450	0.580245
150500	0.435873
150550	0.614043
150600	0.539490
150650	0.444383
150700	0.610121
150750	0.522414
150800	0.477617
150850	0.411388
150900	0.488788
150950	0.652505
151000	0.500472
151050	0.767832
151100	0.690732
151150	0.426194
151200	0.634716
151250	0.394157
151300	0.450863
151350	0.732818
151400	0.529085
151450	0.932242
151500	0.395825
151550	0.291984
151600	0.505900
151650	0.667449
151700	0.071932
151750	0.796496
151800	0.595650
151850	0.663377
151900	0.429283
151950	1.072098
152000	0.701695
152050	0.276656
152100	0.667864
152150	0.781087
152200	0.658425
152250	0.479487
152300	0.391004
152350	0.657749
152400	0.725685
152450	0.556771
152500	0.549853
152550	0.677548
152600	0.340305
152650	0.635238
152700	0.739238
152750	0.386839
152800	0.493959
152850	0.488950
152900	0.469017
152950	0.470307
153000	0.693368
153050	0.375709
153100	0.512819
153150	0.464727
153200	0.617776
153250	0.389410
153300	0.519181
153350	0.328681
153400	0.422801
153450	0.415055
153500	0.762904
153550	0.807696
153600	0.741139
153650	0.521811
153700	0.804472
153750	0.549133
153800	0.642014
153850	0.700026
153900	0.503912
153950	0.420918
154000	0.569170
154050	0.511591
154100	0.644223
154150	0.199310
154200	0.341820
154250	0.388616
154300	0.516602
154350	1.012278
154400	0.327192
154450	0.814091
154500	0.631495
154550	0.698168
154600	0.375615
154650	0.665051
154700	0.490537
154750	0.562683
154800	0.660457
154850	0.416649
154900	0.403128
154950	0.540406
155000	0.266532
155050	0.585311
155100	0.482322
155150	0.361832
155200	0.298647
155250	0.418596
155300	0.404597
155350	0.245974
155400	0.847132
155450	0.922040
155500	0.678145
155550	0.403391
155600	0.605535
155650	0.702385
155700	0.339771
155750	0.604451
155800	0.632996
155850	0.915173
155900	0.621143
155950	0.262878
156000	0.336934
156050	0.315540
156100	0.400402
156150	0.347561
156200	0.370930
156250	0.530543
156300	0.755625
156350	0.449794
156400	0.694776
156450	0.606306
156500	0.439941
156550	0.437706
156600	0.630696
156650	0.478360
156700	0.780571
156750	0.641016
156800	0.819464
156850	0.368332
156900	0.462684
156950	0.434720
157000	0.661668
157050	0.548343
157100	0.584226
157150	0.652187
157200	0.492846
157250	0.665720
157300	0.804312
157350	0.853740
157400	0.690564
157450	0.655981
157500	0.650127
157550	0.288902
157600	0.584362
157650	0.726128
157700	0.396021
157750	0.444701
157800	0.714459
157850	0.367753
157900	0.256450
157950	0.589905
158000	0.418479
158050	0.635006
158100	0.857317
158150	0.474199
158200	0.639559
158250	0.371766
158300	0.393802
158350	0.635900
158400	0.432537
158450	0.641253
158500	0.533424
158550	0.711556
158600	0.333602
158650	0.433663
158700	0.770489
158750	0.634879
158800	0.406961
158850	0.564091
158900	0.564152
158950	0.297176
159000	0.660918
159050	0.538686
159100	0.673817
159150	0.585121
159200	0.348524
159250	0.756427
159300	0.515890
159350	0.383080
159400	0.538868
159450	0.676138
159500	0.777005
159550	0.520393
159600	0.692770
159650	0.381728
159700	0.721749
159750	0.473826
159800	0.629684
159850	0.543472
159900	0.285484
159950	0.579925
160000	0.507851
160050	0.589918
160100	0.461482
160150	0.369464
160200	0.673253
160250	0.297240
160300	0.508015
160350	0.583213
160400	0.549499
160450	0.165914
160500	0.447974
160550	0.472110
160600	0.457282
160650	0.531889
160700	0.465725
160750	0.609231
160800	0.506226
160850	0.608999
160900	0.483909
160950	0.600284
161000	0.670263
161050	0.557724
161100	0.592418
161150	0.640267
161200	0.377779
161250	0.606475
161300	0.476820
161350	0.605136
161400	0.725782
161450	0.602890
161500	0.586934
161550	0.503920
161600	0.483879
161650	0.564429
161700	0.623518
161750	0.807159
161800	0.441297
161850	0.908791
161900	0.438840
161950	0.529318
162000	0.576565
162050	0.317465
162100	0.314930
162150	0.442958
162200	0.553535
162250	0.651266
162300	0.958926
162350	0.671283
162400	0.422344
162450	0.361506
162500	0.435362
162550	0.626971
162600	0.461232
162650	0.492129
162700	0.569783
162750	0.250915
162800	0.557955
162850	0.548788
162900	0.196904
162950	0.553794
163000	0.594668
163050	0.634972
163100	0.457298
163150	0.518343
163200	0.284162
163250	0.168842
163300	0.467420
163350	0.377442
163400	0.291695
163450	0.287805
163500	0.360217
163550	0.639542
163600	0.449118
163650	0.384495
163700	0.561780
163750	0.510371
163800	0.597931
163850	0.556947
163900	0.605633
163950	0.802845
164000	0.458427
164050	0.429139
164100	0.599590
164150	0.324318
164200	0.649187
164250	0.443131
164300	0.300249
164350	0.475416
164400	0.520217
164450	0.425342
164500	0.193838
164550	0.545361
164600	0.347094
164650	0.154519
164700	0.485629
164750	0.352713
164800	0.569010
164850	0.191898
164900	0.326417
164950	0.385150
165000	0.456761
165050	0.813950
165100	0.692689
165150	0.508048
165200	0.344079
165250	0.499282
165300	0.509134
165350	0.531305
165400	0.399212
165450	0.474790
165500	0.496546
165550	0.435932
165600	0.396550
165650	0.268270
165700	0.589033
165750	0.387326
165800	0.361336
165850	0.465896
165900	0.656700
165950	0.372644
166000	0.396351
166050	0.672891
166100	0.552040
166150	0.652955
166200	0.175074
166250	0.288251
166300	0.731563
166350	0.671001
166400	0.124019
166450	0.660466
166500	0.434632
166550	0.559763
166600	0.790603
166650	0.399680
166700	0.625074
166750	0.527566
166800	0.471595
166850	0.503063
166900	0.560298
166950	0.568867
167000	0.375343
167050	0.773004
167100	0.616860
167150	0.190858
167200	0.445691
167250	0.529165
167300	0.725323
167350	0.311031
167400	0.668941
167450	0.504760
167500	0.533364
167550	0.651911
167600	0.688322
167650	0.452252
167700	0.298719
167750	0.584322
167800	0.525557
167850	0.555645
167900	0.830544
167950	0.671040
168000	0.676726
168050	0.591978
168100	0.278422
168150	0.761648
168200	0.604473
168250	0.462390
168300	0.692571
168350	0.556366
168400	0.670951
168450	0.456345
168500	0.785962
168550	0.638883
168600	0.603355
168650	0.569792
168700	0.964410
168750	0.578294
168800	0.806753
168850	0.674259
168900	0.510259
168950	0.346381
169000	0.444061
169050	0.333960
169100	0.503422
169150	0.701623
169200	0.643222
169250	0.484758
169300	0.427624
169350	0.763473
169400	0.291358
169450	0.372981
169500	0.332138
169550	0.398736
169600	0.969835
169650	0.540260
169700	0.381124
169750	0.513494
169800	0.412013
169850	0.557018
169900	0.367317
169950	0.521391
170000	0.410144
170050	0.685261
170100	0.654459
170150	0.689610
170200	0.431823
170250	0.227707
170300	0.528298
170350	0.739551
170400	0.734444
170450	0.229091
170500	0.587886
170550	0.558946
170600	0.457125
170650	0.247312
170700	0.568787
170750	0.464473
170800	0.374893
170850	0.618811
170900	0.651165
170950	0.627410
171000	0.389980
171050	0.598559
171100	0.466294
171150	0.547185
171200	0.654456
171250	0.554442
171300	0.458618
171350	0.757800
171400	0.748727
171450	0.511347
171500	0.581351
171550	0.612976
171600	0.559763
171650	0.685711
171700	0.802530
171750	0.723496
171800	0.684246
171850	1.137988
171900	0.799595
171950	0.466865
172000	0.647351
172050	0.503770
172100	0.610695
172150	0.609709
172200	0.538164
172250	0.668522
172300	0.716234
172350	0.591523
172400	0.680769
172450	0.497913
172500	0.493006
172550	0.566777
172600	0.612850
172650	0.616632
172700	0.536105
172750	0.471559
172800	0.779774
172850	0.278140
172900	0.620816
172950	0.630724
173000	0.587427
173050	0.441144
173100	0.795835
173150	0.244730
173200	0.643332
173250	0.393872
173300	0.902210
173350	0.423158
173400	0.305059
173450	0.072712
173500	0.208655
173550	0.344954
173600	0.697451
173650	0.441450
173700	0.462764
173750	0.361589
173800	0.560120
173850	0.608292
173900	0.692719
173950	0.615044
174000	0.376874
174050	0.194261
174100	0.505899
174150	0.443443
174200	0.553113
174250	0.545352
174300	0.663152
174350	0.486063
174400	0.408142
174450	0.169803
174500	0.323187
174550	0.666388
174600	0.609911
174650	0.565937
174700	0.327279
174750	0.401716
174800	0.596754
174850	0.463556
174900	0.554207
174950	0.553833
175000	0.632384
175050	0.608822
175100	0.290109
175150	0.640912
175200	0.550365
175250	0.548893
175300	0.551521
175350	0.312695
175400	0.497806
175450	0.503853
175500	0.402852
175550	0.664777
175600	0.178971
175650	0.428636
175700	0.306691
175750	0.375304
175800	0.262093
175850	0.584860
175900	0.564575
175950	0.663316
176000	0.610665
176050	0.515165
176100	0.475772
176150	0.489252
176200	0.648863
176250	0.435637
176300	0.451635
176350	0.672904
176400	0.403211
176450	0.406044
176500	0.411193
176550	0.394107
176600	0.538019
176650	0.602998
176700	0.587964
176750	0.411979
176800	0.652547
176850	0.601984
176900	0.332499
176950	0.510340
177000	0.580863
177050	0.689950
177100	0.497986
177150	0.414849
177200	0.291253
177250	0.231712
177300	0.533865
177350	0.474935
177400	0.601200
177450	0.514354
177500	0.193068
177550	0.452241
177600	0.276690
177650	0.101369
177700	0.522939
177750	0.471955
177800	0.442576
177850	0.437240
177900	0.311326
177950	0.403513
178000	0.171473
178050	0.547675
178100	0.713220
178150	0.707717
178200	0.423626
178250	0.548014
178300	0.571591
178350	0.423430
178400	0.280042
178450	0.584331
178500	0.371649
178550	0.507863
178600	0.455794
178650	0.784655
178700	0.509973
178750	0.452618
178800	0.469966
178850	0.431227
178900	0.603614
178950	0.636639
179000	0.776900
179050	0.598654
179100	0.681094
179150	0.484912
179200	0.733954
179250	0.493163
179300	0.401139
179350	0.565257
179400	0.544132
179450	0.682343
179500	0.509845
179550	0.711960
179600	0.567302
179650	0.435233
179700	0.495363
179750	0.577564
179800	0.844478
179850	0.699736
179900	0.811611
179950	0.678760
180000	0.476508
180050	0.322490
180100	0.703853
180150	0.363806
180200	0.487548
180250	0.511542
180300	0.544736
180350	0.506302
180400	0.462197
180450	0.402274
180500	0.387576
180550	0.214366
180600	0.643810
180650	0.508965
180700	0.472954
180750	0.498701
180800	0.423158
180850	0.349066
180900	0.646247
180950	0.754256
181000	0.645899
181050	0.384158
181100	0.464240
181150	0.591916
181200	0.941186
181250	0.507085
181300	0.463655
181350	0.627521
181400	0.270409
181450	0.537594
181500	0.552816
181550	0.677338
181600	0.512514
181650	0.308534
181700	0.315007
181750	0.775825
181800	0.495938
181850	0.338390
181900	0.397881
181950	0.391114
182000	0.603553
182050	0.528663
182100	0.409758
182150	0.860077
182200	0.580992
182250	0.540565
182300	0.613754
182350	0.470258
182400	0.613579
182450	0.427893
182500	0.381627
182550	0.770193
182600	0.634669
182650	0.464908
182700	0.763087
182750	0.592061
182800	0.252390
182850	0.626682
182900	0.538089
182950	0.357748
183000	0.689171
183050	0.746060
183100	0.595619
183150	0.748727
183200	0.715141
183250	0.747714
183300	0.477534
183350	0.516195
183400	0.607258
183450	0.460197
183500	0.327072
183550	0.245587
183600	0.684841
183650	0.317115
183700	0.461440
183750	0.587446
183800	0.635209
183850	0.537149
183900	0.460335
183950	0.799703
184000	0.512111
184050	0.636010
184100	0.585865
184150	0.601820
184200	0.898715
184250	0.494598
184300	0.402629
184350	0.628513
184400	0.531489
184450	0.413773
184500	0.620547
184550	0.751101
184600	0.515395
184650	0.443579
184700	0.840804
184750	0.723241
184800	0.545160
184850	0.645703
184900	0.673207
184950	0.545122
185000	0.948693
185050	0.767914
185100	0.729578
185150	0.462581
185200	0.700292
185250	0.458671
185300	0.498945
185350	0.648960
185400	0.368490
185450	0.553363
185500	0.560252
185550	0.707469
185600	0.810929
185650	0.417247
185700	0.290361
185750	0.704539
185800	0.685238
185850	0.631878
185900	1.130086
185950	0.551385
186000	0.470836
186050	0.731396
186100	0.732646
186150	0.702391
186200	0.541090
186250	0.585187
186300	0.455513
186350	0.595219
186400	0.765099
186450	0.424787
186500	0.642111
186550	0.381303
186600	0.834851
186650	0.412046
186700	0.565521
186750	0.757403
186800	0.705190
186850	0.674790
186900	0.522187
186950	0.758140
187000	0.447613
187050	0.636891
187100	0.487491
187150	0.809548
187200	0.775370
187250	0.714571
187300	0.271083
187350	0.407802
187400	0.584860
187450	0.847127
187500	0.667214
187550	0.567753
187600	0.385883
187650	0.522115
187700	0.463732
187750	0.524777
187800	0.498368
187850	0.571076
187900	0.511753
187950	0.396962
188000	0.299244
188050	0.372934
188100	0.495879
188150	0.384124
188200	0.512638
188250	0.457513
188300	0.362825
188350	0.746880
188400	0.635766
188450	0.487211
188500	0.630313
188550	0.661669
188600	0.758922
188650	0.746511
188700	0.804904
188750	0.741250
188800	0.668265
188850	0.754303
188900	0.475171
188950	0.606164
189000	0.591052
189050	0.499954
189100	0.517252
189150	0.755074
189200	0.655677
189250	0.600039
189300	0.426317
189350	0.612209
189400	0.447582
189450	0.293829
189500	0.559222
189550	0.459256
189600	0.343358
189650	0.592313
189700	0.448574
189750	0.508261
189800	0.369927
189850	0.140962
189900	0.390070
189950	0.342886
190000	0.322734
190050	0.687346
190100	0.523006
190150	0.403416
190200	0.607253
190250	0.491994
190300	0.448563
190350	0.419092
190400	0.374338
190450	0.555212
190500	0.329126
190550	0.358937
190600	0.430420
190650	0.314159
190700	0.560887
190750	0.471806
190800	0.424547
190850	0.638031
190900	0.538328
190950	0.454407
191000	0.593491
191050	0.564208
191100	0.623191
191150	0.528171
191200	0.424799
191250	0.425056
191300	0.634909
191350	0.414202
191400	0.583196
191450	0.364575
191500	0.288419
191550	0.394980
191600	0.916481
191650	0.938170
191700	0.473526
191750	0.594610
191800	0.610231
191850	0.664653
191900	0.434707
191950	0.692274
192000	0.213179
192050	0.275375
192100	0.819306
192150	0.603207
192200	0.450886
192250	0.423775
192300	0.692768
192350	0.386973
192400	0.258171
192450	0.252682
192500	0.593139
192550	0.432304
192600	0.374137
192650	0.492663
192700	0.720260
192750	0.609059
192800	0.459591
192850	0.532898
192900	0.079807
192950	0.522383
193000	0.410375
193050	0.455038
193100	0.681434
193150	0.530711
193200	0.718228
193250	0.553358
193300	0.856555
193350	0.642140
193400	0.388333
193450	0.401873
193500	0.336982
193550	0.671818
193600	0.585954
193650	0.826762
193700	0.501887
193750	0.343348
193800	0.736660
193850	0.526077
193900	0.856010
193950	0.425759
194000	0.547594
194050	0.554789
194100	0.460407
194150	0.489623
194200	0.374031
194250	0.357575
194300	0.153602
194350	0.515450
194400	0.621304
194450	0.509970
194500	0.647954
194550	0.490121
194600	0.585390
194650	0.844323
194700	0.629751
194750	0.640855
194800	0.586626
194850	0.182986
194900	0.457410
194950	0.636260
195000	0.702416
195050	0.542274
195100	0.605008
195150	0.799911
195200	0.744772
195250	0.615669
195300	0.548035
195350	0.655422
195400	0.543088
195450	0.693269
195500	0.479211
195550	0.704167
195600	0.279670
195650	0.436363
195700	0.554668
195750	0.249098
195800	0.477821
195850	0.413550
195900	0.430624
195950	0.453761
196000	0.694466
196050	0.440723
196100	0.728076
196150	0.674957
196200	0.705982
196250	0.468032
196300	0.795267
196350	0.238135
196400	0.450252
196450	0.513423
196500	0.487434
196550	0.729133
196600	0.564778
196650	0.507785
196700	0.435014
196750	0.483014
196800	0.512817
196850	0.469943
196900	0.787316
196950	0.331636
197000	0.311520
197050	0.718480
197100	0.489508
197150	0.758029
197200	0.665574
197250	0.438873
197300	0.314999
197350	0.285991
197400	0.099394
197450	0.235000
197500	0.272333
197550	0.744846
197600	0.431047
197650	0.676808
197700	0.526742
197750	0.335286
197800	0.369759
197850	0.352730
197900	0.392290
197950	0.550298
198000	0.595161
198050	0.339048
198100	0.238882
198150	0.353228
198200	0.359922
198250	0.725453
198300	0.438608
198350	0.607532
198400	0.265998
198450	0.736173
198500	0.462695
198550	0.388934
198600	0.177110
198650	0.843322
198700	0.394026
198750	0.562693
198800	0.679214
198850	0.554487
198900	0.455318
198950	0.503960
199000	0.558124
199050	0.453273
199100	0.390707
199150	0.419362
199200	0.670343
199250	0.352176
199300	0.393218
199350	0.256348
199400	0.451214
199450	0.266922
199500	0.237611
199550	0.435599
199600	0.163672
199650	0.463609
199700	0.741456
199750	0.479653
199800	0.489731
199850	0.520229
199900	0.618214
199950	0.468639
