0	44.827371
50	2.112853
100	0.699025
150	0.480973
200	0.297971
250	0.361340
300	0.294887
350	0.185914
400	0.144393
450	0.474551
500	0.202482
550	0.264105
600	0.005950
650	-0.051668
700	0.257374
750	0.202223
800	-0.117369
850	0.142618
900	0.022795
950	-0.006833
1000	-0.157106
1050	0.117156
1100	0.030166
1150	-0.006698
1200	-0.036714
1250	0.176960
1300	0.149700
1350	0.005025
1400	0.005391
1450	-0.117137
1500	0.175207
1550	0.055672
1600	0.007631
1650	0.049351
1700	0.083209
1750	0.531952
1800	0.070095
1850	0.140160
1900	-0.025621
1950	0.346260
2000	0.331292
2050	0.056171
2100	0.080846
2150	0.095141
2200	-0.100675
2250	0.027600
2300	0.029449
2350	-0.139361
2400	-0.065016
2450	-0.000960
2500	-0.193916
2550	-0.134638
2600	-0.026795
2650	0.083052
2700	-0.134339
2750	0.091052
2800	0.021261
2850	0.220294
2900	-0.010576
2950	0.120453
3000	-0.045916
3050	-0.018945
3100	0.108428
3150	0.242567
3200	0.075701
3250	-0.093383
3300	0.184444
3350	0.139139
3400	-0.049662
3450	0.121005
3500	0.194213
3550	0.145436
3600	0.091379
3650	0.087964
3700	0.076436
3750	-0.095021
3800	0.073190
3850	-0.012821
3900	0.045255
3950	0.058672
4000	0.184710
4050	-0.110179
4100	-0.155434
4150	0.274125
4200	0.005033
4250	-0.157071
4300	0.137282
4350	-0.001991
4400	0.134580
4450	0.161647
4500	0.018391
4550	0.126864
4600	0.094980
4650	0.149132
4700	-0.043707
4750	0.091244
4800	0.155378
4850	0.038125
4900	-0.082605
4950	0.267924
5000	-0.073751
5050	0.130038
5100	0.165408
5150	-0.020360
5200	-0.014705
5250	-0.035605
5300	0.002558
5350	0.392881
5400	0.017819
5450	0.138454
5500	-0.159944
5550	0.195084
5600	0.023252
5650	-0.051241
5700	0.123991
5750	-0.017914
5800	-0.006111
5850	-0.183571
5900	-0.112174
5950	-0.005619
6000	0.051748
6050	0.201298
6100	0.117292
6150	0.068715
6200	-0.044407
6250	0.101063
6300	-0.164826
6350	-0.203449
6400	-0.101772
6450	0.168383
6500	-0.059801
6550	-0.105642
6600	0.064968
6650	0.059710
6700	0.178152
6750	0.220033
6800	-0.052921
6850	-0.145558
6900	0.037768
6950	0.049375
7000	0.032351
7050	0.230466
7100	0.187787
7150	0.302783
7200	-0.053057
7250	0.007948
7300	-0.126814
7350	0.127449
7400	-0.154816
7450	0.054857
7500	0.100523
7550	-0.061306
7600	0.060434
7650	-0.163174
7700	0.013659
7750	-0.108091
7800	-0.239157
7850	-0.071078
7900	0.231864
7950	-0.172131
8000	0.146608
8050	0.196316
8100	0.110569
8150	0.077866
8200	0.007156
8250	0.221510
8300	-0.030248
8350	0.082142
8400	0.081628
8450	0.018922
8500	-0.031980
8550	-0.022437
8600	-0.005202
8650	-0.243216
8700	0.042808
8750	0.155956
8800	-0.141312
8850	-0.048480
8900	0.008360
8950	0.016954
9000	0.096227
9050	0.333842
9100	0.177817
9150	0.082355
9200	0.113383
9250	-0.182857
9300	0.112407
9350	-0.047839
9400	0.122847
9450	0.129361
9500	0.167358
9550	-0.054401
9600	0.044652
9650	0.017375
9700	-0.258673
9750	-0.026248
9800	0.017284
9850	0.030144
9900	0.036011
9950	0.034866
10000	0.176933
10050	-0.010714
10100	-0.003521
10150	0.254613
10200	-0.014106
10250	0.411532
10300	0.100019
10350	0.115201
10400	-0.226784
10450	-0.011429
10500	0.022374
10550	0.181831
10600	0.080314
10650	0.115527
10700	0.340934
10750	0.055199
10800	0.127934
10850	-0.005109
10900	0.019710
10950	-0.130676
11000	0.118707
11050	0.143630
11100	0.057414
11150	-0.027990
11200	0.131858
11250	-0.133595
11300	-0.068444
11350	-0.028506
11400	0.103574
11450	0.181996
11500	0.134341
11550	0.039886
11600	0.115789
11650	-0.084952
11700	-0.179527
11750	0.175568
11800	0.032294
11850	0.264916
11900	0.081088
11950	-0.111419
12000	-0.061803
12050	0.304733
12100	-0.037567
12150	-0.161526
12200	0.090825
12250	0.009058
12300	0.119277
12350	0.060081
12400	0.158216
12450	0.003276
12500	0.111870
12550	-0.113602
12600	-0.000996
12650	0.023876
12700	0.054997
12750	0.119466
12800	-0.118448
12850	-0.088306
12900	-0.050615
12950	-0.037479
13000	-0.182878
13050	0.345349
13100	-0.108591
13150	0.045933
13200	0.086723
13250	-0.101097
13300	0.182391
13350	-0.104705
13400	0.154212
13450	0.066977
13500	0.183498
13550	0.202005
13600	-0.064872
13650	0.108886
13700	0.086992
13750	0.002030
13800	-0.154388
13850	0.103833
13900	0.294711
13950	0.028740
14000	-0.096632
14050	0.012355
14100	0.254810
14150	-0.061270
14200	0.248672
14250	0.199584
14300	0.049547
14350	0.022328
14400	0.245281
14450	0.080925
14500	0.220906
14550	0.113337
14600	-0.141016
14650	0.202680
14700	-0.006836
14750	0.144972
14800	0.122560
14850	0.192533
14900	0.142265
14950	-0.049852
15000	0.119337
15050	0.198819
15100	0.306534
15150	0.060121
15200	0.238122
15250	-0.207482
15300	-0.072871
15350	0.007906
15400	0.522650
15450	-0.058551
15500	0.263902
15550	-0.133404
15600	-0.209480
15650	-0.066556
15700	-0.117237
15750	-0.144551
15800	0.185598
15850	0.174394
15900	0.314366
15950	-0.028031
16000	0.035016
16050	-0.095339
16100	0.061306
16150	0.057467
16200	0.050760
16250	0.014980
16300	0.045868
16350	0.052766
16400	0.002790
16450	0.142433
16500	0.076925
16550	0.026667
16600	-0.129153
16650	0.245604
16700	-0.021949
16750	-0.031741
16800	-0.100162
16850	-0.069506
16900	-0.072272
16950	0.024967
17000	0.095428
17050	0.068935
17100	0.181073
17150	0.046183
17200	-0.046982
17250	0.145840
17300	0.045544
17350	0.070143
17400	0.289514
17450	-0.128589
17500	0.276096
17550	0.096064
17600	-0.015555
17650	-0.082503
17700	-0.053537
17750	0.216984
17800	0.065729
17850	0.387400
17900	0.220939
17950	0.095307
18000	0.018592
18050	0.152923
18100	0.101348
18150	-0.142942
18200	0.114059
18250	0.176545
18300	0.107109
18350	0.202822
18400	0.265031
18450	0.129257
18500	0.238580
18550	0.057595
18600	-0.042206
18650	0.053251
18700	0.077004
18750	-0.000750
18800	0.162926
18850	-0.067928
18900	-0.266620
18950	-0.175028
19000	-0.021218
19050	-0.048892
19100	-0.008761
19150	-0.168005
19200	-0.027537
19250	0.153561
19300	0.158967
19350	-0.056807
19400	0.283388
19450	0.010279
19500	-0.078597
19550	-0.088348
19600	0.126069
19650	-0.032826
19700	-0.018017
19750	0.189208
19800	0.103801
19850	-0.043653
19900	-0.052728
19950	0.233149
20000	0.102902
20050	-0.207813
20100	-0.038273
20150	-0.051701
20200	-0.004342
20250	0.169182
20300	0.041957
20350	0.057585
20400	0.201589
20450	-0.057288
20500	0.100500
20550	0.037285
20600	0.143672
20650	0.079494
20700	-0.037288
20750	-0.004869
20800	-0.271960
20850	0.187317
20900	0.260087
20950	0.106865
21000	-0.021421
21050	-0.000277
21100	0.016355
21150	-0.144496
21200	-0.055214
21250	-0.029103
21300	-0.086853
21350	-0.022929
21400	-0.041886
21450	0.066126
21500	0.082262
21550	0.012285
21600	0.139305
21650	0.126359
21700	-0.025267
21750	-0.135351
21800	0.048004
21850	0.090443
21900	-0.054341
21950	0.076883
22000	-0.071950
22050	0.251868
22100	-0.047241
22150	0.213849
22200	0.070285
22250	0.037776
22300	0.192896
22350	-0.020614
22400	0.157842
22450	-0.056856
22500	0.003703
22550	0.037591
22600	-0.046376
22650	0.033786
22700	0.074137
22750	0.150187
22800	-0.098980
22850	0.047537
22900	0.079883
22950	0.026767
23000	-0.080539
23050	-0.167693
23100	-0.140006
23150	-0.033243
23200	0.052941
23250	0.119612
23300	0.002807
23350	0.018404
23400	0.298678
23450	0.128363
23500	-0.010111
23550	-0.265783
23600	0.023207
23650	-0.055515
23700	-0.003094
23750	-0.107181
23800	-0.138579
23850	0.012912
23900	0.013928
23950	0.146154
24000	0.184356
24050	0.174518
24100	0.131359
24150	0.074664
24200	-0.032616
24250	0.023705
24300	0.099694
24350	0.043440
24400	0.017590
24450	-0.017156
24500	0.002240
24550	0.213601
24600	0.212066
24650	0.059904
24700	0.117965
24750	0.175184
24800	0.100116
24850	0.009855
24900	0.124004
24950	0.087332
25000	-0.018848
25050	0.025148
25100	0.218586
25150	-0.063700
25200	0.047552
25250	0.151463
25300	0.097077
25350	0.106422
25400	0.011884
25450	0.199237
25500	-0.102645
25550	0.112715
25600	-0.102568
25650	0.002914
25700	0.304253
25750	-0.017863
25800	-0.078026
25850	-0.089321
25900	0.133701
25950	0.027778
26000	0.101187
26050	0.111843
26100	0.326045
26150	-0.042815
26200	0.129691
26250	0.225280
26300	0.019045
26350	-0.113763
26400	0.103976
26450	0.233659
26500	0.050653
26550	0.045908
26600	-0.057026
26650	0.158541
26700	0.108404
26750	0.018243
26800	0.092555
26850	0.207787
26900	-0.160762
26950	-0.044743
27000	-0.059872
27050	0.098351
27100	0.021154
27150	0.066549
27200	-0.134152
27250	-0.073959
27300	0.030399
27350	0.024486
27400	-0.017332
27450	0.046474
27500	-0.182635
27550	-0.109960
27600	-0.088132
27650	0.129953
27700	0.051752
27750	0.030401
27800	0.177665
27850	0.242481
27900	0.029326
27950	-0.033233
28000	-0.014119
28050	-0.079532
28100	0.128402
28150	-0.030416
28200	0.067385
28250	0.171588
28300	0.083106
28350	0.050276
28400	-0.137031
28450	-0.242376
28500	-0.070560
28550	0.153302
28600	0.009041
28650	0.196656
28700	0.023710
28750	-0.116022
28800	0.190353
28850	0.356158
28900	-0.039358
28950	0.137313
29000	-0.027375
29050	0.145129
29100	-0.138054
29150	-0.192052
29200	-0.145424
29250	0.200894
29300	0.048597
29350	0.072920
29400	-0.035453
29450	0.044933
29500	0.061740
29550	0.043249
29600	0.080998
29650	0.211994
29700	0.185878
29750	0.038900
29800	-0.129245
29850	0.158935
29900	-0.084944
29950	0.015009
30000	0.136702
30050	-0.098622
30100	0.165353
30150	0.166313
30200	0.176053
30250	0.201770
30300	0.043062
30350	0.113239
30400	-0.009837
30450	-0.079725
30500	0.002840
30550	0.057534
30600	0.028532
30650	-0.208319
30700	-0.225485
30750	-0.185188
30800	-0.119726
30850	0.048436
30900	0.121305
30950	0.194790
31000	0.051241
31050	0.005551
31100	0.146852
31150	0.069541
31200	0.133417
31250	0.170126
31300	-0.007741
31350	-0.073015
31400	0.180323
31450	0.087394
31500	0.283475
31550	0.106422
31600	0.039681
31650	-0.072442
31700	0.128810
31750	0.137813
31800	0.085442
31850	-0.121462
31900	0.001591
31950	-0.030236
32000	0.206423
32050	0.087155
32100	0.186860
32150	0.228188
32200	0.087966
32250	0.001561
32300	0.117489
32350	0.187838
32400	-0.116229
32450	0.179024
32500	0.194109
32550	0.105481
32600	0.085715
32650	0.051582
32700	-0.181241
32750	0.025078
32800	0.121321
32850	0.062504
32900	0.172207
32950	0.238961
33000	0.171981
33050	0.050497
33100	0.104013
33150	0.065606
33200	0.057914
33250	0.036353
33300	0.043990
33350	0.163055
33400	-0.130507
33450	0.055977
33500	0.000577
33550	-0.075273
33600	0.161524
33650	0.174497
33700	0.086227
33750	0.117711
33800	-0.061009
33850	0.032158
33900	-0.126740
33950	0.182466
34000	0.086560
34050	0.193274
34100	0.175614
34150	0.079615
34200	-0.157929
34250	-0.117978
34300	0.054867
34350	-0.192393
34400	-0.207408
34450	0.212153
34500	0.082985
34550	-0.181776
34600	0.025112
34650	-0.029824
34700	-0.007620
34750	0.024257
34800	0.143622
34850	0.044053
34900	0.029535
34950	0.169182
35000	-0.172444
35050	0.014016
35100	-0.057332
35150	0.103996
35200	-0.035755
35250	-0.062023
35300	0.015138
35350	0.033118
35400	0.227487
35450	-0.032052
35500	0.022644
35550	0.102468
35600	0.154720
35650	-0.040472
35700	0.077543
35750	0.142441
35800	-0.140407
35850	-0.068457
35900	0.366393
35950	0.117525
36000	0.038209
36050	0.071175
36100	-0.024713
36150	-0.208456
36200	-0.286475
36250	0.072822
36300	0.002974
36350	0.002618
36400	0.001085
36450	-0.018332
36500	0.055149
36550	0.265836
36600	-0.017510
36650	0.190186
36700	0.101717
36750	0.121795
36800	0.207684
36850	0.356743
36900	0.043854
36950	0.089794
37000	0.038183
37050	0.055661
37100	0.043946
37150	-0.006460
37200	-0.040228
37250	0.188603
37300	0.203241
37350	0.327139
37400	0.107370
37450	0.077714
37500	-0.181645
37550	0.187540
37600	0.166372
37650	-0.286546
37700	-0.074930
37750	-0.067460
37800	-0.004206
37850	0.144823
37900	0.048764
37950	0.079318
38000	0.115704
38050	0.012689
38100	0.187915
38150	0.074549
38200	-0.003016
38250	0.286092
38300	-0.065403
38350	0.067124
38400	0.247556
38450	0.089547
38500	0.288632
38550	0.053142
38600	0.063146
38650	-0.135647
38700	0.140774
38750	-0.031804
38800	0.081937
38850	-0.174510
38900	-0.302341
38950	-0.161394
39000	-0.143738
39050	-0.006014
39100	-0.153766
39150	-0.114694
39200	-0.043413
39250	0.011271
39300	-0.088961
39350	-0.001684
39400	0.205279
39450	0.301618
39500	0.129863
39550	0.004588
39600	-0.224294
39650	-0.032313
39700	0.108224
39750	-0.047283
39800	0.232470
39850	0.115559
39900	-0.052085
39950	0.050483
40000	0.054092
40050	-0.080564
40100	0.049696
40150	0.122452
40200	0.168579
40250	-0.003847
40300	-0.001482
40350	0.213259
40400	0.212511
40450	0.005958
40500	0.468232
40550	0.217736
40600	0.046726
40650	0.126923
40700	-0.213377
40750	-0.011921
40800	0.226441
40850	-0.115320
40900	-0.011705
40950	0.208899
41000	0.162887
41050	0.047949
41100	-0.049875
41150	0.090490
41200	0.157816
41250	0.035936
41300	0.238538
41350	0.170220
41400	0.027511
41450	-0.053115
41500	-0.009803
41550	0.102937
41600	0.173807
41650	0.146356
41700	-0.047704
41750	-0.154709
41800	0.037581
41850	0.015761
41900	-0.189239
41950	-0.013203
42000	-0.012578
42050	0.177130
42100	-0.151085
42150	0.098331
42200	0.132269
42250	-0.121155
42300	-0.011042
42350	-0.065715
42400	0.024145
42450	-0.039394
42500	0.105366
42550	0.150611
42600	-0.013951
42650	0.003565
42700	0.116098
42750	0.027223
42800	-0.172533
42850	-0.021079
42900	-0.182583
42950	0.181686
43000	0.090803
43050	0.095319
43100	0.028149
43150	0.146375
43200	0.264730
43250	0.095308
43300	-0.015392
43350	0.002431
43400	0.047153
43450	0.078779
43500	-0.142817
43550	0.002842
43600	0.083175
43650	0.084495
43700	-0.261061
43750	-0.085400
43800	0.255655
43850	0.108839
43900	0.110392
43950	0.089061
44000	0.141495
44050	0.101580
44100	0.087518
44150	0.070342
44200	0.303278
44250	-0.099651
44300	-0.069694
44350	0.041022
44400	0.226432
44450	-0.105995
44500	0.205846
44550	-0.043026
44600	-0.029324
44650	0.073202
44700	0.131182
44750	-0.047745
44800	-0.168475
44850	-0.007841
44900	0.130411
44950	0.122055
45000	0.024746
45050	-0.017987
45100	-0.006262
45150	0.124946
45200	0.017615
45250	-0.008360
45300	0.024248
45350	-0.111893
45400	0.187258
45450	-0.060452
45500	0.031003
45550	-0.129749
45600	0.034612
45650	0.348451
45700	0.102587
45750	0.162422
45800	-0.101967
45850	0.001952
45900	-0.056109
45950	0.037104
46000	0.113042
46050	0.136570
46100	0.147940
46150	-0.039766
46200	0.028161
46250	0.097866
46300	0.003220
46350	0.048006
46400	0.197798
46450	-0.123131
46500	-0.141340
46550	-0.078725
46600	0.228380
46650	0.194931
46700	0.021183
46750	0.081442
46800	-0.258726
46850	0.034082
46900	0.098202
46950	-0.005795
47000	0.091712
47050	0.091176
47100	0.265201
47150	0.012493
47200	-0.171968
47250	-0.210981
47300	-0.052777
47350	0.057577
47400	-0.005623
47450	-0.002144
47500	-0.193079
47550	-0.016859
47600	-0.161347
47650	-0.212976
47700	0.099746
47750	-0.249453
47800	-0.036927
47850	-0.042836
47900	-0.033663
47950	0.004309
48000	-0.065025
48050	0.072657
48100	-0.094526
48150	-0.040950
48200	0.066881
48250	-0.124409
48300	-0.166887
48350	-0.075251
48400	-0.212770
48450	0.225771
48500	-0.295978
48550	0.100097
48600	0.084842
48650	-0.119747
48700	-0.219923
48750	0.039893
48800	0.127680
48850	0.023950
48900	-0.183970
48950	-0.010197
49000	-0.178347
49050	-0.159506
49100	-0.086072
49150	-0.080612
49200	-0.203591
49250	-0.059812
49300	0.230901
49350	0.005266
49400	0.053215
49450	-0.181180
49500	0.066571
49550	-0.099810
49600	-0.007783
49650	0.167606
49700	0.006095
49750	0.036504
49800	-0.091170
49850	-0.094291
49900	0.017506
49950	-0.102836
50000	-0.176982
50050	-0.121278
50100	0.155795
50150	0.037618
50200	0.121856
50250	0.250380
50300	-0.016509
50350	-0.170453
50400	0.153884
50450	0.211471
50500	-0.204818
50550	0.089623
50600	-0.031011
50650	-0.205036
50700	-0.119669
50750	0.153319
50800	0.167559
50850	-0.013590
50900	-0.064200
50950	0.072503
51000	-0.013249
51050	-0.038201
51100	0.113143
51150	0.051993
51200	-0.017694
51250	0.196684
51300	0.234581
51350	0.447271
51400	-0.216679
51450	0.005711
51500	-0.145145
51550	-0.023676
51600	-0.076466
51650	-0.213375
51700	-0.070877
51750	-0.031647
51800	0.205468
51850	-0.143386
51900	-0.178395
51950	0.000985
52000	-0.033794
52050	-0.036932
52100	-0.247820
52150	-0.180100
52200	-0.038231
52250	-0.085300
52300	0.095517
52350	0.077963
52400	0.220034
52450	0.210091
52500	0.009543
52550	0.137197
52600	0.134598
52650	-0.033695
52700	-0.196755
52750	-0.071548
52800	-0.101002
52850	0.071175
52900	-0.030565
52950	-0.161801
53000	-0.001182
53050	0.083805
53100	0.252532
53150	0.180924
53200	-0.014828
53250	-0.121064
53300	0.146056
53350	0.056292
53400	0.105963
53450	-0.072035
53500	-0.066876
53550	-0.014593
53600	-0.010424
53650	-0.135729
53700	0.192702
53750	-0.149754
53800	-0.312674
53850	-0.084501
53900	-0.111370
53950	0.093017
54000	-0.030550
54050	-0.042884
54100	0.058544
54150	0.037020
54200	-0.003544
54250	0.104488
54300	-0.104930
54350	-0.138338
54400	-0.090595
54450	0.270683
54500	0.076779
54550	-0.223178
54600	0.254436
54650	-0.006685
54700	-0.079245
54750	-0.027759
54800	-0.107347
54850	0.030988
54900	0.161063
54950	0.162534
55000	-0.026042
55050	0.089581
55100	0.115105
55150	0.007928
55200	0.108220
55250	0.199887
55300	-0.028380
55350	-0.076531
55400	0.062035
55450	0.129072
55500	-0.120316
55550	0.315991
55600	-0.014615
55650	0.202537
55700	0.289393
55750	0.025551
55800	0.043806
55850	0.036823
55900	-0.065436
55950	-0.126039
56000	0.108890
56050	-0.200902
56100	0.058504
56150	0.071963
56200	0.052457
56250	0.244907
56300	-0.155869
56350	-0.097913
56400	-0.175774
56450	-0.027808
56500	0.068967
56550	-0.061554
56600	-0.075583
56650	-0.175539
56700	0.033488
56750	-0.162110
56800	-0.263174
56850	-0.125735
56900	-0.016141
56950	-0.155680
57000	0.061933
57050	0.032352
57100	0.008035
57150	-0.126280
57200	-0.024669
57250	0.053450
57300	0.185998
57350	0.045854
57400	-0.077670
57450	0.180389
57500	-0.037283
57550	-0.112303
57600	0.144347
57650	-0.117209
57700	-0.143828
57750	0.057964
57800	0.209526
57850	0.129469
57900	-0.210476
57950	-0.145453
58000	-0.127617
58050	0.107073
58100	-0.065666
58150	0.064785
58200	0.136176
58250	-0.037228
58300	0.009725
58350	0.138234
58400	0.199970
58450	0.048120
58500	-0.121084
58550	0.152330
58600	-0.063601
58650	0.198886
58700	0.243008
58750	0.164442
58800	0.084008
58850	0.332858
58900	0.142188
58950	0.049414
59000	-0.083422
59050	-0.079206
59100	-0.048325
59150	-0.112625
59200	0.059284
59250	-0.097627
59300	-0.137773
59350	0.172588
59400	0.002399
59450	0.283826
59500	0.252799
59550	0.376206
59600	-0.020319
59650	0.191345
59700	0.114222
59750	0.142621
59800	-0.041493
59850	0.113307
59900	-0.085965
59950	0.011856
60000	-0.329045
60050	-0.017414
60100	-0.059171
60150	-0.245143
60200	-0.065068
60250	-0.269952
60300	0.107501
60350	0.213193
60400	0.103639
60450	-0.165137
60500	-0.155965
60550	-0.075260
60600	-0.050422
60650	-0.043762
60700	-0.151128
60750	0.053190
60800	0.072643
60850	-0.155033
60900	0.011109
60950	0.078165
61000	-0.049530
61050	0.087248
61100	0.110912
61150	0.063774
61200	0.104496
61250	0.062761
61300	0.087519
61350	-0.007646
61400	-0.119924
61450	0.102706
61500	-0.030040
61550	-0.050890
61600	0.105959
61650	-0.153444
61700	-0.005798
61750	-0.016236
61800	0.041451
61850	0.128523
61900	-0.184575
61950	0.118865
62000	0.136198
62050	0.222490
62100	-0.083299
62150	-0.114020
62200	0.101510
62250	0.080115
62300	0.352916
62350	0.135262
62400	0.290427
62450	-0.180044
62500	0.232507
62550	0.210659
62600	0.247946
62650	0.234968
62700	-0.059469
62750	-0.048526
62800	0.025790
62850	-0.165883
62900	-0.112050
62950	0.119085
63000	0.311518
63050	-0.020142
63100	-0.134588
63150	-0.130956
63200	0.131311
63250	-0.225715
63300	-0.193483
63350	0.052994
63400	0.120214
63450	-0.105751
63500	-0.009715
63550	-0.054480
63600	-0.028904
63650	-0.018001
63700	0.071249
63750	-0.091419
63800	-0.104395
63850	-0.143892
63900	-0.113181
63950	0.178018
64000	0.064534
64050	0.083665
64100	-0.060209
64150	0.066476
64200	-0.180231
64250	-0.081167
64300	0.074552
64350	-0.126027
64400	0.196596
64450	0.191061
64500	0.213957
64550	0.089384
64600	0.153854
64650	-0.001749
64700	0.077797
64750	-0.113478
64800	-0.105068
64850	0.116570
64900	0.145010
64950	0.145996
65000	0.020492
65050	0.072288
65100	-0.131306
65150	0.040321
65200	-0.142001
65250	-0.003379
65300	-0.016676
65350	0.183118
65400	-0.064993
65450	-0.010743
65500	-0.185605
65550	0.162484
65600	-0.005416
65650	0.029928
65700	0.183623
65750	0.000260
65800	0.041095
65850	0.053317
65900	0.052271
65950	-0.072642
66000	0.118886
66050	0.011745
66100	0.107084
66150	0.033768
66200	0.136499
66250	0.082856
66300	-0.119472
66350	0.050894
66400	0.408459
66450	0.165026
66500	0.068634
66550	0.048079
66600	-0.020363
66650	0.179999
66700	0.238975
66750	-0.099405
66800	0.020213
66850	0.037529
66900	-0.143757
66950	-0.147554
67000	-0.062936
67050	0.041063
67100	0.224249
67150	0.121884
67200	-0.177205
67250	0.087485
67300	0.015439
67350	0.130931
67400	0.053394
67450	-0.241841
67500	-0.064604
67550	-0.088827
67600	0.162494
67650	-0.068114
67700	-0.002566
67750	0.072240
67800	0.062468
67850	-0.069362
67900	0.127726
67950	0.092977
68000	-0.016574
68050	-0.142831
68100	0.057296
68150	0.048722
68200	-0.049922
68250	0.058011
68300	-0.080143
68350	0.123329
68400	-0.020466
68450	0.353837
68500	-0.257416
68550	-0.133222
68600	0.220377
68650	-0.023151
68700	-0.019746
68750	0.100584
68800	-0.004892
68850	-0.112983
68900	0.201115
68950	-0.021591
69000	-0.227019
69050	0.027489
69100	0.225450
69150	0.095611
69200	-0.019235
69250	-0.057092
69300	-0.152373
69350	0.177099
69400	0.032784
69450	-0.125283
69500	0.051441
69550	-0.193083
69600	-0.142714
69650	-0.182375
69700	0.056995
69750	0.001831
69800	-0.002699
69850	-0.090466
69900	0.085154
69950	-0.021472
70000	-0.071267
70050	-0.138791
70100	-0.047458
70150	-0.109210
70200	-0.079596
70250	-0.026339
70300	0.025547
70350	-0.010927
70400	0.067078
70450	0.056171
70500	-0.091969
70550	0.142531
70600	0.074527
70650	0.007416
70700	0.149137
70750	-0.062133
70800	-0.124983
70850	-0.034464
70900	0.085435
70950	-0.052402
71000	0.018050
71050	-0.073929
71100	0.049011
71150	-0.097105
71200	-0.130238
71250	0.108471
71300	0.269144
71350	0.171076
71400	0.027068
71450	0.011997
71500	-0.244376
71550	-0.094527
71600	0.162379
71650	-0.054579
71700	-0.197757
71750	-0.222575
71800	-0.074566
71850	-0.096094
71900	-0.197004
71950	0.063334
72000	0.204459
72050	0.009686
72100	-0.321547
72150	0.043822
72200	-0.028412
72250	0.200254
72300	-0.109334
72350	-0.029825
72400	-0.052587
72450	0.196599
72500	-0.003878
72550	0.056532
72600	-0.238476
72650	0.006588
72700	-0.248178
72750	0.299599
72800	0.232910
72850	-0.054888
72900	-0.247821
72950	0.031074
73000	-0.075114
73050	0.081564
73100	0.158871
73150	0.145840
73200	0.025291
73250	0.175380
73300	0.033388
73350	0.112243
73400	-0.128430
73450	-0.139163
73500	0.301348
73550	0.119108
73600	0.044453
73650	-0.146995
73700	-0.000283
73750	-0.014502
73800	-0.084329
73850	-0.030296
73900	0.022852
73950	0.106379
74000	-0.124989
74050	0.033323
74100	0.130687
74150	-0.175106
74200	0.074271
74250	0.128881
74300	-0.087315
74350	0.087945
74400	0.055949
74450	0.220076
74500	0.073068
74550	0.040988
74600	0.246484
74650	0.038916
74700	0.264484
74750	-0.055804
74800	-0.254590
74850	0.073110
74900	0.050885
74950	-0.159148
75000	-0.130645
75050	-0.064244
75100	-0.075679
75150	0.060573
75200	0.198274
75250	0.170831
75300	0.090463
75350	0.128484
75400	0.110589
75450	0.037560
75500	0.219828
75550	0.077028
75600	0.258078
75650	0.277359
75700	0.107015
75750	0.115441
75800	0.271915
75850	-0.073649
75900	0.060130
75950	0.092445
76000	-0.234952
76050	0.248021
76100	0.143279
76150	-0.027922
76200	0.256984
76250	0.267721
76300	0.114186
76350	0.085949
76400	-0.309052
76450	-0.125633
76500	-0.200283
76550	-0.145054
76600	-0.090955
76650	-0.216421
76700	-0.190174
76750	-0.094466
76800	0.110520
76850	-0.053590
76900	-0.047869
76950	-0.043550
77000	0.110074
77050	0.048534
77100	0.149347
77150	0.057220
77200	-0.286035
77250	0.108284
77300	-0.033114
77350	0.189853
77400	0.139185
77450	0.050409
77500	0.002516
77550	0.007598
77600	0.208572
77650	0.139585
77700	0.011366
77750	-0.039684
77800	0.047321
77850	-0.033642
77900	0.067149
77950	-0.061309
78000	-0.220515
78050	0.258082
78100	0.250028
78150	0.268825
78200	0.198226
78250	0.072425
78300	0.123408
78350	0.164076
78400	0.001445
78450	0.019982
78500	0.000088
78550	-0.038614
78600	-0.029878
78650	-0.241478
78700	-0.121198
78750	0.286968
78800	-0.005278
78850	0.046290
78900	0.136567
78950	-0.089900
79000	-0.024945
79050	0.221773
79100	0.143546
79150	0.005529
79200	0.242590
79250	-0.007327
79300	-0.108516
79350	0.026109
79400	0.204193
79450	0.162565
79500	-0.078681
79550	-0.034650
79600	0.115977
79650	0.107595
79700	-0.068339
79750	-0.065505
79800	-0.027626
79850	0.144210
79900	0.200364
79950	-0.040901
80000	-0.059123
80050	-0.095260
80100	0.020708
80150	0.105135
80200	0.352264
80250	0.085634
80300	0.279756
80350	0.066671
80400	-0.083837
80450	0.030136
80500	0.042907
80550	0.094983
80600	-0.145553
80650	0.201143
80700	0.166564
80750	-0.046621
80800	-0.233337
80850	-0.005676
80900	0.204415
80950	0.199326
81000	0.021264
81050	-0.034666
81100	-0.070849
81150	-0.065121
81200	-0.170713
81250	-0.005444
81300	-0.078455
81350	-0.143617
81400	-0.209741
81450	-0.069067
81500	0.113702
81550	0.285452
81600	-0.067375
81650	-0.085574
81700	-0.156336
81750	0.052278
81800	0.161041
81850	0.017286
81900	0.033473
81950	0.119721
82000	0.125114
82050	-0.293821
82100	-0.128226
82150	-0.114855
82200	0.159463
82250	0.245990
82300	-0.001559
82350	-0.051047
82400	-0.057783
82450	-0.129861
82500	0.032844
82550	0.135106
82600	-0.014960
82650	-0.177454
82700	0.118922
82750	-0.167336
82800	0.065918
82850	-0.116615
82900	0.131536
82950	0.060653
83000	-0.045832
83050	0.087183
83100	0.046033
83150	-0.105449
83200	-0.119191
83250	0.211188
83300	-0.043781
83350	-0.160331
83400	0.145315
83450	0.016647
83500	-0.027679
83550	-0.022576
83600	0.116324
83650	0.073245
83700	0.038505
83750	0.167928
83800	-0.095113
83850	0.020313
83900	-0.072757
83950	0.020282
84000	0.093642
84050	-0.013343
84100	0.144696
84150	0.019365
84200	0.312028
84250	-0.018766
84300	0.178476
84350	-0.043990
84400	-0.125245
84450	-0.027881
84500	-0.112126
84550	0.039276
84600	-0.042746
84650	-0.195322
84700	0.172089
84750	-0.089688
84800	0.065553
84850	0.071766
84900	0.047714
84950	-0.000289
85000	-0.016970
85050	-0.180696
85100	0.277070
85150	-0.185041
85200	0.049186
85250	0.124908
85300	-0.106727
85350	0.203938
85400	0.362661
85450	0.105555
85500	0.141892
85550	0.208457
85600	-0.275245
85650	0.214017
85700	0.316537
85750	-0.081406
85800	0.152963
85850	0.085536
85900	-0.075814
85950	0.193042
86000	-0.072509
86050	0.155605
86100	0.053994
86150	0.354281
86200	0.109603
86250	0.078973
86300	0.281562
86350	-0.007268
86400	-0.136276
86450	0.048229
86500	-0.017253
86550	0.091396
86600	-0.068752
86650	0.152681
86700	0.087884
86750	0.078079
86800	-0.009738
86850	-0.045643
86900	-0.027090
86950	-0.258847
87000	0.077906
87050	0.038994
87100	-0.029862
87150	-0.127758
87200	-0.084731
87250	0.086929
87300	-0.034709
87350	-0.011122
87400	0.135047
87450	0.095454
87500	-0.015110
87550	0.119809
87600	0.201379
87650	0.195539
87700	0.015030
87750	0.148530
87800	0.115458
87850	0.048804
87900	0.063276
87950	0.136183
88000	-0.003078
88050	0.054538
88100	-0.045798
88150	0.027139
88200	0.060364
88250	0.183395
88300	0.061667
88350	-0.000482
88400	-0.045235
88450	-0.175067
88500	0.086290
88550	-0.095082
88600	-0.165690
88650	0.012772
88700	-0.118047
88750	0.069524
88800	0.007473
88850	0.035868
88900	0.172951
88950	0.016641
89000	0.038031
89050	0.146509
89100	-0.006245
89150	-0.051017
89200	0.157929
89250	-0.002335
89300	-0.208690
89350	0.181263
89400	-0.092814
89450	-0.053554
89500	0.083923
89550	-0.082746
89600	-0.162572
89650	-0.108041
89700	-0.066765
89750	0.267917
89800	0.249074
89850	0.121391
89900	-0.118655
89950	-0.248735
90000	-0.135192
90050	0.213330
90100	-0.265515
90150	-0.113541
90200	-0.056277
90250	-0.063030
90300	-0.047084
90350	-0.125865
90400	-0.150786
90450	0.038590
90500	-0.170859
90550	0.002238
90600	0.040799
90650	-0.165537
90700	0.275259
90750	0.138079
90800	-0.071438
90850	0.035316
90900	0.064712
90950	-0.143790
91000	-0.072045
91050	-0.154679
91100	0.035087
91150	-0.059712
91200	-0.005740
91250	-0.050208
91300	-0.158980
91350	-0.062737
91400	0.037893
91450	-0.122958
91500	-0.144481
91550	-0.115793
91600	-0.242265
91650	-0.052049
91700	0.107871
91750	-0.152804
91800	-0.129816
91850	0.213866
91900	-0.220591
91950	0.094870
92000	0.070045
92050	0.172580
92100	0.095023
92150	-0.011234
92200	0.064239
92250	0.024199
92300	-0.000354
92350	0.147524
92400	-0.000850
92450	0.281293
92500	0.067646
92550	0.367047
92600	0.104372
92650	0.062549
92700	0.192210
92750	0.168836
92800	0.265280
92850	0.188650
92900	0.047429
92950	0.002149
93000	0.150902
93050	-0.021208
93100	-0.217297
93150	-0.033782
93200	-0.003015
93250	0.094078
93300	0.079292
93350	0.162634
93400	0.095781
93450	-0.073614
93500	-0.147676
93550	-0.172739
93600	-0.010171
93650	-0.094733
93700	0.032759
93750	-0.245798
93800	-0.058592
93850	0.118036
93900	-0.003053
93950	-0.063890
94000	-0.132064
94050	0.115429
94100	-0.008342
94150	-0.253914
94200	0.088033
94250	-0.198513
94300	0.021207
94350	-0.109381
94400	-0.171846
94450	0.190437
94500	-0.091053
94550	0.102159
94600	0.103968
94650	0.026726
94700	-0.178201
94750	-0.086349
94800	0.213334
94850	0.256227
94900	0.188897
94950	0.228420
95000	0.141166
95050	-0.001762
95100	0.025124
95150	0.182711
95200	0.020786
95250	-0.032912
95300	-0.000553
95350	-0.260358
95400	-0.048062
95450	0.033553
95500	-0.021927
95550	0.030441
95600	0.200732
95650	-0.031014
95700	-0.068974
95750	0.009143
95800	-0.054655
95850	-0.189310
95900	0.011259
95950	0.092886
96000	0.053077
96050	0.087964
96100	0.072043
96150	0.265269
96200	-0.239003
96250	-0.128209
96300	-0.125388
96350	-0.002131
96400	0.164159
96450	0.064814
96500	0.229929
96550	0.134237
96600	0.115603
96650	0.088438
96700	0.063964
96750	0.063933
96800	0.066766
96850	0.256157
96900	-0.209854
96950	0.077464
97000	0.171635
97050	-0.006657
97100	0.247743
97150	0.164918
97200	0.179893
97250	-0.118592
97300	0.189951
97350	-0.046743
97400	0.145612
97450	-0.080093
97500	0.120276
97550	0.028219
97600	0.100103
97650	-0.068579
97700	0.265421
97750	0.005346
97800	-0.049556
97850	0.008844
97900	0.092043
97950	0.221409
98000	0.090558
98050	0.227660
98100	-0.109647
98150	-0.002872
98200	-0.066233
98250	0.208338
98300	-0.005598
98350	-0.050522
98400	0.138652
98450	-0.022396
98500	-0.082437
98550	0.004751
98600	-0.065547
98650	-0.189971
98700	-0.042962
98750	-0.094343
98800	-0.104554
98850	0.090075
98900	-0.225010
98950	-0.001662
99000	-0.029255
99050	0.168650
99100	0.021417
99150	0.021629
99200	-0.111766
99250	-0.063537
99300	0.212346
99350	-0.007110
99400	0.158408
99450	0.181841
99500	0.027916
99550	0.037269
99600	0.082534
99650	-0.078250
99700	0.064060
99750	-0.013446
99800	-0.016811
99850	0.208060
99900	-0.026697
99950	0.015610
100000	0.031145
100050	0.098905
100100	0.221505
100150	-0.075333
100200	-0.023538
100250	0.012439
100300	0.260548
100350	-0.068786
100400	-0.184124
100450	-0.032272
100500	0.042439
100550	-0.032785
100600	0.014025
100650	0.144281
100700	0.146446
100750	-0.016041
100800	-0.061647
100850	0.086708
100900	0.037756
100950	-0.100242
101000	-0.061912
101050	-0.129807
101100	-0.090999
101150	-0.075447
101200	-0.045043
101250	0.218330
101300	-0.134033
101350	-0.113002
101400	0.186392
101450	-0.108844
101500	0.065843
101550	0.159451
101600	-0.167683
101650	-0.008176
101700	-0.129755
101750	-0.024956
101800	-0.139025
101850	-0.175740
101900	-0.060038
101950	-0.045380
102000	-0.052202
102050	-0.051274
102100	-0.104699
102150	0.010307
102200	-0.014045
102250	-0.146791
102300	0.159843
102350	-0.033907
102400	0.161711
102450	0.360255
102500	0.116759
102550	0.093623
102600	0.231728
102650	0.086286
102700	0.144052
102750	-0.194187
102800	0.046034
102850	0.092731
102900	0.116455
102950	0.005288
103000	-0.105032
103050	0.196120
103100	-0.024368
103150	0.049382
103200	-0.011245
103250	-0.084513
103300	0.106832
103350	0.157690
103400	-0.155435
103450	0.101411
103500	0.158164
103550	-0.090109
103600	0.074598
103650	0.024983
103700	0.000002
103750	0.096093
103800	-0.199850
103850	0.143439
103900	0.019753
103950	0.231179
104000	0.036669
104050	0.094502
104100	-0.003555
104150	0.147570
104200	0.128175
104250	0.025888
104300	0.005287
104350	0.202084
104400	0.237613
104450	0.039116
104500	0.137074
104550	-0.004299
104600	0.190996
104650	-0.058935
104700	0.039805
104750	0.004736
104800	0.003489
104850	-0.041292
104900	0.179087
104950	0.045747
105000	-0.093789
105050	-0.288249
105100	0.020332
105150	0.173471
105200	0.173504
105250	-0.019816
105300	0.027844
105350	0.109337
105400	-0.188455
105450	-0.220300
105500	0.096014
105550	0.068654
105600	0.220376
105650	0.150910
105700	-0.006021
105750	-0.097903
105800	-0.059790
105850	0.092802
105900	0.229869
105950	0.083766
106000	0.072213
106050	0.008521
106100	-0.136269
106150	0.177703
106200	-0.211391
106250	0.118198
106300	-0.088917
106350	-0.054409
106400	-0.164820
106450	0.157030
106500	0.176230
106550	-0.029638
106600	0.221115
106650	-0.118637
106700	-0.068677
106750	-0.049124
106800	-0.111090
106850	0.092624
106900	-0.042684
106950	0.069046
107000	-0.205310
107050	-0.018051
107100	-0.054609
107150	0.167285
107200	0.270782
107250	0.126103
107300	-0.221908
107350	0.261714
107400	0.166741
107450	-0.026885
107500	-0.196970
107550	0.040488
107600	-0.002581
107650	-0.172230
107700	0.163712
107750	-0.098902
107800	-0.059314
107850	-0.221971
107900	-0.191144
107950	0.055792
108000	0.009421
108050	0.179845
108100	-0.013115
108150	-0.044347
108200	-0.066048
108250	-0.204725
108300	-0.154851
108350	-0.177944
108400	-0.065025
108450	-0.075775
108500	-0.221014
108550	0.024503
108600	-0.037054
108650	0.126468
108700	0.012798
108750	0.026818
108800	-0.202382
108850	-0.177124
108900	0.050483
108950	0.010420
109000	-0.111271
109050	-0.191439
109100	-0.043313
109150	0.135346
109200	0.069338
109250	-0.015901
109300	-0.286087
109350	-0.009013
109400	0.033678
109450	0.094248
109500	0.194607
109550	0.030862
109600	0.090323
109650	0.199999
109700	0.098346
109750	-0.096179
109800	0.177153
109850	0.030617
109900	-0.063852
109950	-0.117882
110000	-0.097340
110050	0.241677
110100	0.126069
110150	0.163550
110200	-0.112751
110250	-0.318498
110300	-0.271314
110350	0.095198
110400	-0.152169
110450	-0.139419
110500	-0.017393
110550	0.189925
110600	-0.071273
110650	0.252726
110700	0.213296
110750	-0.287451
110800	0.088191
110850	0.121890
110900	0.240400
110950	0.361002
111000	-0.062725
111050	-0.117315
111100	0.057721
111150	0.173398
111200	0.199128
111250	0.178767
111300	0.026201
111350	0.101235
111400	0.079369
111450	0.365996
111500	-0.092361
111550	0.023970
111600	0.113593
111650	-0.124220
111700	-0.159835
111750	-0.145686
111800	0.166955
111850	0.002462
111900	0.066204
111950	0.090675
112000	0.175065
112050	0.097197
112100	0.082369
112150	0.091997
112200	-0.213755
112250	0.232949
112300	-0.091591
112350	0.294868
112400	-0.008268
112450	-0.120361
112500	0.028944
112550	0.141376
112600	0.127493
112650	-0.181979
112700	0.273582
112750	0.273028
112800	0.013790
112850	0.069643
112900	0.220286
112950	0.283365
113000	-0.034316
113050	0.061712
113100	0.093904
113150	0.075006
113200	-0.018962
113250	-0.114481
113300	-0.088445
113350	-0.007506
113400	-0.090787
113450	0.076511
113500	-0.000966
113550	-0.246816
113600	-0.012187
113650	-0.025909
113700	-0.233252
113750	-0.041235
113800	-0.043820
113850	0.048723
113900	0.217267
113950	-0.014789
114000	0.188193
114050	0.149652
114100	0.018201
114150	-0.000062
114200	0.059532
114250	-0.053868
114300	0.122760
114350	-0.033297
114400	-0.226833
114450	0.084370
114500	0.048356
114550	0.156149
114600	0.491184
114650	-0.025041
114700	0.080918
114750	-0.037070
114800	0.026239
114850	-0.030988
114900	-0.100834
114950	0.034239
115000	0.008511
115050	0.085308
115100	0.207391
115150	-0.150132
115200	-0.066399
115250	-0.179262
115300	-0.004367
115350	0.184514
115400	-0.045297
115450	0.141197
115500	0.099542
115550	-0.239392
115600	-0.023947
115650	-0.106022
115700	-0.093771
115750	-0.058004
115800	-0.138968
115850	-0.113113
115900	-0.080022
115950	0.019172
116000	-0.083440
116050	0.108684
116100	0.005774
116150	-0.034420
116200	0.054839
116250	0.047600
116300	0.022139
116350	0.061995
116400	-0.059947
116450	0.159331
116500	0.131736
116550	-0.065458
116600	-0.085009
116650	0.051584
116700	0.031115
116750	0.154963
116800	0.096946
116850	0.045490
116900	0.036168
116950	-0.089401
117000	-0.194064
117050	-0.286676
117100	-0.105225
117150	-0.099882
117200	0.044837
117250	0.002680
117300	0.160975
117350	0.041241
117400	0.015640
117450	-0.083180
117500	0.043315
117550	-0.060227
117600	0.129452
117650	0.001916
117700	-0.122667
117750	0.194080
117800	0.134244
117850	0.032193
117900	0.072076
117950	0.010040
118000	0.179737
118050	-0.044572
118100	-0.230033
118150	-0.079286
118200	0.072666
118250	0.247160
118300	0.195507
118350	0.031348
118400	0.181614
118450	-0.162635
118500	-0.190931
118550	-0.114574
118600	0.036493
118650	0.256431
118700	0.081506
118750	-0.111684
118800	-0.137238
118850	-0.256758
118900	-0.060095
118950	-0.137422
119000	-0.111001
119050	-0.037390
119100	0.032786
119150	-0.064119
119200	0.052731
119250	0.104708
119300	-0.160922
119350	-0.080127
119400	-0.198158
119450	-0.194200
119500	-0.026172
119550	-0.073004
119600	-0.167775
119650	0.037707
119700	-0.136371
119750	-0.151074
119800	-0.140995
119850	0.050250
119900	0.140883
119950	0.294506
120000	0.227387
120050	0.044551
120100	0.121197
120150	0.066420
120200	0.035545
120250	0.167342
120300	-0.152986
120350	0.183520
120400	-0.001150
120450	0.194806
120500	0.053610
120550	-0.284080
120600	-0.096067
120650	0.166419
120700	0.128284
120750	-0.008634
120800	-0.142929
120850	-0.106306
120900	0.104506
120950	0.210912
121000	0.298207
121050	0.059630
121100	0.140022
121150	-0.264276
121200	0.302692
121250	-0.080128
121300	-0.077775
121350	-0.021377
121400	0.037134
121450	-0.020846
121500	-0.217039
121550	0.038694
121600	-0.082806
121650	0.020417
121700	0.016180
121750	0.075728
121800	-0.136442
121850	0.032674
121900	0.092136
121950	-0.040130
122000	0.000504
122050	-0.067897
122100	0.009104
122150	-0.103400
122200	0.047908
122250	0.172484
122300	-0.302860
122350	0.044097
122400	-0.009202
122450	0.115220
122500	-0.371519
122550	-0.027829
122600	0.003026
122650	-0.037212
122700	0.094923
122750	-0.182646
122800	-0.021182
122850	0.042190
122900	-0.108694
122950	-0.317912
123000	0.166580
123050	0.210431
123100	0.015749
123150	-0.038578
123200	-0.080384
123250	0.015629
123300	-0.038543
123350	0.118786
123400	-0.065877
123450	0.027765
123500	0.030247
123550	0.048349
123600	0.040329
123650	0.046478
123700	-0.017156
123750	-0.098472
123800	-0.271681
123850	-0.200226
123900	-0.239098
123950	-0.177891
124000	-0.058180
124050	-0.152636
124100	-0.107079
124150	0.122161
124200	-0.013425
124250	-0.122402
124300	0.163465
124350	0.200167
124400	-0.297466
124450	-0.054494
124500	0.155614
124550	-0.020938
124600	-0.150772
124650	0.039020
124700	0.042395
124750	-0.072783
124800	0.150267
124850	-0.012526
124900	-0.021481
124950	-0.054476
125000	0.069370
125050	0.033413
125100	-0.138592
125150	-0.082999
125200	-0.013927
125250	-0.024164
125300	-0.181716
125350	0.093001
125400	-0.057931
125450	-0.210641
125500	0.199580
125550	0.167037
125600	-0.057425
125650	0.088684
125700	0.028170
125750	0.155736
125800	-0.009660
125850	-0.115149
125900	-0.135433
125950	0.273132
126000	-0.158023
126050	-0.121622
126100	0.189034
126150	-0.047583
126200	0.277527
126250	0.017168
126300	0.239501
126350	-0.108253
126400	0.105752
126450	0.083150
126500	0.228866
126550	0.022650
126600	0.041381
126650	0.210807
126700	-0.082963
126750	-0.021753
126800	0.091137
126850	0.131850
126900	0.010798
126950	-0.087682
127000	-0.076636
127050	0.082045
127100	-0.047109
127150	-0.003494
127200	0.139326
127250	-0.027433
127300	-0.045547
127350	-0.103760
127400	-0.035945
127450	-0.077906
127500	0.016995
127550	-0.105640
127600	-0.103378
127650	-0.108595
127700	0.049935
127750	-0.143356
127800	-0.062456
127850	-0.028501
127900	-0.116758
127950	0.386908
128000	0.206875
128050	0.121300
128100	0.170614
128150	0.011465
128200	-0.288938
128250	-0.032182
128300	-0.014270
128350	0.186538
128400	-0.208568
128450	-0.151651
128500	0.018934
128550	0.112494
128600	-0.005223
128650	-0.017134
128700	0.192204
128750	-0.098840
128800	-0.004311
128850	0.014936
128900	0.396133
128950	0.130378
129000	0.163468
129050	0.023594
129100	0.021702
129150	0.083345
129200	-0.206293
129250	-0.000370
129300	0.108225
129350	0.085641
129400	-0.009666
129450	-0.055490
129500	0.009350
129550	0.056293
129600	-0.070068
129650	0.161568
129700	-0.044951
129750	0.093162
129800	0.203822
129850	-0.028629
129900	-0.059569
129950	-0.032540
130000	-0.001711
130050	0.188805
130100	0.168105
130150	-0.148303
130200	0.024477
130250	0.157588
130300	0.033394
130350	0.037019
130400	-0.068808
130450	-0.016169
130500	0.074020
130550	-0.057396
130600	0.322676
130650	0.097099
130700	-0.143693
130750	-0.163574
130800	-0.006806
130850	-0.015982
130900	-0.115160
130950	0.194858
131000	-0.057891
131050	0.010337
131100	0.328910
131150	0.331371
131200	0.185243
131250	0.048450
131300	0.313961
131350	0.053697
131400	-0.004885
131450	-0.036527
131500	-0.097859
131550	-0.158847
131600	0.116035
131650	0.011346
131700	-0.084124
131750	0.077598
131800	-0.096201
131850	-0.049219
131900	-0.001612
131950	-0.012985
132000	0.060079
132050	0.059237
132100	0.247550
132150	0.010964
132200	0.378807
132250	0.149935
132300	0.061117
132350	0.088853
132400	0.092351
132450	0.193352
132500	0.185739
132550	0.064433
132600	-0.021825
132650	0.222218
132700	-0.165995
132750	-0.339258
132800	0.011284
132850	-0.025031
132900	0.025710
132950	-0.055400
133000	-0.130948
133050	-0.045957
133100	-0.125643
133150	0.099501
133200	-0.200522
133250	0.047461
133300	-0.014099
133350	-0.074755
133400	-0.161333
133450	-0.299432
133500	0.276323
133550	0.128017
133600	-0.075418
133650	0.019231
133700	-0.128028
133750	-0.072076
133800	-0.180430
133850	-0.153820
133900	0.184134
133950	0.291585
134000	0.119928
134050	-0.057034
134100	-0.255280
134150	-0.160522
134200	-0.063793
134250	0.022200
134300	0.013172
134350	-0.358866
134400	-0.201131
134450	-0.093611
134500	0.134572
134550	-0.001411
134600	-0.024837
134650	0.017637
134700	-0.086911
134750	-0.028004
134800	-0.035542
134850	0.051502
134900	-0.072468
134950	0.135651
135000	-0.152782
135050	0.139309
135100	-0.004613
135150	-0.118883
135200	0.124169
135250	0.010113
135300	0.113237
135350	-0.103429
135400	0.081319
135450	0.109506
135500	-0.121543
135550	0.023752
135600	0.287002
135650	0.179015
135700	0.046689
135750	-0.122463
135800	0.359717
135850	0.010663
135900	0.117052
135950	0.187393
136000	-0.046560
136050	-0.071751
136100	0.055528
136150	-0.110160
136200	0.212743
136250	0.065179
136300	-0.252159
136350	-0.249071
136400	0.000450
136450	-0.165785
136500	0.124328
136550	0.195253
136600	0.133200
136650	0.100257
136700	0.017123
136750	0.157576
136800	-0.158314
136850	-0.132381
136900	0.310985
136950	0.077561
137000	-0.176125
137050	0.035799
137100	-0.080076
137150	0.098757
137200	-0.003495
137250	-0.022777
137300	-0.054131
137350	-0.083373
137400	-0.169340
137450	-0.025593
137500	-0.054912
137550	-0.136655
137600	0.080764
137650	0.127575
137700	0.087334
137750	0.096873
137800	0.126021
137850	0.136689
137900	0.231546
137950	0.102882
138000	0.112729
138050	0.036918
138100	-0.095121
138150	-0.155136
138200	0.071572
138250	0.136606
138300	-0.065208
138350	0.093079
138400	0.270583
138450	0.144132
138500	-0.011975
138550	-0.018525
138600	0.102866
138650	-0.080107
138700	0.031279
138750	-0.100903
138800	-0.076344
138850	0.015109
138900	0.069987
138950	-0.009355
139000	-0.158002
139050	-0.015311
139100	0.244293
139150	-0.185781
139200	-0.172340
139250	-0.073227
139300	0.071564
139350	0.260951
139400	0.010970
139450	0.040899
139500	0.095961
139550	0.160498
139600	0.204519
139650	0.054646
139700	0.082840
139750	-0.028172
139800	-0.220169
139850	-0.125725
139900	-0.130920
139950	0.070686
140000	-0.020972
140050	-0.016615
140100	-0.278494
140150	-0.079843
140200	0.097842
140250	0.018568
140300	0.083032
140350	0.112080
140400	-0.074805
140450	-0.067798
140500	-0.057951
140550	0.007812
140600	0.059872
140650	0.175778
140700	0.106006
140750	0.004681
140800	0.151644
140850	0.185682
140900	-0.179807
140950	0.116744
141000	0.090677
141050	0.270522
141100	0.121351
141150	0.054625
141200	0.194091
141250	0.060440
141300	0.115670
141350	0.150809
141400	-0.326030
141450	-0.071015
141500	-0.079335
141550	-0.045159
141600	-0.011789
141650	-0.232572
141700	-0.241004
141750	0.088761
141800	-0.173086
141850	0.002598
141900	0.021435
141950	-0.181882
142000	0.028394
142050	0.056499
142100	0.044023
142150	0.098511
142200	0.039020
142250	-0.051651
142300	0.004974
142350	-0.079216
142400	-0.043309
142450	-0.058836
142500	0.094530
142550	-0.181289
142600	-0.004287
142650	0.246784
142700	0.182388
142750	0.260180
142800	0.172541
142850	-0.078298
142900	-0.125661
142950	0.223985
143000	0.110168
143050	-0.005761
143100	-0.287492
143150	-0.207247
143200	-0.008856
143250	0.273084
143300	-0.088383
143350	-0.150128
143400	0.097871
143450	0.080403
143500	0.274787
143550	-0.118133
143600	0.130252
143650	-0.214717
143700	-0.075137
143750	-0.208436
143800	-0.088710
143850	-0.045279
143900	-0.033473
143950	-0.059606
144000	0.096439
144050	0.124187
144100	-0.203625
144150	0.163747
144200	-0.084783
144250	-0.169710
144300	0.062499
144350	-0.088363
144400	-0.090344
144450	-0.210778
144500	0.038331
144550	-0.013557
144600	-0.005960
144650	-0.091645
144700	0.098447
144750	-0.069901
144800	-0.326334
144850	-0.071733
144900	0.016997
144950	0.038742
145000	0.214223
145050	0.181301
145100	-0.180559
145150	-0.047158
145200	0.018961
145250	-0.168654
145300	0.098107
145350	-0.008761
145400	-0.029631
145450	-0.006431
145500	0.235346
145550	0.023005
145600	0.247493
145650	-0.172243
145700	-0.139639
145750	-0.121974
145800	0.033168
145850	-0.174411
145900	0.006953
145950	0.121059
146000	0.088687
146050	0.102601
146100	0.213240
146150	-0.051539
146200	-0.149666
146250	-0.080497
146300	-0.161991
146350	0.252763
146400	-0.174953
146450	0.129239
146500	0.294220
146550	0.014260
146600	0.026571
146650	0.158400
146700	-0.078979
146750	-0.000633
146800	0.108448
146850	-0.101542
146900	-0.116165
146950	0.103404
147000	0.035396
147050	-0.033426
147100	0.049296
147150	-0.087840
147200	0.028255
147250	-0.170907
147300	-0.110252
147350	0.140172
147400	0.016951
147450	-0.091923
147500	-0.086736
147550	0.154089
147600	0.065357
147650	0.114322
147700	0.118186
147750	-0.103478
147800	0.097351
147850	-0.168251
147900	-0.024061
147950	-0.235175
148000	-0.109012
148050	-0.070184
148100	-0.386103
148150	0.061810
148200	-0.101708
148250	-0.033982
148300	0.105984
148350	0.154515
148400	-0.245052
148450	-0.232212
148500	0.182059
148550	0.015640
148600	0.169561
148650	0.056508
148700	-0.271181
148750	-0.211248
148800	-0.241037
148850	0.069717
148900	-0.007751
148950	-0.029230
149000	-0.052931
149050	-0.131801
149100	0.087905
149150	-0.008440
149200	-0.059380
149250	0.024189
149300	-0.106100
149350	0.029854
149400	-0.121212
149450	-0.024951
149500	-0.027355
149550	0.107881
149600	0.117608
149650	0.177128
149700	0.015511
149750	0.217246
149800	0.077417
149850	-0.088396
149900	-0.115257
149950	-0.015462
150000	0.045542
150050	0.088741
150100	-0.144280
150150	0.054451
150200	0.135185
150250	0.049703
150300	0.088187
150350	0.072230
150400	0.287751
150450	-0.002764
150500	0.117052
150550	-0.110249
150600	0.205950
150650	0.175232
150700	-0.026876
150750	0.096775
150800	-0.044154
150850	0.061092
150900	0.024479
150950	0.022198
151000	0.028353
151050	0.256092
151100	0.008301
151150	0.053478
151200	0.043065
151250	0.205057
151300	-0.171767
151350	-0.065645
151400	-0.053709
151450	-0.189191
151500	0.005023
151550	0.126738
151600	-0.033511
151650	-0.080236
151700	-0.084486
151750	-0.082045
151800	0.122364
151850	-0.013925
151900	0.163198
151950	0.235963
152000	0.205340
152050	0.101732
152100	0.082348
152150	-0.222617
152200	-0.119567
152250	-0.045667
152300	0.006390
152350	-0.085058
152400	0.039756
152450	-0.157397
152500	0.066830
152550	0.143578
152600	-0.099485
152650	-0.082184
152700	0.060150
152750	-0.053578
152800	0.106119
152850	-0.148948
152900	-0.055190
152950	0.216041
153000	-0.184376
153050	0.062991
153100	0.002792
153150	-0.068578
153200	0.246965
153250	0.009250
153300	-0.069036
153350	0.102325
153400	0.114166
153450	-0.102752
153500	0.011659
153550	0.119445
153600	-0.143021
153650	-0.106645
153700	0.122272
153750	-0.175352
153800	0.151147
153850	-0.042429
153900	0.059889
153950	0.206235
154000	0.004710
154050	0.011176
154100	0.136468
154150	-0.080873
154200	0.134804
154250	0.239613
154300	-0.026666
154350	-0.150610
154400	0.022269
154450	0.041387
154500	-0.000637
154550	0.385472
154600	0.328308
154650	0.261222
154700	-0.080721
154750	0.201968
154800	-0.014228
154850	-0.040963
154900	-0.029586
154950	-0.098960
155000	-0.035450
155050	0.303902
155100	0.024378
155150	0.244218
155200	0.067574
155250	-0.014598
155300	-0.107926
155350	-0.202265
155400	0.143278
155450	-0.019009
155500	-0.109895
155550	-0.017615
155600	-0.170747
155650	0.003439
155700	-0.071721
155750	0.021130
155800	-0.069447
155850	-0.122710
155900	0.074825
155950	0.032723
156000	-0.184757
156050	-0.161954
156100	-0.102168
156150	0.146542
156200	0.133251
156250	0.122011
156300	-0.120569
156350	0.273857
156400	0.324484
156450	-0.030517
156500	0.079922
156550	0.194977
156600	-0.163931
156650	0.151248
156700	0.122367
156750	-0.123766
156800	-0.076649
156850	-0.096092
156900	-0.100396
156950	0.176752
157000	-0.119882
157050	0.046967
157100	0.107590
157150	-0.210871
157200	-0.005437
157250	0.087952
157300	-0.069006
157350	0.156825
157400	-0.034850
157450	-0.106203
157500	-0.050176
157550	-0.108414
157600	0.116061
157650	-0.322875
157700	0.190165
157750	-0.154847
157800	-0.036824
157850	-0.004054
157900	0.045820
157950	0.034330
158000	0.111025
158050	0.080071
158100	0.181967
158150	0.297278
158200	-0.082180
158250	0.063705
158300	0.004147
158350	0.028674
158400	-0.038716
158450	-0.006889
158500	0.125842
158550	0.247689
158600	0.008952
158650	0.041506
158700	0.032099
158750	-0.164186
158800	-0.160530
158850	-0.048096
158900	0.101180
158950	-0.135549
159000	0.101482
159050	0.022406
159100	0.129266
159150	-0.047314
159200	0.063161
159250	-0.032020
159300	0.084406
159350	0.231044
159400	-0.025524
159450	0.168252
159500	0.006695
159550	-0.157988
159600	-0.129689
159650	-0.206705
159700	0.112471
159750	-0.182407
159800	0.027807
159850	0.050419
159900	0.012054
159950	-0.003099
160000	-0.188843
160050	0.248757
160100	0.064901
160150	-0.035913
160200	-0.103776
160250	0.244849
160300	-0.085230
160350	-0.017809
160400	-0.291675
160450	0.087791
160500	0.098612
160550	0.023628
160600	0.183444
160650	-0.184636
160700	-0.213580
160750	-0.017188
160800	-0.277083
160850	0.029704
160900	-0.079847
160950	-0.193251
161000	0.071613
161050	-0.053686
161100	0.037639
161150	-0.002045
161200	0.226479
161250	0.149282
161300	0.222566
161350	0.060868
161400	-0.070806
161450	0.159172
161500	-0.014104
161550	-0.124324
161600	-0.090559
161650	-0.050362
161700	-0.168812
161750	0.041839
161800	0.148677
161850	-0.122338
161900	-0.108541
161950	0.039266
162000	0.251193
162050	0.057338
162100	0.057991
162150	-0.067984
162200	0.064821
162250	-0.173241
162300	0.060121
162350	-0.053634
162400	0.129823
162450	0.047419
162500	0.102714
162550	0.071795
162600	-0.124952
162650	0.062493
162700	-0.151617
162750	0.004195
162800	-0.057226
162850	-0.044674
162900	-0.033080
162950	-0.239711
163000	0.127200
163050	-0.074618
163100	0.099898
163150	0.351362
163200	-0.042961
163250	0.293935
163300	0.096712
163350	0.050839
163400	0.328241
163450	0.008565
163500	-0.232798
163550	-0.041195
163600	0.072223
163650	-0.126328
163700	-0.040848
163750	-0.099617
163800	-0.249530
163850	0.147378
163900	-0.083502
163950	0.197363
164000	-0.073102
164050	0.116768
164100	0.058401
164150	-0.316405
164200	-0.216244
164250	0.094269
164300	0.166670
164350	-0.168324
164400	0.011652
164450	-0.276520
164500	0.229698
164550	-0.074893
164600	0.003905
164650	0.034793
164700	0.089033
164750	0.056620
164800	-0.058432
164850	-0.285846
164900	-0.019124
164950	-0.189307
165000	0.004682
165050	-0.097682
165100	0.020709
165150	-0.131068
165200	0.037335
165250	0.080779
165300	0.053761
165350	-0.050283
165400	0.345273
165450	0.101651
165500	0.075142
165550	0.048482
165600	-0.048274
165650	-0.089592
165700	-0.097422
165750	0.265710
165800	-0.163450
165850	0.104104
165900	0.232542
165950	-0.142965
166000	0.341007
166050	0.043468
166100	0.200055
166150	-0.000311
166200	0.137601
166250	-0.014208
166300	-0.152317
166350	0.098583
166400	-0.128745
166450	0.205562
166500	-0.119086
166550	-0.202951
166600	-0.188816
166650	-0.180531
166700	-0.118763
166750	-0.120402
166800	0.026345
166850	0.073785
166900	0.111243
166950	-0.078428
167000	-0.022740
167050	-0.028037
167100	0.171853
167150	-0.029961
167200	0.065774
167250	-0.034816
167300	0.116039
167350	-0.056554
167400	0.224545
167450	-0.030631
167500	0.152513
167550	0.087404
167600	0.170173
167650	0.235887
167700	0.132912
167750	-0.116101
167800	-0.321910
167850	-0.280015
167900	0.219526
167950	0.162575
168000	0.099384
168050	0.184313
168100	0.212797
168150	0.034127
168200	-0.200197
168250	-0.191454
168300	0.081876
168350	0.036030
168400	-0.231501
168450	0.089348
168500	0.175910
168550	-0.006319
168600	-0.035271
168650	-0.061364
168700	-0.021567
168750	-0.173692
168800	-0.139923
168850	-0.153675
168900	-0.052035
168950	-0.174661
169000	-0.020954
169050	0.009306
169100	0.186221
169150	0.131315
169200	-0.013136
169250	-0.074854
169300	-0.066854
169350	0.043010
169400	-0.004548
169450	0.361725
169500	-0.063257
169550	0.093148
169600	-0.026315
169650	0.011223
169700	-0.073128
169750	-0.095293
169800	-0.164637
169850	0.159335
169900	0.027633
169950	0.138166
170000	0.072181
170050	0.195929
170100	0.059818
170150	-0.168868
170200	0.066083
170250	-0.173745
170300	0.216870
170350	0.080945
170400	0.194946
170450	0.062395
170500	0.112669
170550	0.042312
170600	0.209441
170650	0.188741
170700	0.078359
170750	0.008790
170800	0.092994
170850	0.087999
170900	0.544545
170950	0.195692
171000	0.041139
171050	0.113612
171100	-0.033595
171150	-0.032880
171200	0.058152
171250	0.083457
171300	0.135447
171350	0.175135
171400	0.093138
171450	-0.145469
171500	-0.136709
171550	0.021537
171600	0.046865
171650	-0.153375
171700	0.057898
171750	0.006322
171800	0.024075
171850	0.058482
171900	0.088524
171950	-0.025914
172000	0.244969
172050	0.210513
172100	0.018402
172150	0.075032
172200	0.018018
172250	0.156864
172300	0.127719
172350	0.033934
172400	-0.070984
172450	-0.266820
172500	-0.209602
172550	-0.198027
172600	0.017178
172650	0.043051
172700	0.060376
172750	0.070543
172800	0.087758
172850	-0.247407
172900	-0.103405
172950	0.037613
173000	0.309409
173050	0.092882
173100	-0.098665
173150	0.070843
173200	0.132616
173250	0.048627
173300	0.250704
173350	0.024778
173400	0.012958
173450	0.106871
173500	0.077682
173550	-0.016982
173600	0.042562
173650	0.199046
173700	0.113353
173750	0.051487
173800	0.031132
173850	0.051122
173900	-0.070051
173950	0.027957
174000	-0.042122
174050	0.113671
174100	0.126690
174150	-0.034164
174200	-0.213985
174250	-0.042919
174300	-0.058992
174350	-0.309158
174400	-0.008452
174450	-0.061800
174500	-0.017615
174550	-0.086771
174600	-0.152057
174650	-0.068127
174700	-0.045925
174750	0.281978
174800	-0.133135
174850	0.133677
174900	-0.091295
174950	0.168033
175000	-0.063247
175050	-0.011176
175100	-0.117310
175150	-0.006272
175200	0.035791
175250	-0.142898
175300	-0.025042
175350	-0.038209
175400	-0.117423
175450	0.026093
175500	0.000122
175550	-0.009886
175600	0.046589
175650	0.089941
175700	-0.136603
175750	-0.065318
175800	-0.307753
175850	-0.176526
175900	-0.085619
175950	-0.075390
176000	-0.302755
176050	-0.155670
176100	-0.124744
176150	-0.241461
176200	-0.227421
176250	-0.082586
176300	0.030383
176350	-0.084384
176400	0.189891
176450	0.096041
176500	0.094783
176550	0.111646
176600	0.128074
176650	-0.219919
176700	0.005656
176750	0.155947
176800	-0.239294
176850	0.248706
176900	-0.024978
176950	-0.048463
177000	-0.065064
177050	0.028254
177100	0.054515
177150	0.017914
177200	0.110677
177250	-0.268216
177300	-0.000304
177350	-0.318096
177400	-0.208732
177450	0.089643
177500	-0.034988
177550	-0.076474
177600	-0.028514
177650	-0.196553
177700	0.145690
177750	-0.052573
177800	-0.142599
177850	0.049850
177900	0.122756
177950	0.274778
178000	0.014062
178050	-0.170031
178100	-0.074498
178150	-0.009728
178200	-0.048688
178250	0.269186
178300	0.036978
178350	0.148358
178400	0.151110
178450	-0.027114
178500	-0.016012
178550	0.106551
178600	0.572677
178650	0.035577
178700	-0.112836
178750	0.128121
178800	-0.154155
178850	0.218102
178900	-0.015180
178950	-0.272627
179000	-0.035864
179050	0.159827
179100	-0.126191
179150	-0.074153
179200	-0.062870
179250	-0.005469
179300	-0.058408
179350	0.079266
179400	0.150217
179450	-0.027849
179500	0.094815
179550	-0.235974
179600	0.041528
179650	-0.156978
179700	0.055725
179750	-0.143996
179800	-0.093571
179850	-0.211331
179900	-0.036683
179950	0.090756
180000	-0.077949
180050	-0.081425
180100	0.004779
180150	0.026785
180200	-0.035844
180250	0.026295
180300	0.166114
180350	-0.138794
180400	-0.060568
180450	0.001285
180500	0.031062
180550	0.134587
180600	0.196283
180650	0.034840
180700	-0.005528
180750	-0.127635
180800	-0.152743
180850	0.221628
180900	0.116816
180950	0.017180
181000	-0.068224
181050	0.351373
181100	-0.124385
181150	0.037852
181200	0.472917
181250	-0.004868
181300	0.065456
181350	-0.065135
181400	0.114728
181450	0.104100
181500	0.049314
181550	-0.198527
181600	0.093420
181650	0.177420
181700	-0.036374
181750	-0.009957
181800	0.064908
181850	0.063348
181900	0.045878
181950	0.058826
182000	-0.164458
182050	-0.161530
182100	0.187592
182150	0.192562
182200	0.243177
182250	-0.068405
182300	-0.087666
182350	-0.224852
182400	-0.129986
182450	0.095448
182500	0.138145
182550	0.235108
182600	0.156568
182650	0.151532
182700	0.070967
182750	0.112398
182800	0.116129
182850	0.025853
182900	-0.071605
182950	0.122269
183000	0.108577
183050	-0.195518
183100	-0.021483
183150	0.085228
183200	-0.017691
183250	0.089719
183300	0.127745
183350	0.265759
183400	0.187704
183450	0.156206
183500	0.091961
183550	-0.072659
183600	0.149407
183650	-0.118673
183700	0.063984
183750	-0.093829
183800	-0.075265
183850	-0.183837
183900	0.011807
183950	0.028351
184000	-0.177726
184050	0.084484
184100	0.060855
184150	0.106582
184200	-0.098948
184250	0.125783
184300	-0.068560
184350	0.077991
184400	0.213643
184450	0.078942
184500	0.254524
184550	0.223109
184600	0.038646
184650	0.139735
184700	-0.083905
184750	0.023004
184800	-0.011769
184850	-0.023649
184900	-0.018168
184950	-0.096638
185000	-0.093564
185050	-0.086220
185100	-0.040891
185150	0.148296
185200	-0.002122
185250	-0.087770
185300	-0.179330
185350	-0.091468
185400	-0.299708
185450	0.082079
185500	-0.192869
185550	-0.229864
185600	-0.084763
185650	0.039461
185700	0.014545
185750	-0.213691
185800	-0.116726
185850	0.048763
185900	0.129165
185950	0.055383
186000	0.118419
186050	0.253101
186100	-0.122952
186150	0.038803
186200	0.041530
186250	0.157774
186300	0.213770
186350	0.167446
186400	0.039155
186450	-0.320113
186500	-0.035284
186550	0.344405
186600	-0.092433
186650	0.030215
186700	-0.082716
186750	0.091512
186800	-0.132337
186850	-0.179680
186900	-0.094273
186950	0.084935
187000	-0.015440
187050	0.087204
187100	0.087669
187150	-0.028060
187200	-0.118624
187250	-0.064659
187300	-0.049090
187350	-0.146082
187400	0.104230
187450	-0.100820
187500	-0.088545
187550	0.021197
187600	0.010288
187650	-0.033893
187700	-0.032138
187750	-0.031214
187800	0.104630
187850	-0.105954
187900	0.235474
187950	-0.104499
188000	0.094285
188050	-0.057078
188100	-0.167310
188150	0.030203
188200	0.050548
188250	-0.028013
188300	0.123660
188350	0.004227
188400	0.104685
188450	0.062367
188500	0.069342
188550	-0.011137
188600	-0.144206
188650	-0.086540
188700	0.037583
188750	-0.029689
188800	-0.393382
188850	-0.022363
188900	0.116952
188950	0.050587
189000	-0.058737
189050	-0.251250
189100	-0.198559
189150	0.261189
189200	0.173937
189250	0.112874
189300	-0.032078
189350	-0.326345
189400	-0.193490
189450	0.258865
189500	-0.079823
189550	-0.039456
189600	0.170402
189650	0.094962
189700	0.113078
189750	-0.047475
189800	-0.024127
189850	0.195183
189900	0.011613
189950	-0.083563
190000	-0.001173
190050	0.100820
190100	-0.126130
190150	0.197452
190200	-0.103366
190250	-0.083972
190300	-0.076298
190350	0.011879
190400	-0.129282
190450	0.226372
190500	-0.120198
190550	0.043121
190600	-0.064413
190650	0.003015
190700	0.159451
190750	0.012250
190800	0.047407
190850	0.011147
190900	-0.067860
190950	0.155207
191000	0.231767
191050	0.259381
191100	-0.034719
191150	-0.059883
191200	-0.064076
191250	0.082531
191300	0.341883
191350	0.011501
191400	0.060819
191450	-0.180912
191500	-0.087659
191550	-0.107040
191600	0.022153
191650	0.039517
191700	0.113888
191750	-0.096332
191800	-0.117777
191850	-0.228717
191900	-0.113648
191950	-0.034997
192000	-0.006253
192050	0.161990
192100	-0.035018
192150	0.024040
192200	0.019062
192250	0.024846
192300	-0.009925
192350	0.125621
192400	0.240001
192450	0.106800
192500	0.118413
192550	-0.199820
192600	-0.186405
192650	-0.060095
192700	-0.264234
192750	0.066216
192800	-0.229402
192850	-0.190573
192900	0.117998
192950	0.167610
193000	0.065825
193050	-0.107780
193100	0.050465
193150	-0.050464
193200	0.262044
193250	0.254457
193300	0.196615
193350	0.067552
193400	0.166620
193450	0.314906
193500	0.014710
193550	-0.061281
193600	0.178880
193650	0.010001
193700	0.068367
193750	-0.064740
193800	-0.028102
193850	-0.107853
193900	-0.253485
193950	-0.113247
194000	0.008930
194050	0.112058
194100	0.113854
194150	0.084442
194200	-0.028372
194250	0.043470
194300	-0.309255
194350	-0.192990
194400	-0.070814
194450	-0.031236
194500	-0.037958
194550	0.321300
194600	-0.345613
194650	0.074282
194700	0.021747
194750	-0.104980
194800	-0.096506
194850	0.026637
194900	0.180561
194950	0.004362
195000	-0.057644
195050	-0.029339
195100	0.113570
195150	-0.142072
195200	0.102496
195250	0.211432
195300	-0.117657
195350	-0.117261
195400	0.071261
195450	0.209627
195500	-0.107347
195550	-0.030346
195600	-0.033901
195650	0.139100
195700	-0.004734
195750	0.391248
195800	0.135449
195850	0.028770
195900	0.035356
195950	0.095709
196000	-0.009250
196050	-0.058864
196100	0.134661
196150	0.030000
196200	-0.125595
196250	-0.180992
196300	0.049952
196350	0.105160
196400	-0.033308
196450	-0.150477
196500	0.014277
196550	0.095318
196600	0.118199
196650	0.012175
196700	0.056315
196750	0.048421
196800	-0.094420
196850	-0.383270
196900	0.089886
196950	0.148791
197000	0.096562
197050	-0.164627
197100	-0.011285
197150	0.061170
197200	0.073507
197250	0.226704
197300	-0.001195
197350	0.187643
197400	0.231692
197450	0.107970
197500	-0.127102
197550	-0.120101
197600	0.085785
197650	-0.081100
197700	0.180141
197750	-0.178781
197800	-0.025046
197850	-0.153466
197900	0.150692
197950	0.118954
198000	-0.147057
198050	-0.100979
198100	0.179696
198150	-0.246443
198200	0.253561
198250	-0.044592
198300	0.215984
198350	-0.059464
198400	-0.024548
198450	-0.124567
198500	-0.274134
198550	0.109476
198600	0.083329
198650	0.064734
198700	-0.132677
198750	0.054258
198800	0.007223
198850	-0.073412
198900	-0.171992
198950	-0.026119
199000	0.109661
199050	0.018707
199100	-0.102601
199150	0.149040
199200	0.182820
199250	0.148483
199300	-0.142628
199350	-0.022957
199400	0.109807
199450	0.024636
199500	-0.016315
199550	0.142783
199600	-0.069936
199650	0.015758
199700	0.104472
199750	-0.281602
199800	-0.201316
199850	-0.111544
199900	0.109336
199950	0.056196
