# Time-averaged data for fix rgnetA
# TimeStep c_gyrA
10000 30.5931
20000 30.5945
30000 30.5976
40000 30.5942
50000 30.5857
60000 30.575
70000 30.5674
80000 30.5565
90000 30.5456
100000 30.5354
110000 30.5269
120000 30.5187
130000 30.5093
140000 30.5014
150000 30.4935
160000 30.4866
170000 30.4824
180000 30.4788
190000 30.4782
200000 30.4798
210000 30.4814
220000 30.4839
230000 30.4858
240000 30.4868
250000 30.4877
260000 30.4889
270000 30.4899
280000 30.4916
290000 30.4929
300000 30.4953
310000 30.4972
320000 30.4978
330000 30.4982
340000 30.4985
350000 30.4983
360000 30.4988
370000 30.4993
380000 30.5004
390000 30.5015
400000 30.5023
410000 30.5034
420000 30.5043
430000 30.5062
440000 30.5085
450000 30.5102
460000 30.5116
470000 30.5117
480000 30.5111
490000 30.5108
500000 30.511
510000 30.5115
520000 30.512
530000 30.5119
540000 30.5118
550000 30.511
560000 30.5103
570000 30.5095
580000 30.5085
590000 30.5077
600000 30.5068
610000 30.5064
620000 30.5067
630000 30.5071
640000 30.5078
650000 30.5084
660000 30.5088
670000 30.5087
680000 30.5085
690000 30.5085
700000 30.5094
710000 30.5099
720000 30.5104
730000 30.5112
740000 30.5123
750000 30.5134
760000 30.5149
770000 30.5169
780000 30.519
790000 30.5205
800000 30.5218
810000 30.523
820000 30.5244
830000 30.5263
840000 30.5279
850000 30.5294
860000 30.5309
870000 30.5319
880000 30.5334
890000 30.535
900000 30.5366
910000 30.5383
920000 30.5399
930000 30.5415
940000 30.543
950000 30.5442
960000 30.5454
970000 30.5465
980000 30.5473
990000 30.548
1000000 30.549
1010000 30.5501
1020000 30.5511
1030000 30.5521
1040000 30.5534
1050000 30.5546
1060000 30.556
1070000 30.5575
1080000 30.559
1090000 30.5603
1100000 30.5617
1110000 30.563
1120000 30.5639
1130000 30.5645
1140000 30.5651
1150000 30.5652
1160000 30.5653
1170000 30.5653
1180000 30.5653
1190000 30.5658
1200000 30.5665
1210000 30.5673
1220000 30.5682
1230000 30.5689
1240000 30.5693
1250000 30.57
1260000 30.5707
1270000 30.5718
1280000 30.573
1290000 30.574
1300000 30.5748
1310000 30.5756
1320000 30.5763
1330000 30.5769
1340000 30.5778
1350000 30.5789
1360000 30.5799
1370000 30.5812
1380000 30.5826
1390000 30.5841
1400000 30.5856
1410000 30.5872
1420000 30.5888
1430000 30.5903
1440000 30.592
1450000 30.5936
1460000 30.5953
1470000 30.5969
1480000 30.5984
1490000 30.6001
1500000 30.6019
1510000 30.6036
1520000 30.6053
1530000 30.6071
1540000 30.609
1550000 30.611
1560000 30.6131
1570000 30.6152
1580000 30.6173
1590000 30.6192
1600000 30.6211
1610000 30.6229
1620000 30.6249
1630000 30.6269
1640000 30.6287
1650000 30.6304
1660000 30.6322
1670000 30.6338
1680000 30.6357
1690000 30.6377
1700000 30.6397
1710000 30.6413
1720000 30.6429
1730000 30.6443
1740000 30.6458
1750000 30.6471
1760000 30.6483
1770000 30.6496
1780000 30.6509
1790000 30.6522
1800000 30.6533
1810000 30.6543
1820000 30.6554
1830000 30.6563
1840000 30.6574
1850000 30.6587
1860000 30.6599
1870000 30.6611
1880000 30.6622
1890000 30.6632
1900000 30.6642
1910000 30.6649
1920000 30.6655
1930000 30.6661
1940000 30.6665
1950000 30.6671
1960000 30.6679
1970000 30.6689
1980000 30.6701
1990000 30.6711
2000000 30.6724
2010000 30.6734
2020000 30.6743
2030000 30.6753
2040000 30.6761
2050000 30.6767
2060000 30.6774
2070000 30.6782
2080000 30.6789
2090000 30.6795
2100000 30.68
2110000 30.6805
2120000 30.6808
2130000 30.6813
2140000 30.6818
2150000 30.6826
2160000 30.6835
2170000 30.6844
2180000 30.6854
2190000 30.6864
2200000 30.6874
2210000 30.6882
2220000 30.6892
2230000 30.69
2240000 30.6908
2250000 30.6917
2260000 30.6925
2270000 30.6932
2280000 30.6941
2290000 30.695
2300000 30.696
2310000 30.6969
2320000 30.6976
2330000 30.6983
2340000 30.6989
2350000 30.6994
2360000 30.7
2370000 30.7007
2380000 30.7013
2390000 30.7019
2400000 30.7023
2410000 30.7028
2420000 30.7032
2430000 30.7039
2440000 30.7048
2450000 30.7057
2460000 30.7065
2470000 30.7075
2480000 30.7085
2490000 30.7095
2500000 30.7103
2510000 30.711
2520000 30.712
2530000 30.713
2540000 30.7141
2550000 30.7151
2560000 30.7161
2570000 30.7171
2580000 30.7184
2590000 30.7196
2600000 30.7206
2610000 30.7214
2620000 30.7222
2630000 30.723
2640000 30.724
2650000 30.7252
2660000 30.7263
2670000 30.7273
2680000 30.7283
2690000 30.7291
2700000 30.73
2710000 30.731
2720000 30.7321
2730000 30.7332
2740000 30.7344
2750000 30.7357
2760000 30.737
2770000 30.7381
2780000 30.7393
2790000 30.7404
2800000 30.7416
2810000 30.7428
2820000 30.744
2830000 30.7452
2840000 30.7463
2850000 30.7473
2860000 30.7483
2870000 30.7493
2880000 30.7502
2890000 30.7511
2900000 30.7521
2910000 30.7533
2920000 30.7544
2930000 30.7556
2940000 30.7568
2950000 30.758
2960000 30.7592
2970000 30.7603
2980000 30.7613
2990000 30.7624
3000000 30.7634
3010000 30.7643
3020000 30.7652
3030000 30.7662
3040000 30.7673
3050000 30.7682
3060000 30.7691
3070000 30.77
3080000 30.7709
3090000 30.7718
3100000 30.7729
3110000 30.7739
3120000 30.7751
3130000 30.7762
3140000 30.7774
3150000 30.7785
3160000 30.7794
3170000 30.7804
3180000 30.7814
3190000 30.7825
3200000 30.7835
3210000 30.7846
3220000 30.7856
3230000 30.7866
3240000 30.7875
3250000 30.7885
3260000 30.7895
3270000 30.7904
3280000 30.7912
3290000 30.792
3300000 30.7928
3310000 30.7935
3320000 30.7942
3330000 30.795
3340000 30.7957
3350000 30.7963
3360000 30.7968
3370000 30.7973
3380000 30.7977
3390000 30.7981
3400000 30.7986
3410000 30.7993
3420000 30.8
3430000 30.8007
3440000 30.8016
3450000 30.8024
3460000 30.8032
3470000 30.804
3480000 30.8047
3490000 30.8054
3500000 30.806
3510000 30.8065
3520000 30.807
3530000 30.8077
3540000 30.8084
3550000 30.8091
3560000 30.8099
3570000 30.8106
3580000 30.8114
3590000 30.8121
3600000 30.8128
3610000 30.8136
3620000 30.8143
3630000 30.8151
3640000 30.8159
3650000 30.8166
3660000 30.8175
3670000 30.8184
3680000 30.8193
3690000 30.8201
3700000 30.8209
3710000 30.8217
3720000 30.8224
3730000 30.8232
3740000 30.8239
3750000 30.8246
3760000 30.8253
3770000 30.826
3780000 30.8266
3790000 30.8273
3800000 30.828
3810000 30.8287
3820000 30.8295
3830000 30.8301
3840000 30.8306
3850000 30.8313
3860000 30.8319
3870000 30.8326
3880000 30.8332
3890000 30.8338
3900000 30.8344
3910000 30.8351
3920000 30.8358
3930000 30.8366
3940000 30.8374
3950000 30.8382
3960000 30.8389
3970000 30.8397
3980000 30.8405
3990000 30.8414
4000000 30.8422
4010000 30.8431
4020000 30.844
4030000 30.8448
4040000 30.8455
4050000 30.8462
4060000 30.8468
4070000 30.8473
4080000 30.8479
4090000 30.8484
4100000 30.8489
4110000 30.8495
4120000 30.8501
4130000 30.8506
4140000 30.8512
4150000 30.8517
4160000 30.8522
4170000 30.8527
4180000 30.8533
4190000 30.8538
4200000 30.8545
4210000 30.8552
4220000 30.8559
4230000 30.8565
4240000 30.8571
4250000 30.8577
4260000 30.8582
4270000 30.8587
4280000 30.8593
4290000 30.86
4300000 30.8607
4310000 30.8616
4320000 30.8624
4330000 30.8633
4340000 30.864
4350000 30.8647
4360000 30.8652
4370000 30.8659
4380000 30.8666
4390000 30.8675
4400000 30.8683
4410000 30.8691
4420000 30.8698
4430000 30.8703
4440000 30.871
4450000 30.8716
4460000 30.8722
4470000 30.8728
4480000 30.8735
4490000 30.8742
4500000 30.8747
4510000 30.8753
4520000 30.8758
4530000 30.8764
4540000 30.8771
4550000 30.8778
4560000 30.8785
4570000 30.8793
4580000 30.88
4590000 30.8807
4600000 30.8812
4610000 30.8819
4620000 30.8825
4630000 30.883
4640000 30.8837
4650000 30.8843
4660000 30.8849
4670000 30.8856
4680000 30.8863
4690000 30.887
4700000 30.8876
4710000 30.8881
4720000 30.8887
4730000 30.8892
4740000 30.8898
4750000 30.8904
4760000 30.8911
4770000 30.8918
4780000 30.8925
4790000 30.8931
4800000 30.8938
4810000 30.8944
4820000 30.895
4830000 30.8955
4840000 30.896
4850000 30.8965
4860000 30.8971
4870000 30.8977
4880000 30.8982
4890000 30.8986
4900000 30.8992
4910000 30.8997
4920000 30.9002
4930000 30.9007
4940000 30.9012
4950000 30.9017
4960000 30.9022
4970000 30.9028
4980000 30.9034
4990000 30.9039
5000000 30.9044
5010000 30.9051
5020000 30.9057
5030000 30.9064
5040000 30.9071
5050000 30.9076
5060000 30.9082
5070000 30.9088
5080000 30.9095
5090000 30.9102
5100000 30.9109
5110000 30.9117
5120000 30.9124
5130000 30.913
5140000 30.9135
5150000 30.914
5160000 30.9144
5170000 30.915
5180000 30.9156
5190000 30.9161
5200000 30.9167
5210000 30.9172
5220000 30.9177
5230000 30.9182
5240000 30.9187
5250000 30.9193
5260000 30.9198
5270000 30.9203
5280000 30.9208
5290000 30.9213
5300000 30.9219
5310000 30.9224
5320000 30.9231
5330000 30.9237
5340000 30.9243
5350000 30.925
5360000 30.9256
5370000 30.9261
5380000 30.9267
5390000 30.9271
5400000 30.9275
5410000 30.9279
5420000 30.9283
5430000 30.9287
5440000 30.9291
5450000 30.9294
5460000 30.9298
5470000 30.9301
5480000 30.9305
5490000 30.9308
5500000 30.9312
5510000 30.9315
5520000 30.9319
5530000 30.9323
5540000 30.9327
5550000 30.9331
5560000 30.9336
5570000 30.934
5580000 30.9345
5590000 30.935
5600000 30.9356
5610000 30.9361
5620000 30.9367
5630000 30.9372
5640000 30.9378
5650000 30.9383
5660000 30.9388
5670000 30.9393
5680000 30.9398
5690000 30.9403
5700000 30.9409
5710000 30.9415
5720000 30.942
5730000 30.9425
5740000 30.943
5750000 30.9434
5760000 30.944
5770000 30.9446
5780000 30.9452
5790000 30.9457
5800000 30.9462
5810000 30.9467
5820000 30.9473
5830000 30.9478
5840000 30.9483
5850000 30.9488
5860000 30.9493
5870000 30.9499
5880000 30.9504
5890000 30.951
5900000 30.9516
5910000 30.9522
5920000 30.9527
5930000 30.9532
5940000 30.9537
5950000 30.9543
5960000 30.9548
5970000 30.9553
5980000 30.9557
5990000 30.9562
6000000 30.9566
